[0.2732332622432971, 0.47697677366229235, 0.1802391640937404, 0.0, 0.0, 0.8567806318513504, 0.21012940880347625, 0.0, 0.0, 0.7478328404900965, 0.0, 0.7380839254828045, 0.6137872689839977, 0.1, 0.8713967158540994, 0.44397368157117945, 0.3246765154445992, 0.31481159518156643, 0.1563235534012258, 0.0, 0.3191542555429332]
[0.24575034317189415, 0.3200792972590983, 0.36660237549507324, 0.8145873061129955, 0.29675112933997505, 0.0, 0.16746983409453362, 0.5545576278911826, 0.0, 0.16746983409453362, 0.28470600233080157, 1.3029216032558935, 2.8308936693047793, 1.2533248580139613, 0.32865647540457665, 0.9500858341878807, 0.2109453763789731, 0.2377192072150332, 0.4008490960100776, 0.0, 0.12181808624438256]
[0.0, 0.0, 0.0, 0.20271266080484385, 0.342485959623519, 0.9605121607527333, 1.5341485846132201, 0.40432815376671666, 0.5265020000556241, 1.191662624989701, 0.3775745744771225, 0.5377034316866202, 0.8945012803190402, 0.17205937101583024, 0.3219682761308508, 0.8335324321913915, 0.5586362924677809, 0.0, 0.0, 0.5998071715793186, 0.532920204047373]
[0.0, 0.0, 0.0, 0.18259529703347965, 2.356257525936911, 0.0, 0.3927247058369559, 0.0, 0.0, 0.45638397523698115, 0.371976043872383, 0.45638397523698115, 0.4687797508686365, 0.775960468905285, 0.6434680705861431, 1.2384557715648428, 0.0, 0.0, 0.0, 0.0, 0.0]
[0.0, 0.0, 0.6073345091337158, 0.0, 0.0, 0.0, 0.5099557937180527, 0.28470600233080157, 0.0, 0.0, 0.0, 0.0, 0.0, 0.5479057308090592, 0.0, 0.5127009471295753, 0.3150132736233227, 0.0, 0.3150132736233227, 0.0, 0.12181808624438256]
[0.0, 0.6866789274173954, 0.40170712860903646, 0.6614514487957001, 0.0, 0.0, 1.191662624989701, 0.9166545014404841, 0.27594353283362233, 0.0, 1.1224826661397977, 0.45638397523698115, 0.0, 0.4315030546332252, 0.0, 0.36536751493843617, 0.7796424716329184, 0.0, 0.0, 0.0, 0.0]
[0.0, 0.0, 0.0, 0.32589303178141144, 0.49826093655896964, 0.0, 0.24329773474793176, 0.33818717118508923, 0.12114720560242874, 0.29445114092430974, 0.9272239104905596, 0.12114720560242874, 0.3714118989397993, 0.6477788390724708, 0.0, 0.0, 0.0, 0.0, 0.3150132736233227, 0.0, 0.5273913717017599]
[0.0, 0.0, 2.086582490518935, 0.0, 0.0, 0.0, 0.47594038237256825, 0.0, 0.47594038237256825, 0.0, 0.0, 0.0, 1.6064209635985127, 0.1709575117458007, 0.20333803306454334, 0.0, 0.1709575117458007, 0.39078367714411744, 0.0, 0.0, 0.1874456440795741]
[0.0, 0.0, 0.22833381830636781, 0.0, 0.0, 0.0, 0.22796442116771015, 1.4116964520919295, 0.2761725202650684, 0.5061352375099192, 0.3156573698908395, 0.5874762642884079, 0.28750481490513263, 0.3113037440233395, 0.0, 0.5782423010560722, 0.0, 0.9506012615354413, 0.0, 0.27320623651309467, 0.0]
[0.0, 0.0, 0.0, 0.14329773474793175, 0.0, 0.0, 0.1, 0.0, 1.0414892324611842, 0.1944511409243098, 0.0, 0.15163169051682365, 0.0, 0.0, 0.0, 0.37983643709796, 0.0, 0.0, 0.8178105796880066, 0.0, 0.0]
[0.0, 0.0, 0.0, 0.0, 0.7546023706347866, 0.0, 0.27974835848196483, 0.0, 0.33890728739212367, 1.1496449575357968, 0.0, 0.7286318286973453, 0.3885029408675508, 0.4822612557691402, 0.8353492105106233, 0.3885029408675508, 0.6320111774460799, 0.1874456440795741, 0.0, 0.66717240016354, 0.0]
[0.47364454136119805, 0.8861704835860954, 0.0, 0.0, 0.0, 0.5551470051205802, 0.22796442116771015, 0.5551470051205802, 1.5523925512313097, 0.20425916775309552, 0.5587632399578806, 1.2477633115132445, 0.0, 1.961483426801479, 0.0, 0.5136753505176074, 0.39620603154638145, 0.40598772832578284, 0.15510639484941804, 0.7499394608553164, 0.0]
[0.0, 0.0, 0.0, 0.1587847325553978, 0.0, 0.0, 0.0, 0.1, 0.0, 0.2174025428780722, 0.5472198801897037, 0.24816386906673782, 0.5472198801897037, 0.5590898631150137, 0.0, 0.22466628612162973, 0.9429371714943559, 0.0, 0.0, 0.0, 0.0]
[1.4066377088144861, 0.0, 0.0, 0.7663543257055424, 1.2012784799535425, 0.0, 0.27974835848196483, 2.4440475487589404, 0.6734879345729691, 0.0, 0.469512893187411, 0.538839814933941, 2.1252553497376585, 0.0, 0.0, 0.8960796051727627, 0.0, 0.22549586546829295, 0.15510639484941804, 0.18049186285748986, 0.0]
[0.0, 0.0, 0.0, 0.0, 1.6741177778095349, 0.0, 0.0, 1.1673221188815106, 0.0, 0.0, 0.5587632399578806, 0.32244890948620913, 0.5472198801897037, 1.4688585321863594, 0.0, 0.14038510085783426, 0.0, 0.0, 0.0, 0.0, 0.0]
[0.0, 1.0558375506680773, 0.0, 0.0, 0.0, 1.4694463517894005, 0.378113279447545, 0.2337140598319247, 0.474096996075787, 0.17198413600367315, 0.38184008637367334, 0.17198413600367315, 0.38184008637367334, 0.5322863547743341, 0.0, 0.33681014579317237, 0.0, 0.0, 0.09999999999999999, 0.0, 0.6864808407300776]
[0.0, 0.9348810980029052, 0.0, 1.7696663441860132, 0.0, 0.0, 0.0, 1.345414431747486, 0.5917578927380441, 2.0941147156716333, 0.1804468212928438, 1.05186696005091, 0.6783556262948829, 0.0, 0.13278615245182546, 0.7244155239302033, 0.0, 0.0, 0.0, 0.0, 0.0]
[0.4606271489405036, 0.5792149588537091, 0.364054153582281, 0.7149246774268234, 1.1673221188815106, 0.32434133178467006, 0.94919309266093, 0.4884770311793041, 0.0, 0.3966882661971811, 0.0, 1.498604735985114, 0.38184008637367334, 0.5530796545079848, 0.29734383319501234, 0.0, 0.0, 0.32825848331342766, 0.0, 0.0, 0.42825848331342764]
[0.1506997035644159, 0.0, 0.0, 0.7862100321388168, 0.6950791428313254, 0.0, 0.0, 0.2220219182666858, 1.5657279299875118, 0.896837632259429, 1.5995528170226279, 0.6940426475090631, 0.1554912847750327, 1.3072322668717558, 0.0, 0.0, 0.0, 0.4493601552785513, 0.0, 0.0, 0.1]
[0.19291520899727535, 0.0, 0.37824722385249143, 0.2972217698142937, 0.363882131087939, 0.0, 0.2586584609165113, 0.5727175899546484, 0.8413242080544123, 0.5282401510618894, 0.0, 0.23278615245182546, 0.2948125145871972, 0.0, 0.3552743097005189, 0.0, 0.0, 0.0, 0.2375009863610092, 0.0, 0.35147451078869535]
[0.13468692865089746, 1.4213697249726724, 0.0, 0.0, 0.0, 0.0, 0.18058665204233879, 1.0079175721762246, 0.0, 0.6934323392188626, 1.792891890914737, 0.5443667248521039, 0.36641645700803815, 0.10572156395257809, 0.0, 0.0, 0.0, 0.32825848331342766, 0.0, 0.0, 0.0]
