[0.0, 1.6927059888839722, 0.2052968293428421, 0.0, 0.0, 0.0, 0.2720620036125183, 0.0, 0.0, 0.0, 0.0, 0.0, 0.0, 0.0, 0.0, 0.0, 0.0, 0.0, 0.0, 0.0, 0.0]
[0.0, 0.0, 0.0, 0.0, 0.0, 0.19230563938617706, 0.0, 0.0, 0.0, 0.0, 0.0, 0.0, 1.6927059888839722, 0.5695819407701492, 0.0, 0.0, 0.0, 0.0, 0.0, 0.0, 0.0]
[0.0, 0.0, 0.0, 0.0, 0.0, 0.5261057615280151, 0.27475884556770325, 0.0, 0.0, 0.0, 0.20630623400211334, 0.0, 0.05518067628145218, 0.0, 0.0, 0.0, 0.0, 0.0, 0.0, 0.0, 0.0]
[0.0, 0.0, 0.0, 0.23566389083862305, 0.0, 0.3465624153614044, 0.0, 0.0, 0.0, 0.29406264424324036, 0.3760366141796112, 0.0, 0.22401227056980133, 0.3520430326461792, 0.0, 0.6377008557319641, 0.0, 0.0, 0.0, 0.0, 0.0]
[0.11713150888681412, 0.0, 0.0, 0.0, 0.0, 0.0, 0.0, 0.0, 0.5465114414691925, 0.0, 0.14530059695243835, 0.0, 0.0, 0.1715453416109085, 0.23566389083862305, 0.0, 0.0, 0.0, 0.0, 0.0, 0.29406264424324036]
[0.13024352490901947, 0.5289399325847626, 0.1941530406475067, 0.0, 0.0, 0.0, 0.26056450605392456, 0.0, 0.0, 0.0, 0.0, 0.11713150888681412, 0.3023953139781952, 0.0, 0.0, 0.0, 0.0, 0.0, 0.0, 0.0, 0.0]
[0.0, 0.0, 0.6456249356269836, 0.29203110933303833, 0.0, 0.0, 0.0, 0.0, 0.12603412568569183, 0.0, 0.5283798426389694, 0.0, 0.17302635312080383, 0.0, 0.0, 0.0, 0.0, 0.0, 0.0, 0.0, 0.0]
[0.0, 0.24468567967414856, 0.14163298904895782, 0.0, 0.0, 0.0, 0.0, 0.20504410564899445, 0.19902415573596954, 0.0, 0.0, 1.6669356226921082, 0.1392030566930771, 0.0, 0.3202773928642273, 0.0, 0.0, 0.0, 0.0, 0.12603412568569183, 0.41969066858291626]
[0.21686266362667084, 0.0, 0.35106825828552246, 0.19382897019386292, 0.0, 0.0, 0.0, 0.0, 0.0, 0.0, 0.0, 0.4874897003173828, 0.18226410448551178, 0.14163298904895782, 0.0, 0.0, 0.0, 0.0, 0.0, 0.0, 0.0]
[0.0, 0.0, 0.0, 0.0, 0.0, 0.0, 0.7834057807922363, 0.07002151012420654, 0.0, 0.0, 0.0, 1.0238832235336304, 0.0, 0.0, 0.0, 0.17734310030937195, 0.0, 0.2772064208984375, 0.0, 0.0, 0.1382373422384262]
[0.0, 0.0, 0.0, 0.0, 0.08574309945106506, 0.18063287436962128, 0.08848022669553757, 0.0, 0.0, 0.0, 0.0, 0.14021174609661102, 0.10484558343887329, 0.0, 0.0, 0.0783219039440155, 0.2554510533809662, 0.0, 0.16975314915180206, 0.0581960566341877, 0.0]
[0.28171437978744507, 0.0, 0.0, 0.0, 0.0, 0.0, 0.0, 0.0, 1.3224098682403564, 0.0, 0.34946420788764954, 0.0, 0.0, 0.0, 0.0, 0.5950037240982056, 0.0, 0.0, 0.0, 0.0, 0.0]
[0.0, 0.0, 0.23866690695285797, 0.24456153810024261, 0.20266596972942352, 0.0, 0.0, 0.0, 0.38674962520599365, 0.0, 0.22027574479579926, 0.28171437978744507, 0.12390870600938797, 0.0, 0.0, 0.0, 0.0, 0.0, 0.0, 0.19123446941375732, 0.0]
[0.0, 0.23397497832775116, 0.0, 0.3325154781341553, 0.0, 0.0, 0.0, 0.0, 0.0, 0.0, 0.0, 0.0, 0.1331096738576889, 0.0, 0.0, 0.4622774124145508, 0.0, 0.37180811166763306, 0.0, 0.14776889979839325, 0.0]
[0.2007676362991333, 0.0, 0.2763310670852661, 0.0, 0.0, 0.1669304519891739, 0.0, 0.25007156655192375, 0.19798000156879425, 0.0, 0.28048886358737946, 0.0, 0.0, 0.0, 0.3325154781341553, 0.19725729525089264, 0.6160115003585815, 0.0, 0.0, 0.0, 0.0]
[0.11162105202674866, 0.0, 0.1621522754430771, 0.33231428265571594, 0.0, 0.0, 0.0, 0.2480054348707199, 0.1946062445640564, 0.0, 0.0, 0.2007676362991333, 0.0, 0.0, 0.0, 0.9352724403142929, 0.0, 0.0, 0.055594440549612045, 0.0, 0.0]
[0.0, 0.36819398403167725, 0.0, 0.24083752930164337, 0.41376063227653503, 0.0, 0.0, 0.0, 0.0, 0.30051836371421814, 0.0, 0.21109707653522491, 0.22893011569976807, 0.2949567139148712, 0.0, 0.34456580877304077, 0.0, 0.0, 0.0, 0.2822238430380821, 0.0]
[0.4449877142906189, 0.0, 0.0, 0.0, 0.0, 0.0, 0.0, 0.11079680174589157, 0.0, 0.0, 0.0, 0.0, 0.5651338398456573, 0.0, 0.24083752930164337, 0.39705005288124084, 0.0, 0.0, 0.0, 0.0, 0.30051836371421814]
[0.9150795042514801, 0.0, 0.0, 0.0, 0.41075167059898376, 0.0, 0.0, 0.0, 0.1426476091146469, 0.0, 0.0, 0.4449877142906189, 0.0, 0.0, 0.0, 0.2571459710597992, 0.0, 0.0, 0.0, 0.0, 0.6238555312156677]
[0.23132486641407013, 0.0, 0.4044828414916992, 0.0, 0.0, 0.0, 0.44763219356536865, 0.2511677145957947, 0.90579754114151, 0.0, 0.0, 0.4202786684036255, 0.0, 0.48409947752952576, 0.0, 0.0, 0.34866803884506226, 0.25358980894088745, 0.0, 0.1426476091146469, 0.0]
[0.0, 0.0, 0.24105167388916016, 0.0, 0.20891162753105164, 0.0, 0.16188429296016693, 0.0, 0.24796882271766663, 0.0, 0.4678913950920105, 0.5660466998815536, 0.0, 0.0, 0.0, 0.0, 0.0, 0.0, 0.0, 0.0, 0.0]
