[1.944323828822309, 4.11540502725913, 2.0938872002701787, 6.011482607227288, 1.9587977034785544, 10.01592126212187, 6.088676605393931, 2.074588700728518, 2.0842379504993485, 5.890866985091909, 7.91238481208086, 2.108361074926424, 6.107975104935591, 1.9153760795098183, 3.9465431562696, 2.060114826072273, 1.9684469532493847, 2.108361074926424, 0.0, 2.069764075843103, 5.890866985091909]
[4.043035653977903, 4.076808028175809, 7.975104935591256, 3.9320692816133542, 12.399285955516957, 1.944323828822309, 0.0, 6.204467602643894, 4.1588266512278675, 2.002219327447291, 4.168475900998697, 2.016693202103536, 5.895691609977324, 2.035991701645197, 0.0, 7.950981811164181, 4.023737154436242, 3.845226033675882, 2.108361074926424, 2.064939450957688, 4.023737154436242]
[0.0, 4.004438654894582, 3.850050658561297, 8.308004052684904, 0.0, 0.0, 6.204467602643894, 10.329521879673853, 6.286486225695952, 8.269407053601581, 6.021131856998118, 11.89752496743378, 5.987359482800213, 10.059342886090606, 0.0, 6.059728856081439, 4.110580402373715, 2.0938872002701787, 0.0, 0.0, 0.0]
[6.296135475466783, 6.016307232112703, 2.0794133256139338, 1.8333574564577604, 12.13875621170454, 8.23081005451826, 8.414145800164036, 3.8693491581029567, 4.134703526800791, 6.054904231196024, 6.025956481883532, 6.127273604477252, 6.1610459786751575, 1.9009022048535726, 2.1035364500410094, 4.178125150769527, 0.0, 2.118010324697255, 2.069764075843103, 2.069764075843103, 0.0]
[8.076422058184976, 2.1131856998118397, 0.0, 6.06937810585227, 2.0938872002701787, 0.0, 4.11540502725913, 6.21894147730014, 0.0, 6.262363101268876, 8.20186230520577, 6.1465721040189125, 8.095720557726636, 8.148791431466204, 6.189993727987649, 0.0, 6.296135475466783, 7.975104935591257, 8.346601051768225, 0.0, 6.300960100352198]
[4.004438654894582, 5.987359482800213, 3.912770782071694, 2.098711825155594, 3.9803155304675064, 10.078641385632267, 8.129492931924542, 0.0, 6.262363101268876, 8.254933178945336, 4.139528151686206, 10.040044386548946, 14.068606165870602, 8.124668307039126, 4.038211029092488, 2.0552902011868577, 2.064939450957688, 2.0263424518743665, 2.007043952332706, 4.023737154436242, 1.939499203936894]
[4.06715877840498, 10.242678631736382, 10.208906257538477, 0.0, 8.187388430549523, 7.970280310705843, 8.322477927341149, 6.175519853331403, 6.107975104935591, 8.245283929174507, 4.149177401457036, 8.404496550393207, 8.380373425966132, 3.9561924060404308, 4.105755777488301, 2.074588700728518, 6.252713851498046, 6.06937810585227, 2.0504655763014425, 4.11540502725913, 0.0]
[6.214116852414724, 5.972885608143967, 0.0, 6.204467602643894, 8.264582428716166, 10.358469628986347, 8.148791431466204, 4.110580402373715, 2.0794133256139338, 2.064939450957688, 4.052684903748734, 8.279056303372412, 4.071983403290394, 6.112799729821006, 12.259371833839918, 4.197423650311188, 4.047860278863318, 6.243064601727216, 4.052684903748734, 2.0263424518743665, 2.0311670767597816]
[0.0, 8.20186230520577, 8.206686930091186, 6.214116852414724, 4.081632653061224, 14.261591161287209, 0.0, 14.411154532735077, 4.086457277946639, 12.259371833839918, 12.375162831089883, 10.189607757996814, 8.216336179862015, 2.007043952332706, 4.076808028175809, 2.108361074926424, 2.0552902011868577, 4.139528151686206, 3.9658416558112606, 3.999614030009167, 4.004438654894582]
[4.004438654894582, 6.175519853331403, 6.127273604477252, 6.1610459786751575, 12.307618082694068, 12.29796883292324, 8.206686930091186, 6.141747479133496, 2.040816326530612, 8.008877309789163, 14.309837410141363, 14.305012785255945, 14.396680658078834, 6.180344478216819, 8.158440681237032, 10.348820379215516, 2.0552902011868577, 4.047860278863318, 6.117624354706421, 12.215950209871181, 12.143580836589956]
[0.0, 7.936507936507936, 6.127273604477252, 8.235634679403676, 5.94876248371689, 8.158440681237034, 6.074202730737685, 8.0522989337579, 6.127273604477252, 10.271626381048874, 8.168089931007865, 14.526945529985044, 8.158440681237034, 2.0456409514160274, 5.982534857914797, 4.197423650311188, 10.15583538379891, 10.112413759830172, 0.0, 12.201476335214934, 8.177739180778694]
[3.927244656727939, 6.141747479133498, 12.124282337048294, 8.288705553143243, 6.074202730737685, 6.016307232112703, 6.040430356539778, 4.1588266512278675, 4.129878901915376, 9.991798137694794, 14.387031408308003, 12.481304578569015, 8.071597433299562, 6.064553480966855, 10.401891252955082, 6.08867660539393, 8.283880928257828, 1.9250253292806485, 2.040816326530612, 12.235248709412842, 8.172914555893279]
[4.207072900082019, 10.16548463356974, 3.951367781155015, 8.04264968398707, 14.512471655328797, 10.088290635403098, 3.8404014087904663, 10.30539875524678, 8.057123558643314, 14.10237854006851, 14.198871037776811, 7.9799295604766725, 5.948762483716892, 1.9780962030202154, 2.118010324697255, 4.2118975249674335, 10.078641385632267, 3.9368939064987694, 4.028561779321658, 4.038211029092488, 1.9973947025618757]
[2.069764075843103, 6.112799729821006, 8.018526559559994, 0.0, 12.109808462392047, 16.379601485984463, 2.1035364500410094, 7.970280310705842, 4.023737154436242, 8.013701934674579, 12.037439089110821, 0.0, 8.09089593284122, 8.264582428716167, 4.154002026342452, 4.023737154436242, 10.3439957543301, 4.0575095286341485, 4.120229652144546, 3.9947894051237514, 3.9706662806966757]
[1.9636223283639698, 3.9224200318425244, 6.180344478216819, 8.148791431466204, 12.317267332464901, 10.22338013219472, 6.136922854248082, 8.259757803830752, 6.079027355623101, 2.0504655763014425, 12.100159212621218, 13.95281516862064, 2.1131856998118397, 6.001833357456457, 6.040430356539778, 0.0, 6.252713851498045, 6.334732474550104, 4.168475900998697, 6.267187726154291, 1.9684469532493847]
[5.9391132339460615, 4.014087904665412, 7.849664688570463, 8.04264968398707, 6.194818352873065, 4.197423650311188, 0.0, 5.943937858831475, 6.252713851498046, 8.04264968398707, 16.30240748781782, 8.018526559559993, 4.0189125295508275, 4.052684903748734, 0.0, 0.0, 4.115405027259131, 2.118010324697255, 4.028561779321657, 0.0, 4.125054277029961]
[12.08086071307956, 8.066772808414145, 4.1588266512278675, 4.081632653061224, 12.220774834756599, 1.9829208279056303, 8.172914555893279, 3.9754909055820904, 8.22116080474743, 5.900516234862739, 12.018140589569162, 11.960245090944179, 8.317653302455733, 3.9368939064987694, 6.127273604477252, 8.172914555893279, 4.004438654894582, 8.269407053601581, 7.946157186278767, 8.245283929174507, 6.103150480050176]
[8.172914555893279, 2.040816326530612, 16.577411106286487, 2.1035364500410094, 6.180344478216819, 6.180344478216819, 4.115405027259131, 9.967675013267717, 8.370724176195301, 6.08867660539393, 14.440102282047572, 6.079027355623099, 11.9988420900275, 1.9877454527910454, 2.040816326530612, 6.199642977758479, 0.0, 4.004438654894582, 12.225599459642012, 5.977710233029382, 6.272012351039707]
[5.934288609060646, 10.213730882423892, 3.9899647802383362, 10.126887634486417, 12.018140589569162, 3.9947894051237514, 12.278670333381578, 2.098711825155594, 5.924639359289816, 4.0189125295508275, 7.888261687653784, 5.881217735321079, 8.115019057268297, 4.110580402373715, 2.0504655763014425, 6.170695228445988, 2.0794133256139338, 7.8930863125392, 7.941332561393351, 0.0, 16.123896367057462]
[4.004438654894582, 4.197423650311188, 1.9973947025618757, 10.474260626236308, 3.985140155352921, 4.062334153519564, 3.9803155304675055, 7.8641385632267085, 8.428619674820283, 5.958411733487721, 14.435277657162153, 2.1035364500410094, 8.254933178945336, 4.154002026342452, 6.06937810585227, 10.368118878757176, 4.014087904665413, 0.0, 3.951367781155015, 8.172914555893279, 3.9224200318425244]
[4.023737154436242, 5.9198147344044, 12.056737588652483, 6.054904231196024, 10.064167510976022, 10.295749505475948, 4.139528151686206, 4.110580402373715, 2.035991701645197, 7.999228060018332, 4.11540502725913, 10.025570511892699, 2.0890625753847636, 5.794374487383605, 7.9799295604766725, 2.0938872002701787, 4.163651276113282, 1.9636223283639698, 4.11540502725913, 6.079027355623101, 3.9803155304675064]
