[1.101007103919983, 0.0, 0.0, 1.6109614372253418, 0.0, 1.1030404567718506, 0.0, 1.6109614372253418, 2.4170868396759033, 1.1030404567718506, 1.7907586097717285, 0.0, 2.4170868396759033, 0.0, 1.7907586097717285, 0.0, 1.095407247543335, 0.8927775621414185, 0.0, 0.0, 1.095407247543335]
[0.0, 1.6634160280227661, 0.0, 0.0, 0.0, 0.0, 0.0, 1.4441841840744019, 0.0, 0.0, 0.0, 1.4441841840744019, 0.0, 0.0, 0.0, 1.5366170406341553, 2.012589454650879, 0.0, 0.0, 1.5366170406341553, 2.012589454650879]
[1.431996464729309, 0.0, 0.9861373901367188, 0.5967146754264832, 0.0, 0.0, 3.9430394172668457, 0.0, 0.0, 0.6195030212402344, 2.956902027130127, 0.0, 1.1405227184295654, 1.2788639068603516, 0.0, 0.5438860654830933, 1.1405227184295654, 1.2399449944496155, 0.0, 1.2392715811729431, 0.0]
[0.0, 0.42251822352409363, 0.0, 0.8564441204071045, 0.48175549507141113, 0.0, 0.7073233127593994, 0.3668319582939148, 0.48175549507141113, 0.0, 0.7073233127593994, 0.911389172077179, 0.0, 0.47317904233932495, 0.6255702376365662, 0.9348677098751068, 0.0, 0.8898252546787262, 0.6255702376365662, 0.39031049609184265, 0.6761590838432312]
[0.0, 0.0, 6.083594560623169, 0.0, 0.0, 0.0, 2.63478684425354, 0.0, 4.199738025665283, 0.0, 0.0, 0.0, 4.199738025665283, 1.7616971731185913, 0.0, 0.0, 0.0, 1.7616971731185913, 2.1675310134887695, 0.0, 0.0]
[0.0, 0.0, 0.0, 2.9891767501831055, 0.0, 0.0, 0.0, 0.0, 0.0, 0.0, 0.0, 0.0, 0.0, 0.0, 0.0, 0.0, 0.0, 0.0, 0.0, 0.0, 0.0]
[1.30394446849823, 1.0319185256958008, 1.1435039043426514, 1.0572396516799927, 2.493353009223938, 1.0319185256958008, 1.7463141679763794, 0.9056732654571533, 1.189408540725708, 0.0, 1.7463141679763794, 0.9056732654571533, 0.0, 0.0, 0.0, 1.9272792339324951, 0.0, 0.0, 0.0, 1.9272792339324951, 0.0]
[1.7071698904037476, 0.0, 1.4971154928207397, 0.0, 1.7071698904037476, 1.6639399528503418, 0.0, 1.185739278793335, 0.0, 2.382458209991455, 0.0, 4.7061684131622314, 1.322812557220459, 0.7185182571411133, 0.0, 3.5204291343688965, 1.322812557220459, 2.6935157775878906, 0.0, 1.613058090209961, 0.0]
[0.0, 1.1687767505645752, 1.6281787157058716, 0.5954852104187012, 0.0, 1.2970658540725708, 1.9677087664604187, 0.0, 0.0, 0.715842604637146, 2.1457558274269104, 1.514521598815918, 0.0, 0.0, 1.162152647972107, 1.514521598815918, 3.5544443130493164, 1.7381635904312134, 0.0, 0.693952739238739, 3.5544443130493164]
[2.3304600715637207, 2.7764707803726196, 0.0, 0.0, 2.3304600715637207, 2.9800084829330444, 0.0, 0.809327244758606, 0.0, 1.6261486411094666, 1.8438187837600708, 2.0107630491256714, 0.0, 0.490425169467926, 1.8438187837600708, 1.2014358043670654, 0.0, 1.83846116065979, 0.0, 0.0, 0.0]
[1.1388007402420044, 0.9012267589569092, 0.9986798763275146, 0.923340916633606, 2.1775715351104736, 2.011190176010132, 1.5251446962356567, 0.0, 1.0387707948684692, 1.5892649292945862, 6.931138634681702, 0.0, 0.8824077844619751, 2.519857704639435, 6.754860997200012, 0.8415952920913696, 0.8824077844619751, 5.634079694747925, 1.3488670587539673, 0.8415952920913696, 2.915895462036133]
[0.0, 0.0, 1.8765662908554077, 1.7350008487701416, 0.0, 0.0, 2.8658182621002197, 1.4862703084945679, 0.0, 0.9006299376487732, 2.8658182621002197, 1.4862703084945679, 1.6580854654312134, 2.8177801966667175, 0.0, 0.0, 1.6580854654312134, 3.6052500009536743, 0.0, 0.0, 0.0]
[0.6984717845916748, 1.676335334777832, 0.935909628868103, 0.0, 0.6984717845916748, 0.0, 2.80677330493927, 0.4851335883140564, 0.0, 0.881924033164978, 2.9761006832122803, 1.2053080797195435, 0.5412157773971558, 0.881924033164978, 1.1052370071411133, 1.7525421977043152, 1.8933628797531128, 0.5510127544403076, 0.0, 1.6923345923423767, 1.352147102355957]
[0.0, 0.9449625015258789, 1.599975347518921, 0.0, 1.0891814231872559, 0.9449625015258789, 6.397451162338257, 0.0, 3.6394736766815186, 0.5025615692138672, 4.797475814819336, 1.2311673164367676, 3.475522458553314, 0.5025615692138672, 1.4143264293670654, 1.2311673164367676, 2.081005275249481, 0.9419785141944885, 1.4143264293670654, 0.0, 1.1557750701904297]
[1.3605982065200806, 3.3444125652313232, 1.2264472246170044, 1.9907876253128052, 2.551363229751587, 3.8329901695251465, 1.8729819059371948, 2.9621533155441284, 2.551363229751587, 2.726222038269043, 1.8729819059371948, 2.413345456123352, 2.167314291000366, 1.2529712915420532, 0.0, 2.4755163192749023, 3.5209922790527344, 1.2529712915420532, 0.0, 1.0335365533828735, 1.3536779880523682]
[3.424343705177307, 0.0, 0.0, 0.0, 2.3037209510803223, 2.245384693145752, 0.0, 0.800041139125824, 0.0, 2.73018279671669, 3.6453263759613037, 1.9876918196678162, 0.0, 0.4847981035709381, 3.6453263759613037, 1.1876506805419922, 0.0, 0.0, 2.5394210815429688, 0.0, 0.0]
[0.0, 2.2303022146224976, 1.22904372215271, 0.0, 1.2783823013305664, 1.1091113090515137, 3.753894567489624, 0.9734222292900085, 1.2783823013305664, 0.0, 8.189218282699585, 3.863487422466278, 0.0, 0.0, 4.435323715209961, 3.9257898330688477, 1.3565438985824585, 0.0, 0.0, 1.0357246398925781, 1.3565438985824585]
[0.8802071213722229, 0.7159976959228516, 1.5868425369262695, 1.2878934144973755, 0.8252723217010498, 1.5978304147720337, 2.42336368560791, 1.2878934144973755, 0.8252723217010498, 1.6434141397476196, 3.854997158050537, 0.0, 0.0, 1.572161853313446, 3.5749025344848633, 0.6686222553253174, 0.8757302761077881, 1.52431720495224, 3.140579044818878, 0.6686222553253174, 0.8757302761077881]
[2.1781439781188965, 0.0, 1.9633853435516357, 0.0, 0.0, 0.0, 0.0, 0.0, 0.0, 0.9422974586486816, 0.0, 0.0, 1.7347965240478516, 0.9422974586486816, 0.0, 0.0, 1.7347965240478516, 0.0, 2.4679243564605713, 0.0, 0.0]
[1.9906002879142761, 0.7984901666641235, 2.236807882785797, 1.436275839805603, 1.0089815855026245, 0.7984901666641235, 2.7032575607299805, 1.436275839805603, 0.0, 1.2739886045455933, 4.544437050819397, 0.0, 0.0, 2.1779587268829346, 4.388254523277283, 0.7456564903259277, 1.9532521963119507, 1.6999388337135315, 2.3073145151138306, 0.7456564903259277, 3.2449991703033447]
[3.386359930038452, 2.679905414581299, 0.0, 2.745664358139038, 3.386359930038452, 2.679905414581299, 0.0, 2.3520448207855225, 0.0, 0.0, 0.0, 2.3520448207855225, 10.495779037475586, 0.0, 0.0, 0.0, 10.495779037475586, 0.0, 0.0, 0.0, 0.0]
