[0.5505035519599915, 0.0, 0.0, 0.8054807186126709, 0.0, 0.5515202283859253, 0.0, 0.8054807186126709, 1.2085434198379517, 0.5515202283859253, 0.8953793048858643, 0.0, 1.2085434198379517, 0.0, 0.8953793048858643, 0.0, 0.5477036237716675, 0.44638878107070923, 0.0, 0.0, 0.5477036237716675]
[0.0, 0.8317080140113831, 0.0, 0.0, 0.0, 0.0, 0.0, 0.7220920920372009, 0.0, 0.0, 0.0, 0.7220920920372009, 0.0, 0.0, 0.0, 0.7683085203170776, 1.0062947273254395, 0.0, 0.0, 0.7683085203170776, 1.0062947273254395]
[0.7159982323646545, 0.0, 0.4930686950683594, 0.2983573377132416, 0.0, 0.0, 1.9715197086334229, 0.0, 0.0, 0.3097515106201172, 1.4784510135650635, 0.0, 0.5702613592147827, 0.6394319534301758, 0.0, 0.27194303274154663, 0.5702613592147827, 0.6199724972248077, 0.0, 0.6196357905864716, 0.0]
[0.0, 0.21125911176204681, 0.0, 0.42822206020355225, 0.24087774753570557, 0.0, 0.3536616563796997, 0.1834159791469574, 0.24087774753570557, 0.0, 0.3536616563796997, 0.4556945860385895, 0.0, 0.23658952116966248, 0.3127851188182831, 0.4674338549375534, 0.0, 0.4449126273393631, 0.3127851188182831, 0.19515524804592133, 0.3380795419216156]
[0.0, 0.0, 3.0417972803115845, 0.0, 0.0, 0.0, 1.31739342212677, 0.0, 2.0998690128326416, 0.0, 0.0, 0.0, 2.0998690128326416, 0.8808485865592957, 0.0, 0.0, 0.0, 0.8808485865592957, 1.0837655067443848, 0.0, 0.0]
[0.0, 0.0, 0.0, 1.4945883750915527, 0.0, 0.0, 0.0, 0.0, 0.0, 0.0, 0.0, 0.0, 0.0, 0.0, 0.0, 0.0, 0.0, 0.0, 0.0, 0.0, 0.0]
[0.651972234249115, 0.5159592628479004, 0.5717519521713257, 0.5286198258399963, 1.246676504611969, 0.5159592628479004, 0.8731570839881897, 0.45283663272857666, 0.594704270362854, 0.0, 0.8731570839881897, 0.45283663272857666, 0.0, 0.0, 0.0, 0.9636396169662476, 0.0, 0.0, 0.0, 0.9636396169662476, 0.0]
[0.8535849452018738, 0.0, 0.7485577464103699, 0.0, 0.8535849452018738, 0.8319699764251709, 0.0, 0.5928696393966675, 0.0, 1.1912291049957275, 0.0, 2.3530842065811157, 0.6614062786102295, 0.35925912857055664, 0.0, 1.7602145671844482, 0.6614062786102295, 1.3467578887939453, 0.0, 0.8065290451049805, 0.0]
[0.0, 0.5843883752822876, 0.8140893578529358, 0.2977426052093506, 0.0, 0.6485329270362854, 0.9838543832302094, 0.0, 0.0, 0.357921302318573, 1.0728779137134552, 0.757260799407959, 0.0, 0.0, 0.5810763239860535, 0.757260799407959, 1.7772221565246582, 0.8690817952156067, 0.0, 0.3469763696193695, 1.7772221565246582]
[1.1652300357818604, 1.3882353901863098, 0.0, 0.0, 1.1652300357818604, 1.4900042414665222, 0.0, 0.404663622379303, 0.0, 0.8130743205547333, 0.9219093918800354, 1.0053815245628357, 0.0, 0.245212584733963, 0.9219093918800354, 0.6007179021835327, 0.0, 0.919230580329895, 0.0, 0.0, 0.0]
[0.5694003701210022, 0.4506133794784546, 0.4993399381637573, 0.461670458316803, 1.0887857675552368, 1.005595088005066, 0.7625723481178284, 0.0, 0.5193853974342346, 0.7946324646472931, 3.465569317340851, 0.0, 0.44120389223098755, 1.2599288523197174, 3.377430498600006, 0.4207976460456848, 0.44120389223098755, 2.8170398473739624, 0.6744335293769836, 0.4207976460456848, 1.4579477310180664]
[0.0, 0.0, 0.9382831454277039, 0.8675004243850708, 0.0, 0.0, 1.4329091310501099, 0.7431351542472839, 0.0, 0.4503149688243866, 1.4329091310501099, 0.7431351542472839, 0.8290427327156067, 1.4088900983333588, 0.0, 0.0, 0.8290427327156067, 1.8026250004768372, 0.0, 0.0, 0.0]
[0.3492358922958374, 0.838167667388916, 0.4679548144340515, 0.0, 0.3492358922958374, 0.0, 1.403386652469635, 0.2425667941570282, 0.0, 0.440962016582489, 1.4880503416061401, 0.6026540398597717, 0.2706078886985779, 0.440962016582489, 0.5526185035705566, 0.8762710988521576, 0.9466814398765564, 0.2755063772201538, 0.0, 0.8461672961711884, 0.6760735511779785]
[0.0, 0.47248125076293945, 0.7999876737594604, 0.0, 0.5445907115936279, 0.47248125076293945, 3.1987255811691284, 0.0, 1.8197368383407593, 0.2512807846069336, 2.398737907409668, 0.6155836582183838, 1.737761229276657, 0.2512807846069336, 0.7071632146835327, 0.6155836582183838, 1.0405026376247406, 0.47098925709724426, 0.7071632146835327, 0.0, 0.5778875350952148]
[0.6802991032600403, 1.6722062826156616, 0.6132236123085022, 0.9953938126564026, 1.2756816148757935, 1.9164950847625732, 0.9364909529685974, 1.4810766577720642, 1.2756816148757935, 1.3631110191345215, 0.9364909529685974, 1.206672728061676, 1.083657145500183, 0.6264856457710266, 0.0, 1.2377581596374512, 1.7604961395263672, 0.6264856457710266, 0.0, 0.5167682766914368, 0.6768389940261841]
[1.7121718525886536, 0.0, 0.0, 0.0, 1.1518604755401611, 1.122692346572876, 0.0, 0.400020569562912, 0.0, 1.365091398358345, 1.8226631879806519, 0.9938459098339081, 0.0, 0.24239905178546906, 1.8226631879806519, 0.5938253402709961, 0.0, 0.0, 1.2697105407714844, 0.0, 0.0]
[0.0, 1.1151511073112488, 0.614521861076355, 0.0, 0.6391911506652832, 0.5545556545257568, 1.876947283744812, 0.4867111146450043, 0.6391911506652832, 0.0, 4.0946091413497925, 1.931743711233139, 0.0, 0.0, 2.2176618576049805, 1.9628949165344238, 0.6782719492912292, 0.0, 0.0, 0.5178623199462891, 0.6782719492912292]
[0.44010356068611145, 0.3579988479614258, 0.7934212684631348, 0.6439467072486877, 0.4126361608505249, 0.7989152073860168, 1.211681842803955, 0.6439467072486877, 0.4126361608505249, 0.8217070698738098, 1.9274985790252686, 0.0, 0.0, 0.786080926656723, 1.7874512672424316, 0.3343111276626587, 0.43786513805389404, 0.76215860247612, 1.570289522409439, 0.3343111276626587, 0.43786513805389404]
[1.0890719890594482, 0.0, 0.9816926717758179, 0.0, 0.0, 0.0, 0.0, 0.0, 0.0, 0.4711487293243408, 0.0, 0.0, 0.8673982620239258, 0.4711487293243408, 0.0, 0.0, 0.8673982620239258, 0.0, 1.2339621782302856, 0.0, 0.0]
[0.9953001439571381, 0.39924508333206177, 1.1184039413928986, 0.7181379199028015, 0.5044907927513123, 0.39924508333206177, 1.3516287803649902, 0.7181379199028015, 0.0, 0.6369943022727966, 2.2722185254096985, 0.0, 0.0, 1.0889793634414673, 2.1941272616386414, 0.37282824516296387, 0.9766260981559753, 0.8499694168567657, 1.1536572575569153, 0.37282824516296387, 1.6224995851516724]
[1.693179965019226, 1.3399527072906494, 0.0, 1.372832179069519, 1.693179965019226, 1.3399527072906494, 0.0, 1.1760224103927612, 0.0, 0.0, 0.0, 1.1760224103927612, 5.247889518737793, 0.0, 0.0, 0.0, 5.247889518737793, 0.0, 0.0, 0.0, 0.0]
