[0.0, 0.2091063383099766, 0.18469234406589202, 0.0, 0.0, 1.2372772845496114, 0.0, 1.6138614882867675, 0.0, 0.0, 2.5116190202899484, 1.1393541052997282, 0.0, 0.0, 0.0, 0.145082368282785, 0.38410582109395197, 0.0, 0.0, 0.0, 0.0]
[0.0, 0.0, 0.0, 0.0, 0.0, 1.1675493072098733, 0.0, 1.6225269953602344, 0.0, 1.0395066124138344, 0.31891181289714965, 0.3372502196071283, 0.0, 0.28310688124701433, 0.0, 0.0, 0.5808934715781873, 0.0, 0.5682448741686347, 0.3556882952429359, 0.8364246235048101]
[0.0, 0.0, 0.0, 0.0, 0.0, 0.5953786887986665, 0.46736269032850764, 0.0, 0.0, 0.8135610327168508, 0.0, 0.0, 0.0, 0.0, 0.0, 0.3959912589559915, 0.0, 0.0, 0.0, 0.6419407585424982, 0.0]
[1.0270717122536495, 0.37320998989238735, 0.0, 0.0, 0.0, 1.1229652488679531, 1.7127177506348705, 0.0, 1.0402098454382906, 1.3935600873950778, 0.0, 0.0, 1.3756818293239934, 0.0, 0.0, 0.25894091771456496, 0.0, 0.3329336558151949, 0.0, 0.0, 1.1213087764009297]
[0.38292663845183356, 0.0, 0.0, 0.0, 1.1861612090329574, 0.469175788773076, 0.0, 0.0, 1.8533635455856725, 2.607255832463389, 0.0, 0.9673552080151769, 0.0, 0.0, 0.0, 0.0, 0.0, 0.8645559438945929, 0.0, 0.0, 0.0]
[0.0, 0.3027457134906527, 0.0, 0.9888561598550315, 0.0, 0.0, 0.2479098881080014, 0.5073048609173493, 2.1256449401812056, 1.423853891322706, 2.3291250519147204, 1.056568790673529, 0.0, 0.27102893185292126, 0.0, 0.21005132926382172, 0.0, 0.2700738062607555, 0.0, 0.0, 0.0]
[0.333704074711715, 0.0, 0.0, 0.0, 5.480293599987651, 0.0, 0.0, 0.0, 2.2479105549654625, 0.0, 0.39526123882463915, 0.0, 0.0, 0.0, 0.0, 0.0, 0.0, 0.0, 1.0504985496517132, 0.0, 0.32227895911160365]
[0.0, 0.3678272621491248, 0.0, 1.1084762332750224, 2.2364223201815476, 1.2861728935939574, 0.0, 0.0, 0.0, 0.0, 0.0, 1.184379893309801, 1.5756183440089913, 0.329292291915606, 1.6287713400192054, 0.0, 0.0, 0.0, 0.8725030449038239, 0.0, 1.2842756120018757]
[0.8842337523220166, 0.0, 0.0, 0.0, 0.0, 0.3250871159531229, 1.4666041820236855, 0.0, 0.8955447432711604, 0.5998766842942785, 0.0, 0.8902752541871876, 0.0, 0.0, 2.739424872065284, 0.0, 0.0, 0.7956671792358073, 0.655843532131623, 0.0, 1.9307298275971416]
[0.21409854465661796, 0.0, 0.0, 0.0, 1.1900087166345201, 1.316224588911449, 0.4118361485727727, 1.3746746057700296, 1.4684130600936218, 1.9617845275778432, 0.5071850159069555, 0.9704930044989158, 0.0, 0.2251211403802572, 1.3346318311594532, 0.5234163730650296, 0.4619152406881079, 0.8673602385345945, 0.0, 0.0, 1.4658852769667086]
[2.031158465577361, 0.0, 3.84076942877693, 0.0, 0.0, 1.990027735037024, 0.2030009526094061, 0.4154064768120407, 0.0, 0.0, 0.5, 0.26437578642463566, 2.4378714456761084, 0.22193196773392096, 0.23132500680768117, 0.0, 0.4553715726517041, 0.0, 0.0, 0.5576593356187758, 3.974184238095044]
[0.8856899466065317, 0.0, 0.0, 2.5986292514387164, 3.4046046767515383, 0.0, 3.778139218065339, 0.0, 0.0, 1.8708829617267047, 0.0, 0.0, 0.0, 5.768477581678161, 0.4853522092020466, 0.0, 0.0, 2.481510281893833, 0.0, 0.0, 0.0]
[0.0, 0.0, 0.4973247350595861, 0.0, 2.0912309089188867, 0.0, 0.4610778166885761, 0.0, 0.0, 0.0, 0.0, 2.3059495238688736, 0.0, 0.0, 0.0, 0.0, 0.0, 0.0, 0.0, 0.6333082367071288, 0.4629817774077431]
[0.0, 1.83938903102039, 1.7795471236905553, 1.6853884364753766, 0.0, 0.0, 1.9487552117067768, 0.0, 0.0, 0.0, 0.0, 0.0, 0.0, 0.0, 0.41226054528920575, 0.0, 0.0, 0.8047144364470649, 0.6633009372681432, 1.283786955823162, 0.9763417630922867]
[2.385003118967904, 2.2271302710186336, 0.0, 1.0203333754809285, 0.0, 0.537626487275647, 0.2110140733082423, 0.0, 2.193308225523064, 0.0, 0.0, 0.0, 0.0, 0.23069234909826414, 0.24045615284842514, 0.0, 0.0, 0.0, 0.0, 0.0, 0.21188541922362425]
[0.8713728975287993, 0.0, 0.0, 2.0585458718426293, 0.0, 0.3537731281765684, 0.0, 0.0, 0.6637604717606573, 0.0, 0.0, 0.3616672425936995, 1.16713544869474, 0.3036039193232466, 0.0, 0.0, 0.0, 0.3025340043908379, 0.0, 0.0, 0.27885296582851576]
[0.515319705669601, 0.0, 0.5345930851851997, 1.307030194873045, 0.0, 2.147944986849134, 0.495629943956149, 0.0, 0.0, 0.0, 3.6889223619081997, 0.645477491038184, 0.0, 0.0, 0.0, 0.0, 0.0, 0.5399407727076939, 0.0, 0.0, 1.5143192655537623]
[2.007540578565664, 0.0, 0.0, 0.0, 0.0, 0.9251376866334418, 2.2331377828877406, 0.0, 0.0, 0.9375993311045516, 0.0, 0.0, 0.0, 0.0, 0.0, 0.0, 0.0, 1.4667415886156385, 0.0, 0.0, 0.0]
[0.6741194331684298, 2.141805601065305, 0.3335418506045277, 1.27045543955503, 0.0, 1.4741184574556017, 0.0, 0.0, 0.7391120435289006, 0.7984810809833554, 0.0, 0.6787253575527651, 0.0, 0.0, 0.0, 1.0712251170235576, 0.0, 0.606598305986582, 0.5, 0.0, 0.6210179258686852]
[1.7740754353586805, 0.43164659402530686, 0.2541667342309221, 1.536079946311266, 0.9201999976515597, 0.1500935858130347, 0.9635132987659072, 0.24110048286542524, 2.700065329684507, 1.5626986407624774, 0.14509914285655706, 1.4161807896699843, 0.5185761629951784, 0.2576171009697008, 1.1080333078230789, 0.09982848231298261, 0.0, 0.6328427817124864, 0.5216325131187389, 0.16183178019418618, 0.0]
[1.5551371820860136, 1.7853756482392102, 2.440099304239797, 0.8179487013382222, 0.0, 0.9490716292380826, 0.6608560009080636, 0.0, 1.7582621882727476, 1.177764240428757, 0.0, 0.8739582965941464, 0.0, 0.0, 0.0, 1.3793591470158504, 0.0, 0.781084111324355, 0.6438231899587313, 1.2460887711528743, 0.0]
