[0.0, 2.0865224091587473, 0.0, 2.0591795063602505, 0.0, 2.369326130785727, 1.6413207876639795, 2.0591795063602505, 0.0, 1.3253159231161198, 1.6413207876639795, 0.0, 0.0, 0.0, 0.0, 0.9812634827309028, 0.0, 0.0, 0.0, 0.9812634827309028, 0.0]
[0.0, 0.0, 0.0, 1.9474175679516927, 0.0, 0.0, 0.0, 0.0, 0.0, 0.0, 0.0, 2.67655030849108, 0.0, 0.0, 0.0, 2.67655030849108, 0.0, 0.0, 0.0, 0.0, 0.0]
[0.9149711481276751, 0.0, 2.765911509273005, 0.9655657984279198, 0.0, 0.0, 3.1551323792256354, 0.0, 0.0, 2.7707947265987776, 1.3210886793283252, 0.0, 0.0, 3.7529160514349353, 0.0, 0.0, 0.0, 1.7058782124788618, 0.0, 0.0, 0.0]
[0.6604395125982352, 0.6056828821969402, 0.6726357583989956, 0.0, 0.7529969259731043, 0.0, 0.0, 0.7447972170261082, 0.7529969259731043, 0.5, 2.6843921198010903, 0.7447972170261082, 0.0, 1.208909418769471, 2.6843921198010903, 0.0, 0.0, 1.2313276739164043, 0.0, 0.0, 0.0]
[0.0, 0.0, 0.0, 0.0, 0.0, 0.0, 0.0, 0.0, 0.0, 0.0, 0.0, 0.0, 0.0, 0.0, 2.031041045973123, 1.491746268768176, 0.0, 0.0, 2.031041045973123, 1.491746268768176, 0.0]
[0.0, 0.0, 0.0, 3.886327897155552, 0.0, 0.0, 0.0, 0.0, 0.0, 0.0, 0.0, 0.0, 0.0, 0.0, 0.0, 0.0, 0.0, 0.0, 0.0, 0.0, 0.0]
[0.0, 0.0, 0.0, 1.644538768059928, 0.0, 0.0, 0.0, 0.0, 0.0, 0.0, 0.0, 0.0, 0.0, 1.6727360174040735, 0.0, 1.3451985867134733, 0.0, 2.905429144291775, 0.0, 1.3451985867134733, 0.0]
[0.0, 0.0, 0.0, 2.5604143127912535, 2.766278781365299, 0.0, 0.0, 0.0, 2.766278781365299, 0.0, 0.0, 0.0, 0.0, 0.0, 0.0, 0.0, 0.0, 0.0, 0.0, 0.0, 4.47353583321986]
[0.8437422889146748, 0.0, 1.691266773323605, 0.0, 0.9619887287269379, 1.967389447763549, 1.691266773323605, 0.0, 2.8849921961631786, 2.60616276691974, 1.714718164945607, 0.0, 2.7411447544599765, 2.450103190508475, 1.714718164945607, 1.4566545047673873, 3.8499672450175964, 3.1461572916022833, 1.1172873059229558, 2.3600679028342477, 4.587522695317968]
[0.0, 1.1923190162097044, 0.0, 0.0, 0.0, 1.1923190162097044, 0.0, 1.4640692222491098, 0.0, 0.9828642901416162, 2.6383932564935186, 3.3470564766443394, 1.2588531799820741, 2.3763878761917274, 2.6383932564935186, 1.8829872543952293, 2.813851123163024, 1.3935235860501114, 0.0, 1.3900591687019033, 1.5549979431809497]
[2.653470161188198, 3.4674244033596144, 3.8079952663767367, 6.845609235522703, 4.266246129660793, 1.1569147968468145, 2.5250373429043877, 6.845609235522703, 2.8724713399862307, 0.9536795452086285, 0.0, 0.0, 0.0, 0.9536795452086285, 0.0, 2.1747646336439033, 1.5088244607821253, 0.0, 1.66809423202476, 2.1747646336439033, 1.5088244607821253]
[0.0, 0.0, 0.0, 0.0, 0.0, 0.0, 0.0, 0.0, 0.0, 0.0, 5.442666387445603, 0.0, 0.0, 0.0, 5.442666387445603, 0.0, 0.0, 0.0, 0.0, 0.0, 0.0]
[1.2956134381386846, 2.3772435732944968, 2.6390787039545427, 0.0, 0.0, 2.1054693750050646, 0.9353411245119921, 0.7305508255161234, 0.0, 2.9818264267166255, 2.251863887993373, 1.670136194946724, 0.6281508299014618, 2.8620072234150378, 1.3165227634813805, 0.9395853694306004, 1.4040738602211515, 1.3906990149989698, 0.0, 0.6936208738295239, 0.7759230303196897]
[0.0, 1.288048967705637, 4.239624583253823, 0.0, 0.0, 2.9231592581723405, 4.836227312427875, 0.0, 0.0, 2.6968877126154274, 2.0249816522842927, 2.0341702073772514, 1.3599250615575993, 1.0617774221487237, 0.0, 3.2448053203688323, 1.3599250615575993, 1.1093837662080759, 0.0, 1.210635112991581, 0.0]
[2.1292824776018047, 3.908295741502732, 0.0, 0.0, 0.0, 6.920488412299349, 0.0, 0.0, 0.0, 8.188975990113287, 4.327291788183706, 0.0, 0.0, 3.224038518524639, 4.327291788183706, 0.0, 0.0, 1.6842964685791297, 0.0, 2.279869278781842, 3.9259827964445075]
[0.0, 0.0, 1.4032228106237683, 1.4539657838736808, 0.0, 1.6063133937609664, 0.0, 0.0, 0.0, 2.649391240350071, 0.0, 0.0, 0.0, 2.5219733260201993, 0.0, 0.0, 1.6502622702483867, 1.4788954794310947, 0.0, 0.0, 1.6502622702483867]
[1.3474497271000727, 0.0, 1.3723328681590907, 0.0, 0.0, 1.5709526305595487, 3.891052622630984, 0.0, 0.0, 3.611184456072653, 3.891052622630984, 0.0, 1.306565026385914, 2.0402318255131044, 0.0, 2.326265523661046, 1.306565026385914, 0.0, 0.0, 2.326265523661046, 0.0]
[0.0, 0.8972755926204924, 1.9583588284091757, 0.0, 0.0, 3.175363724893739, 3.3689934965113526, 3.3053407860782666, 0.0, 3.7573905266203553, 3.396148433536463, 3.3053407860782666, 0.0, 2.5279937918861393, 1.985513765434286, 0.8433478467908936, 1.170208410030413, 1.8215059220340852, 0.0, 0.8433478467908936, 1.170208410030413]
[0.0, 0.0, 2.321466596988512, 4.1289619983415164, 2.5988171661847828, 0.0, 0.0, 4.1289619983415164, 2.5988171661847828, 0.0, 0.0, 0.0, 2.210212468057338, 0.0, 0.0, 1.9675796379839583, 2.210212468057338, 1.8030212439457305, 0.0, 1.9675796379839583, 0.0]
[1.1254132108955321, 1.868317979617392, 0.0, 0.0, 1.1254132108955321, 1.868317979617392, 0.0, 0.0, 0.0, 0.0, 0.0, 0.0, 0.0, 0.0, 0.0, 0.8780145030768075, 0.0, 0.804581852420969, 1.346914429813056, 1.9670991574271346, 0.0]
[0.0, 4.820979522535158, 7.945549032452934, 0.0, 0.0, 0.0, 5.26860118350115, 0.0, 0.0, 0.0, 5.341656154830411, 0.0, 0.0, 0.0, 5.341656154830411, 0.0, 3.148228410669147, 0.0, 0.0, 2.8142956947893443, 3.148228410669147]
