[0.0, 0.7827248573303223, 0.0, 0.7724676132202148, 0.0, 0.8888140618801117, 0.6157147288322449, 0.7724676132202148, 0.0, 0.49717065691947937, 0.6157147288322449, 0.0, 0.0, 0.0, 0.0, 0.3681049942970276, 0.0, 0.0, 0.0, 0.3681049942970276, 0.0]
[0.0, 0.0, 0.0, 0.7305419445037842, 0.0, 0.0, 0.0, 0.0, 0.0, 0.0, 0.0, 1.0040642023086548, 0.0, 0.0, 0.0, 1.0040642023086548, 0.0, 0.0, 0.0, 0.0, 0.0]
[0.34323650598526, 0.0, 1.0375865995883942, 0.3622162640094757, 0.0, 0.0, 1.1835964620113373, 0.0, 0.0, 1.0394184589385986, 0.4955848753452301, 0.0, 0.0, 1.4078452587127686, 0.0, 0.0, 0.0, 0.63993239402771, 0.0, 0.0, 0.0]
[0.2477531135082245, 0.227212056517601, 0.2523283362388611, 0.0, 0.2824745178222656, 0.0, 0.0, 0.27939853072166443, 0.2824745178222656, 0.1875668466091156, 1.0070059299468994, 0.27939853072166443, 0.0, 0.4535026550292969, 1.0070059299468994, 0.0, 0.0, 0.46191249787807465, 0.0, 0.0, 0.0]
[0.0, 0.0, 0.0, 0.0, 0.0, 0.0, 0.0, 0.0, 0.0, 0.0, 0.0, 0.0, 0.0, 0.0, 0.761911928653717, 0.559604287147522, 0.0, 0.0, 0.761911928653717, 0.559604287147522, 0.0]
[0.0, 0.0, 0.0, 1.4578925371170044, 0.0, 0.0, 0.0, 0.0, 0.0, 0.0, 0.0, 0.0, 0.0, 0.0, 0.0, 0.0, 0.0, 0.0, 0.0, 0.0, 0.0]
[0.0, 0.0, 0.0, 0.6169219017028809, 0.0, 0.0, 0.0, 0.0, 0.0, 0.0, 0.0, 0.0, 0.0, 0.6274996399879456, 0.0, 0.5046293139457703, 0.0, 1.0899243652820587, 0.0, 0.5046293139457703, 0.0]
[0.0, 0.0, 0.0, 0.9604976773262024, 1.0377243757247925, 0.0, 0.0, 0.0, 1.0377243757247925, 0.0, 0.0, 0.0, 0.0, 0.0, 0.0, 0.0, 0.0, 0.0, 0.0, 0.0, 1.6781740188598633]
[0.3165161609649658, 0.0, 0.634451150894165, 0.0, 0.36087438464164734, 0.7380340695381165, 0.634451150894165, 0.0, 1.0822577774524689, 0.9776594638824463, 0.6432485580444336, 0.0, 1.0282957553863525, 0.9191162586212158, 0.6432485580444336, 0.5464401841163635, 1.4442524313926697, 1.1802296042442322, 0.4191321134567261, 0.8853409886360168, 1.7209343314170837]
[0.0, 0.44727903604507446, 0.0, 0.0, 0.0, 0.44727903604507446, 0.0, 0.5492216944694519, 0.0, 0.36870551109313965, 0.9897502064704895, 1.2555936574935913, 0.4722382426261902, 0.8914631605148315, 0.9897502064704895, 0.7063719630241394, 1.055570363998413, 0.5227576494216919, 0.0, 0.5214580297470093, 0.5833321213722229]
[0.9954060614109039, 1.3007477223873138, 1.4285073280334473, 2.568018674850464, 1.600412666797638, 0.4339977204799652, 0.9472265839576721, 2.568018674850464, 1.0775607824325562, 0.3577573299407959, 0.0, 0.0, 0.0, 0.3577573299407959, 0.0, 0.815827488899231, 0.5660108923912048, 0.0, 0.6257583498954773, 0.815827488899231, 0.5660108923912048]
[0.0, 0.0, 0.0, 0.0, 0.0, 0.0, 0.0, 0.0, 0.0, 0.0, 2.0417275428771973, 0.0, 0.0, 0.0, 2.0417275428771973, 0.0, 0.0, 0.0, 0.0, 0.0, 0.0]
[0.486028254032135, 0.8917841613292694, 0.9900073409080505, 0.0, 0.0, 0.7898325026035309, 0.350877970457077, 0.27405422925949097, 0.0, 1.1185835599899292, 0.8447500169277191, 0.6265243589878082, 0.2356405407190323, 1.0736353397369385, 0.4938720464706421, 0.35247012972831726, 0.526715412735939, 0.5216980576515198, 0.0, 0.260200560092926, 0.29107487201690674]
[0.0, 0.4831905663013458, 1.5904260277748108, 0.0, 0.0, 1.096575528383255, 1.814231812953949, 0.0, 0.0, 1.0116934478282928, 0.7596388459205627, 0.7630857825279236, 0.5101537108421326, 0.39830848574638367, 0.0, 1.217235803604126, 0.5101537108421326, 0.4161672294139862, 0.0, 0.4541500210762024, 0.0]
[0.7987655997276306, 1.4661334156990051, 0.0, 0.0, 0.0, 2.596108376979828, 0.0, 0.0, 0.0, 3.0719608068466187, 1.6233129501342773, 0.0, 0.0, 1.2094454765319824, 1.6233129501342773, 0.0, 0.0, 0.6318363547325134, 0.0, 0.8552557826042175, 1.4727684259414673]
[0.0, 0.0, 0.5263961553573608, 0.5454315543174744, 0.0, 0.6025822758674622, 0.0, 0.0, 0.0, 0.9938759207725525, 0.0, 0.0, 0.0, 0.9460771679878235, 0.0, 0.0, 0.61906898021698, 0.5547835230827332, 0.0, 0.0, 0.61906898021698]
[0.505473792552948, 0.0, 0.5148082971572876, 0.0, 0.0, 0.589317262172699, 1.4596649408340454, 0.0, 0.0, 1.3546769618988037, 1.4596649408340454, 0.0, 0.4901365637779236, 0.7653596997261047, 0.0, 0.8726605772972107, 0.4901365637779236, 0.0, 0.0, 0.8726605772972107, 0.0]
[0.0, 0.33659830689430237, 0.7346463799476624, 0.0, 0.0, 1.1911859214305878, 1.2638229727745056, 1.2399446964263916, 0.0, 1.4095237851142883, 1.2740097045898438, 1.2399446964263916, 0.0, 0.9483356475830078, 0.7448331117630005, 0.3163681924343109, 0.43898460268974304, 0.6833082437515259, 0.0, 0.3163681924343109, 0.43898460268974304]
[0.0, 0.0, 0.8708603382110596, 1.548912763595581, 0.9749038815498352, 0.0, 0.0, 1.548912763595581, 0.9749038815498352, 0.0, 0.0, 0.0, 0.829125165939331, 0.0, 0.0, 0.7381054162979126, 0.829125165939331, 0.6763740181922913, 0.0, 0.7381054162979126, 0.0]
[0.4221804141998291, 0.7008690237998962, 0.0, 0.0, 0.4221804141998291, 0.7008690237998962, 0.0, 0.0, 0.0, 0.0, 0.0, 0.0, 0.0, 0.0, 0.0, 0.3293728232383728, 0.0, 0.30182576179504395, 0.5052729845046997, 0.7379251718521118, 0.0]
[0.0, 1.8085118532180786, 2.980643153190613, 0.0, 0.0, 0.0, 1.97642982006073, 0.0, 0.0, 0.0, 2.0038352012634277, 0.0, 0.0, 0.0, 2.0038352012634277, 0.0, 1.1810065507888794, 0.0, 0.0, 1.0557371377944946, 1.1810065507888794]
