[0.0, 0.0, 0.0, 0.43450838327407837, 0.0, 0.98171466588974, 0.7163967490196228, 0.0, 0.0, 0.0, 0.0, 0.0, 1.2882677912712097, 1.1107690632343292, 0.0, 0.0, 0.0, 1.4076658487319946, 6.163634300231934, 0.0, 0.0]
[0.0, 0.0, 1.2624716758728027, 0.0, 0.9655331373214722, 0.0, 0.0, 0.0, 1.4316389560699463, 0.0, 0.0, 0.28778842091560364, 0.0, 2.633437395095825, 0.0, 0.0, 1.6499295234680176, 0.0, 0.0, 1.6314338445663452, 0.0]
[0.0, 0.0, 1.700592279434204, 0.0, 0.0, 0.0, 0.4471507668495178, 2.4770286083221436, 0.0, 0.0, 0.0, 0.0, 0.0, 0.0, 1.8269689083099365, 0.0, 0.0, 0.0, 0.0, 0.0, 0.0]
[0.0, 0.0, 0.0, 0.0, 1.1116855144500732, 1.8775657415390015, 0.0, 1.2780674695968628, 0.0, 0.0, 0.0, 0.0, 0.0, 0.0, 0.7347235083580017, 0.0, 0.0, 0.0, 0.0, 0.0, 1.1180968284606934]
[0.0, 0.0, 0.30142274498939514, 0.0, 0.0, 0.0, 1.531672477722168, 0.0, 1.2832971811294556, 2.4846403896808624, 0.0, 1.531752347946167, 0.4566481113433838, 0.0, 0.7330647110939026, 0.0, 0.7900975942611694, 1.032210111618042, 0.0, 0.0, 0.7451877593994141]
[0.0, 0.0, 0.0, 0.0, 1.0682011842727661, 0.0, 0.0, 0.0, 0.0, 0.0, 0.9461681246757507, 0.0, 4.343396723270416, 0.39950400590896606, 0.0, 0.0, 1.8253713846206665, 0.0, 0.7777982354164124, 0.0, 0.0]
[0.7926757335662842, 0.0, 0.8967818021774292, 0.0, 0.0, 0.9655707478523254, 0.0, 0.0, 0.8504495024681091, 0.0, 0.0, 0.0, 0.0, 0.0, 0.0, 0.0, 0.0, 3.111377000808716, 0.0, 0.0, 0.0]
[0.0, 0.0, 1.65681654214859, 0.0, 0.0, 0.0, 0.35386908054351807, 0.0, 0.0, 0.45716971158981323, 0.0, 0.0, 0.8010679483413696, 0.5236549973487854, 1.445838451385498, 1.0628414154052734, 0.0, 0.0, 0.0, 0.0, 0.0]
[0.0, 1.1919959783554077, 0.0, 0.0, 0.6832806468009949, 0.0, 0.6685348749160767, 2.468935966491699, 1.8167248964309692, 0.0, 0.0, 0.824920654296875, 1.008926510810852, 0.8891936540603638, 0.0, 1.3386242389678955, 0.0, 0.0, 0.0, 0.0, 0.0]
[0.0, 0.0, 0.0, 0.0, 0.5592789649963379, 0.0, 1.487159550189972, 0.0, 2.225043833255768, 0.0, 0.0, 1.5878524780273438, 0.4980899691581726, 0.0, 0.0, 0.0, 4.919799327850342, 0.0, 0.0, 0.0, 0.0]
[0.0, 2.5440561771392822, 0.0, 0.0, 0.0, 0.0, 0.19950535893440247, 1.6590440273284912, 3.323273181915283, 0.5154890418052673, 3.199530243873596, 1.354796051979065, 0.903256893157959, 0.253572940826416, 0.0, 1.8383567333221436, 0.0, 0.5738885402679443, 0.0, 0.0, 0.0]
[1.4211432337760925, 0.0, 0.4912998378276825, 0.0, 1.0628477334976196, 0.0, 0.5848785638809204, 0.0, 0.0, 0.8309230208396912, 1.929385483264923, 0.6297544836997986, 1.324013590812683, 0.660569429397583, 0.0, 0.0, 2.9817322492599487, 0.45373910665512085, 2.017108678817749, 0.6616528630256653, 0.0]
[0.5530970692634583, 0.0, 0.19588175415992737, 0.0, 0.0, 0.0, 0.0, 4.806729316711426, 1.3026922941207886, 0.0, 0.0, 8.317158281803131, 1.4443871974945068, 0.14819426834583282, 0.0, 0.0, 0.0, 0.0, 0.0, 0.0, 4.195290416479111]
[0.5695012211799622, 2.2360053062438965, 0.0, 0.0, 0.0, 0.0, 0.6281551122665405, 0.0, 0.0, 0.0, 0.6447339057922363, 0.0, 0.0, 0.4730563461780548, 0.2495647817850113, 2.498824656009674, 0.43082305788993835, 0.0, 1.0831795930862427, 0.8362792134284973, 0.0]
[0.4758117198944092, 0.0, 0.0, 0.0, 0.4057258367538452, 0.0, 0.4642791450023651, 0.0, 2.9573581218719482, 0.0, 0.0, 1.9039045572280884, 0.0, 1.0367740392684937, 0.0, 0.0, 2.1813457012176514, 0.0, 0.34463879466056824, 0.0, 0.9887098670005798]
[0.0, 0.0, 0.0, 0.0, 1.3925963342189789, 0.0, 0.0, 0.0, 0.4053196609020233, 3.2228569984436035, 2.249399423599243, 0.0, 0.0, 0.0, 0.0, 0.0, 1.1202105283737183, 0.0, 0.0, 0.0, 0.0]
[0.0, 1.3054944276809692, 0.0, 0.0, 0.0, 2.4143428802490234, 0.21989160776138306, 0.0, 0.0, 0.0, 0.0, 0.0, 0.9955552816390991, 0.0, 0.0, 0.0, 0.0, 0.6325307488441467, 1.786083459854126, 0.0, 0.0]
[0.0, 0.0, 0.6294600367546082, 0.0, 0.7533401250839233, 0.0, 0.0, 0.0, 0.0, 5.037492275238037, 0.530289888381958, 0.9688361287117004, 0.0, 0.6210052371025085, 0.0, 1.6827733516693115, 2.0188117623329163, 0.0, 0.9661250710487366, 0.0, 0.0]
[0.0, 0.3471953868865967, 0.8131828904151917, 0.0, 0.0, 0.0, 0.0, 0.0, 1.5314262211322784, 0.6593836545944214, 0.0, 0.0, 0.0, 0.0, 0.0, 0.0, 2.398547410964966, 0.0, 0.0, 0.0, 0.0]
[0.0, 0.0, 0.46013379096984863, 0.0, 0.0, 0.0, 0.0, 0.0, 0.0, 0.0, 0.0, 0.0, 0.9246686100959778, 0.0, 0.0, 0.0, 1.590565800666809, 0.0, 1.0500216484069824, 0.6196803450584412, 1.8936882019042969]
[1.5238860845565796, 0.16330315172672272, 0.25823959708213806, 0.0, 3.179620385169983, 0.0, 0.3638933300971985, 0.0, 0.0, 2.78249728679657, 0.0, 0.0, 0.667620837688446, 0.8114055395126343, 0.838043212890625, 0.0, 3.315682530403137, 0.0, 0.0, 0.0, 0.0]
