[0.0, 0.6556552648544312, 0.0, 1.2239806652069092, 0.0, 1.0572541654109955, 0.0, 0.4725373685359955, 0.0, 0.679295003414154, 0.2621724009513855, 0.0, 0.6672775745391846, 0.0, 0.9049084484577179, 0.0, 0.0, 0.0, 0.6766271591186523, 0.0, 0.0]
[1.5413771867752075, 0.0, 0.0, 0.0, 0.6285855174064636, 0.0, 0.0, 0.0, 0.0, 0.0, 0.0, 0.0, 0.0, 0.0, 0.0, 0.0, 0.0, 1.428004264831543, 0.0, 1.428004264831543, 0.0]
[0.0, 0.0, 2.3020737171173096, 0.0, 0.2003946751356125, 0.0, 0.0, 0.0, 0.5822384357452393, 0.0, 0.0, 0.0, 0.0, 0.8772571086883545, 0.0, 0.0, 0.0, 0.15289849042892456, 0.0, 0.0, 0.2621917426586151]
[0.0, 0.0, 0.2932748794555664, 0.7573890686035156, 0.0, 1.4714490175247192, 0.0, 1.4714490175247192, 0.0, 0.0, 0.4618930518627167, 1.231067180633545, 0.582000732421875, 0.0, 0.0, 0.0, 0.0, 0.0, 0.0, 0.0, 0.0]
[0.0, 1.7038720846176147, 1.6684080958366394, 0.5712368488311768, 0.42548680305480957, 0.0, 0.8493208885192871, 0.0, 0.8493208885192871, 0.5116112232208252, 0.0, 1.00099515914917, 1.0527596473693848, 1.00099515914917, 2.0514785647392273, 0.0, 1.0174709558486938, 0.19955399632453918, 0.0, 0.0, 0.0]
[0.0, 0.6213017106056213, 1.0330908298492432, 0.6213017106056213, 0.0, 0.0, 0.0, 0.0, 0.0, 0.0, 0.0, 0.0, 0.6778947710990906, 0.41105690598487854, 0.0, 0.41105690598487854, 0.0, 0.0, 0.0, 0.0, 0.0]
[2.6965579986572266, 0.0, 0.8364184498786926, 0.0, 1.758181631565094, 0.9852980375289917, 1.8724875450134277, 0.5571247935295105, 1.5272643566131592, 0.0, 0.0, 0.8588722944259644, 0.0, 1.375991404056549, 0.0, 0.5171191096305847, 0.0, 0.0, 0.0, 0.0, 0.0]
[0.0, 0.0, 0.8136088252067566, 1.5919194221496582, 0.8112462759017944, 0.0, 1.5708557963371277, 1.529649257659912, 0.8102976083755493, 0.0, 1.028983473777771, 0.2327936291694641, 1.8239690065383911, 0.0, 0.7949855327606201, 1.5901620388031006, 0.0, 1.1090092658996582, 0.0, 1.1090092658996582, 0.5352410078048706]
[0.0, 0.5436354279518127, 0.0, 1.1492524147033691, 0.7783272862434387, 0.0, 0.0, 0.0, 0.0, 0.0, 1.4558453559875488, 0.0, 0.0, 0.0, 0.0, 0.0, 0.0, 0.0, 0.0, 0.0, 0.0]
[0.0, 0.0, 0.0, 0.0, 0.0, 0.0, 2.077862501144409, 0.0, 0.0, 0.0, 0.729253888130188, 0.0, 0.0, 0.0, 0.0, 0.0, 0.0, 0.0, 0.0, 0.0, 0.0]
[0.0, 0.47140437364578247, 0.0, 0.0, 1.2494242191314697, 0.4926058053970337, 1.2494242191314697, 1.7928892374038696, 0.0, 0.0, 0.0, 1.720513641834259, 1.5388070344924927, 1.8651177883148193, 0.0, 1.235576331615448, 0.8875178694725037, 0.0, 0.9870041608810425, 0.0, 0.0]
[2.170924663543701, 0.4018085300922394, 0.3272261321544647, 1.9687988758087158, 1.4712376594543457, 1.1312087774276733, 1.4712376594543457, 2.4712618589401245, 1.831396460533142, 2.734578013420105, 0.9837898015975952, 1.4226046800613403, 0.0, 0.825380265712738, 0.0, 0.825380265712738, 2.083421230316162, 2.0112464427948, 0.0, 2.0112464427948, 0.0]
[0.0, 0.6209725141525269, 0.2757331132888794, 2.347376227378845, 1.2859148979187012, 0.5305128693580627, 0.0, 0.5044499635696411, 0.0, 3.238941192626953, 0.553439199924469, 3.238941192626953, 0.22997264564037323, 0.0, 0.0, 0.0, 0.0, 0.0, 0.7697867751121521, 0.0, 0.0]
[0.0, 0.0, 0.0, 0.8599855303764343, 1.3742910623550415, 0.3248021900653839, 1.3742910623550415, 0.0, 0.20901978015899658, 0.0, 0.0, 0.0, 0.17245683073997498, 0.0, 0.0, 0.0, 0.0, 0.0, 0.0, 0.0, 0.0]
[1.981374740600586, 0.0, 0.0, 0.0, 0.0, 0.0, 0.0, 1.839269757270813, 1.4586776494979858, 0.0, 0.0, 0.6819274425506592, 1.7209712266921997, 0.6819274425506592, 0.0, 0.0, 3.501647710800171, 0.0, 0.0, 1.2091991901397705, 0.0]
[0.0, 1.7111766338348389, 0.487083375453949, 0.0, 2.1362810134887695, 0.0, 0.7629983425140381, 0.0, 0.0, 0.9430066347122192, 0.0, 0.0, 1.7717864513397217, 0.0, 0.0, 0.0, 1.0347044467926025, 0.0, 0.0, 0.0, 0.0]
[0.0, 1.1297391057014465, 0.0, 0.0, 0.8343468308448792, 0.0, 0.0, 0.0, 0.0, 0.0, 2.0755311250686646, 0.0, 0.3706371784210205, 0.0, 0.3706371784210205, 0.0, 0.0, 0.0, 2.3545522689819336, 0.0, 0.0]
[0.0, 0.0, 0.9945867359638214, 1.874459147453308, 1.214014858007431, 0.2946034371852875, 0.0, 0.0, 1.9742218255996704, 0.5042616724967957, 0.9645357131958008, 0.0, 0.0, 0.35634464025497437, 0.6433449387550354, 0.31973955035209656, 1.6800875663757324, 0.0, 2.2036802172660828, 0.0, 0.0]
[0.0, 1.1517943143844604, 1.0514237880706787, 2.1961851119995117, 0.7027408480644226, 2.500473737716675, 0.0, 0.0, 0.0, 0.0, 0.0, 0.0, 1.3310966491699219, 0.0, 1.3310966491699219, 0.0, 0.0, 0.0, 0.0, 0.0, 0.0]
[0.0, 0.6482968926429749, 0.4388235807418823, 0.6482968926429749, 0.0, 0.8443003296852112, 0.0, 0.0, 0.0, 0.0, 0.0, 2.6833469569683075, 0.0, 0.3909008204936981, 0.0, 0.0, 0.0, 1.6749777793884277, 0.0, 0.0, 0.0]
[2.1803112030029297, 0.64051353931427, 0.0, 0.0, 0.0, 2.0094125270843506, 0.0, 0.0, 0.0, 0.0, 0.0, 0.0, 2.072577476501465, 0.0, 0.0, 0.0, 0.0, 0.47585436701774597, 0.0, 0.0, 0.0]
