[0.22309477859124743, 0.0, 0.3191251061141438, 0.0, 0.1992963843496505, 0.80569856519319, 1.038925613349269, 0.0, 0.3795856554183976, 0.5971774429961401, 0.0, 0.8000736885611035, 0.0, 0.26852891132558243, 0.34669740055486953, 0.0, 0.4585451926749534, 0.0, 0.0, 0.0, 0.7670650764287421]
[1.8769771249751985, 0.0, 0.0, 0.0, 2.395369936864869, 0.10705819260260105, 3.3922684483416834, 0.0, 0.39485410331455584, 0.0, 0.0, 0.0, 0.0, 0.0, 0.0, 0.500259340803898, 0.14320649908038394, 0.402254528280377, 0.0, 0.0, 0.8103064678213836]
[0.0, 1.8974608833700508, 0.0, 1.7486011305692817, 0.0, 0.6090979706096851, 0.0, 0.0692169009184004, 1.794729137242323, 0.0, 0.0, 1.9108104546590412, 0.0, 0.9220112093321726, 0.0, 0.0, 1.0982342535050993, 0.588274661291474, 0.0, 0.0, 0.0]
[1.2941136512685512, 0.0, 0.0, 0.3914782309810353, 0.6661626157595173, 0.03989440968332952, 0.0, 0.332006965099651, 2.333617648901808, 0.2986324452815883, 0.0, 0.9009715519772108, 0.28577628322367166, 0.5309436521267273, 0.0, 0.0, 0.0, 0.0, 0.6881538574172184, 0.0, 0.8825800653169541]
[1.4423274028050168, 2.5137548918107457, 0.0, 0.0, 0.07846777307391822, 0.4649565745582126, 0.0, 0.0, 0.0, 0.0, 0.33572069306268376, 0.3216629843310269, 0.948430127393973, 0.0, 0.0, 0.0, 0.4216275454826429, 0.0, 0.0, 0.0, 0.0]
[0.825619589848853, 0.0, 0.0, 0.0, 0.5306701959507751, 1.2332880250392018, 0.7713143948699624, 0.0, 1.5247688033338638, 0.8711871015720544, 0.0, 0.6022153715559415, 0.0, 0.0, 0.0, 0.2938618389632774, 1.359035483817825, 0.0, 0.627801627289509, 0.0, 1.3773839796088458]
[0.6276160716145629, 0.921223998930382, 0.9791422897321668, 0.030879613843875886, 0.0, 0.5598544798484943, 0.23123954845780942, 1.1369970044951792, 0.6145152741218107, 1.6171128526134848, 0.0, 1.1058638271904235, 0.0, 0.0, 0.0, 0.786464255677268, 0.0, 0.4238561163506702, 0.98164792343071, 0.0, 0.0]
[0.16666666666666666, 0.0, 0.6178300515971142, 0.2481815236432129, 0.0, 0.3540601144033329, 1.038925613349269, 1.3140390624989389, 0.0, 0.2244516279951107, 1.3089753288275048, 0.0, 0.0, 0.3570517604212738, 0.0, 0.0, 0.49276419778739183, 0.0, 3.266090115415411, 0.0, 0.7670650764287421]
[0.6352008405212529, 0.0, 0.5594997372100475, 0.0, 0.9650294684344716, 0.290765383941069, 0.0, 1.0768003062014744, 0.7614995016877883, 1.073529781097553, 1.0945451728131048, 0.6652862830926404, 0.6568820569138079, 0.2275426585308981, 0.2937801052837001, 1.4736518458791728, 1.0345095779129583, 0.0, 0.25139226645687607, 0.0, 1.4162093679645622]
[1.3063439190012542, 0.5901600350947166, 0.0, 0.2622036128791345, 0.0, 0.9737113470048264, 0.7146359743590698, 0.0, 0.0, 0.21932113080448346, 0.4919120250437308, 0.40081520684943805, 0.8628778502347041, 0.6935173783860062, 0.29206239629473685, 0.16666666666666666, 0.0, 0.0, 0.0, 0.2663033323428775, 0.20371789612903218]
[0.8227774707519792, 0.854223857627525, 0.0801234625929862, 0.0, 0.09984234752983048, 0.0, 0.2244669109157052, 0.06790623338992009, 1.1192407652828513, 0.36349246229010446, 0.16666666666666666, 0.9625463082796542, 0.0, 0.46651403612912434, 0.5834565894402245, 0.0, 0.6807643246209651, 0.0, 0.0, 0.0, 0.6503390887920822]
[0.4809995758829355, 0.3939364772317853, 0.19806998556263683, 0.6980861719283206, 0.8696317690320857, 1.1028542386278921, 0.5457983049820315, 0.22320864871233628, 0.4583679164907089, 0.0, 0.8837829481417894, 0.5629390019659023, 0.515425779065481, 0.5922853423795946, 0.0, 0.22901270842974622, 0.0, 0.5788179365846466, 0.0, 0.0, 0.0]
[0.2591719049809378, 0.4823698152366054, 0.319477615945379, 0.0, 0.4629844031122755, 1.7103505641260137, 0.4783195850673424, 0.0, 2.448956568607315, 1.6778723779853897, 0.0, 0.5251310410369587, 1.0473929099004835, 0.17960646404382244, 0.4637794452744355, 1.019948898175774, 2.73463614087242, 0.35023252425160584, 0.38363789567295387, 0.6035965644009346, 1.641266708875941]
[1.8609466087796447, 0.5481739951140732, 0.24555841604838327, 0.0, 0.3859279234573947, 0.045721137932729555, 0.9058830838591672, 0.6648777464295729, 1.3415547224514826, 1.7245734589295632, 1.5301016557124119, 0.4027535423552797, 0.9682469261630271, 0.4132518995976523, 0.0, 0.0, 0.8099001043896994, 0.03548430899028476, 0.9536012256364792, 0.0, 0.0]
[0.34004472477734593, 0.2900510684571518, 1.0792079247737916, 0.2481815236432129, 0.0, 0.3832142851449011, 0.3595832943732589, 0.7433213303048155, 0.0, 0.0, 0.49643068004938007, 0.8038442206621594, 0.4266349066210829, 0.03563733121857344, 0.0, 0.3387938255329249, 2.57180438135145, 0.49835651059267444, 2.6498362057771985, 0.0, 0.0]
[0.0, 0.46145992183368645, 0.5594997372100475, 0.0, 0.7537389775690573, 0.09060800615662098, 0.0, 1.1280196623732461, 0.35075825693997703, 0.7937341764694211, 1.1101830249641682, 1.1681338486390849, 0.46257663212808314, 0.6636658912590929, 0.0, 0.6869276442324349, 1.2364031699487832, 0.0, 0.0, 0.0, 0.12283824429607605]
[0.0, 0.3542327073671352, 0.4869817760118863, 0.2622036128791345, 0.0, 0.09454044395676792, 1.5421228994797191, 0.0, 0.583881385333798, 0.4429361908222772, 0.4800335289198852, 0.40081520684943805, 0.8628778502347041, 0.9940804833226253, 0.0, 0.0, 0.0, 0.0, 0.0, 0.0, 0.0]
[1.7402053057738727, 0.46320903466010815, 0.09255461088884179, 0.9024402145809685, 0.9566170383161365, 0.5766258048927424, 0.7726271483584044, 0.5709459032776792, 0.34259108365508784, 0.3568264886578584, 0.0, 1.1810052321351718, 0.0, 0.35168024558749106, 0.4228389370369102, 0.0, 0.6807643246209651, 0.0, 0.0, 0.0, 0.0]
[0.0, 1.8724442445800924, 1.695663446288663, 0.0, 1.2566292622133568, 0.9763003031289463, 0.0, 0.0, 1.7234073648084802, 2.8658662671759636, 0.5211916975899479, 2.1251053319462345, 1.4411000957377813, 0.45804843499450976, 0.268534463350696, 0.0, 0.0, 0.0, 0.0, 0.0, 0.0]
[0.0, 0.9362232096794696, 0.0, 0.39907507004975273, 0.5774031976226629, 1.0283703674967355, 0.0, 2.175974287835164, 1.1659104699672744, 0.0, 0.28997216548921967, 0.0, 2.8887216493378762, 0.8731253239270098, 0.3311506733815787, 1.2901885836403293, 1.3756006570545947, 0.0, 0.0, 0.0, 0.0]
[0.49256020000040573, 0.2414264717153285, 0.3157632348493583, 0.04736131462931007, 0.4400168586795655, 1.9738801340181467, 0.0, 1.2908128104810275, 0.0, 0.0, 0.0, 0.2589501194603188, 0.0, 0.2657000382832534, 0.38898797416123077, 0.5601976528475319, 0.8099001043896994, 0.0, 0.29354906809000514, 0.0, 1.9568558240612852]
