[2.6220728158950806, 1.2320438623428345, 2.186689615249634, 1.0181735754013062, 0.0, 1.4593684673309326, 0.9493727087974548, 2.8992316722869873, 2.4989647567272186, 1.0961648225784302, 1.8718527555465698, 1.9199577569961548, 2.3454205989837646, 2.0656615495681763, 1.434528410434723, 2.290678948163986, 0.9826797246932983, 0.6756396293640137, 1.46298485994339, 1.5891036987304688, 1.531288981437683]
[0.6982026696205139, 0.4996752440929413, 1.6677972078323364, 1.4916741251945496, 0.0, 4.582057952880859, 0.7437750101089478, 2.867080569267273, 2.8454792499542236, 1.6496654152870178, 0.8158901929855347, 3.960295230150223, 0.9814410209655762, 2.419534385204315, 2.505730390548706, 3.099008023738861, 5.519662618637085, 1.6457473039627075, 1.1033714711666107, 0.9099775552749634, 1.6302924752235413]
[1.0295181274414062, 0.4869769811630249, 2.098158597946167, 0.0, 0.7901933789253235, 3.243031144142151, 4.811774730682373, 1.232210397720337, 1.8985841870307922, 3.1757153272628784, 2.5886505842208862, 0.3661262094974518, 0.901212751865387, 3.25427109003067, 0.5420498847961426, 2.156398057937622, 1.076778918504715, 2.759267807006836, 1.4255866408348083, 5.46522581577301, 2.71251904964447]
[2.7303043603897095, 2.5027769804000854, 9.395042687654495, 0.42909979820251465, 1.3284111022949219, 1.5218343138694763, 2.5554203391075134, 0.7299413084983826, 1.8484007120132446, 2.5167996883392334, 3.3850147128105164, 2.888073444366455, 4.355532944202423, 1.413243055343628, 1.00466787815094, 1.2267615795135498, 2.720900923013687, 0.8517630696296692, 0.9359065890312195, 1.2759179472923279, 0.8356860280036926]
[4.24274879693985, 2.0037630796432495, 2.1217457056045532, 1.3599895536899567, 1.554450809955597, 2.6464847922325134, 0.3249657452106476, 1.7752120047807693, 3.385650485754013, 2.7166908383369446, 4.48123562335968, 1.7532445192337036, 2.950473964214325, 0.8344303965568542, 4.299626976251602, 2.338413655757904, 0.4461669921875, 1.0845558941364288, 1.43472558259964, 0.8097823858261108, 1.0158509016036987]
[0.7810225486755371, 2.326569378376007, 0.32591456174850464, 2.825942873954773, 3.59031081199646, 2.0259710550308228, 0.6342419385910034, 2.377262443304062, 3.9089269638061523, 3.7843061685562134, 3.4506584107875824, 4.3523001074790955, 1.723566472530365, 1.2116454243659973, 1.1320036351680756, 1.5516926050186157, 0.2972109913825989, 1.0287432372570038, 3.6060891151428223, 3.6180948615074158, 1.0244763791561127]
[1.9448618292808533, 0.0, 0.0, 0.5182567238807678, 5.447345852851868, 0.0, 2.641371726989746, 0.8618422448635101, 4.353029042482376, 2.224920928478241, 1.445705622434616, 1.121767282485962, 0.0, 0.0, 0.0, 0.47659289836883545, 4.220144331455231, 3.5232095420360565, 2.6875500679016113, 0.4367040991783142, 0.824504554271698]
[0.7852380871772766, 2.5678542256355286, 2.2847445011138916, 2.7942018508911133, 4.386740207672119, 0.9585555195808411, 2.9557008743286133, 2.100621998310089, 3.2013330459594727, 3.415804624557495, 1.0491273403167725, 3.2035701870918274, 5.3853535652160645, 0.8424471616744995, 1.2138863801956177, 0.776727020740509, 2.3039939403533936, 1.5862389206886292, 1.4635679721832275, 0.0, 0.9571415185928345]
[2.9187682271003723, 1.1181318759918213, 3.2701061069965363, 2.493483066558838, 0.6584877967834473, 0.8316888213157654, 3.0420236587524414, 0.0, 4.423724949359894, 3.281896859407425, 2.763915181159973, 5.743612051010132, 0.0, 0.0, 3.227351188659668, 2.419712007045746, 0.0, 1.963463544845581, 1.7748859524726868, 1.7254979610443115, 3.310508608818054]
[2.5026978254318237, 2.0977689027786255, 0.7762860059738159, 0.9267869591712952, 8.598496675491333, 1.4565619230270386, 4.857732534408569, 4.2285438776016235, 4.90403687953949, 5.8475794196128845, 2.0893092155456543, 2.8727291226387024, 1.8129427433013916, 0.5759401917457581, 3.9315856099128723, 1.3390858173370361, 1.1817439794540405, 2.9959373474121094, 2.019984245300293, 2.6681928634643555, 5.336834669113159]
[3.387816607952118, 2.143362522125244, 6.8089423179626465, 2.507941424846649, 1.6228737831115723, 2.9724926948547363, 1.1314260363578796, 4.0129504799842834, 6.3467161655426025, 2.02927428483963, 5.497293174266815, 3.819299042224884, 8.715742468833923, 2.612489402294159, 9.437649369239807, 0.8091288805007935, 8.409181535243988, 1.8211097121238708, 9.158196210861206, 4.513320982456207, 6.657151579856873]
[4.993558466434479, 2.7051981687545776, 1.945690631866455, 6.705075681209564, 4.9121445417404175, 1.30766761302948, 3.690724551677704, 5.58316433429718, 6.689999341964722, 5.879304647445679, 4.928149521350861, 1.9628055095672607, 3.471865177154541, 7.73773580789566, 2.113484263420105, 3.2443143725395203, 1.3571890592575073, 2.5443891882896423, 4.248793661594391, 1.8542303442955017, 4.949073851108551]
[1.0379724502563477, 1.0597493946552277, 4.3396337032318115, 0.8722923398017883, 3.4588942527770996, 1.4644488096237183, 14.32154756784439, 0.6567278504371643, 2.156682997941971, 1.181782841682434, 5.505508899688721, 4.3913044929504395, 0.6869012713432312, 2.373604953289032, 2.449647545814514, 0.9167416095733643, 0.0, 1.2341132760047913, 1.199221134185791, 3.9833635687828064, 5.11874395608902]
[0.0, 1.3708549737930298, 6.197522580623627, 3.064445436000824, 1.830703318119049, 2.4351460337638855, 7.4284380078315735, 2.9976876378059387, 1.3836753070354462, 0.0, 3.3686904311180115, 2.930647909641266, 2.353684663772583, 2.9807009398937225, 3.2995264530181885, 2.6215932369232178, 1.770165741443634, 1.969333827495575, 1.2736175060272217, 0.9567773342132568, 3.6904355585575104]
[2.1752729415893555, 3.937575787305832, 18.811069905757904, 2.1803480088710785, 1.5628037452697754, 5.452536940574646, 1.680964469909668, 2.918673276901245, 2.0741314589977264, 1.520532488822937, 1.8790755867958069, 3.495690941810608, 4.596977710723877, 0.5901933312416077, 2.8605153560638428, 1.4191787242889404, 1.917996883392334, 0.8065694570541382, 0.0, 2.819410115480423, 2.6444231271743774]
[3.0249107480049133, 0.5290039777755737, 3.7852179408073425, 6.8791521191596985, 2.2291948199272156, 7.191093802452087, 2.947052538394928, 2.0277561843395233, 3.7435868978500366, 3.729036569595337, 1.0753096342086792, 1.6128109097480774, 2.3605618476867676, 0.7767271399497986, 0.508949339389801, 2.356753945350647, 1.396712064743042, 2.495295822620392, 1.477959930896759, 1.4615562558174133, 1.8902708292007446]
[5.561630725860596, 0.0, 2.559386223554611, 4.966066956520081, 0.0, 3.1810446083545685, 2.664710283279419, 2.3772162795066833, 3.095782697200775, 4.342850923538208, 8.022590160369873, 5.215860426425934, 0.8071922659873962, 2.4786977767944336, 0.508949339389801, 1.0873101949691772, 1.9014783203601837, 2.0284619331359863, 0.6308605074882507, 1.9403389692306519, 4.283899188041687]
[5.758167386054993, 3.24151548743248, 3.3581079840660095, 3.422941267490387, 0.3900321424007416, 5.49854040145874, 2.1619709134101868, 0.4211457073688507, 3.4208529591560364, 5.682654142379761, 2.2270049452781677, 0.9758330583572388, 1.1034730672836304, 5.577786564826965, 1.3999938666820526, 1.1333458423614502, 0.9869104027748108, 3.4686727225780487, 1.8513463735580444, 1.2893580198287964, 3.5002459287643433]
[3.7854620218276978, 6.304179310798645, 3.7204489707946777, 3.2478466629981995, 0.8021931350231171, 2.0376557409763336, 1.7898181676864624, 1.6382672190666199, 5.1152560114860535, 2.7059351205825806, 6.485289484262466, 5.984297811985016, 3.2409536838531494, 1.1822396516799927, 2.268031358718872, 3.1997926831245422, 1.1261233985424042, 2.8127617835998535, 1.9063154458999634, 0.5177865028381348, 2.733907073736191]
[5.708674252033234, 4.779957324266434, 4.384509414434433, 4.38330864906311, 4.021440207958221, 3.93246528506279, 3.0338945984840393, 3.528203457593918, 4.724133670330048, 2.2678327560424805, 1.2837523221969604, 5.4523855447769165, 4.766556739807129, 1.6510784029960632, 3.797926038503647, 5.012327998876572, 4.709849119186401, 3.7010284662246704, 1.6855731904506683, 2.3233303129673004, 1.6447803974151611]
[6.172782719135284, 5.579941093921661, 4.854085206985474, 3.285265237092972, 1.2777957320213318, 1.257626235485077, 4.226520419120789, 3.581519603729248, 2.008899211883545, 0.8777610063552856, 2.873820185661316, 4.972140669822693, 0.7304484844207764, 1.6636136770248413, 2.0018472969532013, 1.8125867247581482, 2.021385431289673, 8.18845421075821, 1.0781328976154327, 3.464434862136841, 0.0]
