[0.2187660048570506, 0.1216408450915741, 0.1676160124687973, 0.10582290246402917, 0.0, 0.16479727126024662, 0.03399028899431634, 0.3993507543755216, 0.38741791915804513, 0.13363291183514794, 0.2954845906223469, 0.2645851566285044, 0.34515603182489746, 0.19508781721021412, 0.1110804706771727, 0.31358084282065957, 0.04518892012870023, 0.1856410706068758, 0.0873246765004212, 0.20657060921443157, 0.23425881392226006]
[0.08511754242668855, 0.04231211306074117, 0.12406742980503355, 0.2967095661333529, 0.0, 0.3545314053789183, 0.07730354848280079, 0.28792562827395735, 0.4089301293863772, 0.16144845881007683, 0.03751903681142937, 0.3527427851688331, 0.035138427326136604, 0.3884422064729589, 0.37525303754272915, 0.35052494162218, 0.3034275997534195, 0.11484333714922738, 0.161497489184575, 0.04184568179328657, 0.22115652271301975]
[0.1515056155443677, 0.04123683398074396, 0.07512014663917942, 0.0, 0.02829120856558908, 0.4805270701584218, 0.5523010028920117, 0.15021816067184796, 0.18971397578989999, 0.23234076976132173, 0.29708641423466786, 0.10059809779412031, 0.09366669047799749, 0.5240406924422613, 0.14893549247638202, 0.2643285708854449, 0.09795668367706675, 0.47360308639695936, 0.18865678224935167, 0.5322772447692782, 0.2923761360919496]
[0.34597569719874965, 0.23261964199548793, 0.4426987542066082, 0.015363013928197927, 0.19549120737616027, 0.16276328363371279, 0.4006649233602168, 0.11166748225481984, 0.33902662031569775, 0.3441562090924801, 0.5401299907682855, 0.3520836064202749, 0.7073078313840149, 0.2014531376016283, 0.1044192006617398, 0.18551218973150835, 0.2521127458768877, 0.03916866539002293, 0.09727256145638713, 0.16924064154656548, 0.13191867957657996]
[0.48816831289639356, 0.2084056335416131, 0.24995823778313622, 0.19593469105061337, 0.16355177277409197, 0.1154338535425475, 0.014542138541995523, 0.09558088089970512, 0.2805140080543951, 0.3344317421572944, 0.5097834472691841, 0.20776743305085388, 0.43718266055189486, 0.02987502175045196, 0.6386472777544207, 0.12035701320422418, 0.12259037880460462, 0.13899011687784255, 0.32659369044657804, 0.028992551672989773, 0.03637040058206811]
[0.1194819646174785, 0.2566134197986926, 0.02759819292204043, 0.31203597737937433, 0.3941257402369225, 0.09408971733884736, 0.029165869189176637, 0.2784215389011655, 0.42847602257931605, 0.48158217831697775, 0.3764670033785444, 0.4846093946689324, 0.29965689423845776, 0.07577133508087888, 0.1006738257249887, 0.22199015451879642, 0.030890341796507233, 0.06688211214644885, 0.37652376440857854, 0.3984029945964514, 0.1189246945169283]
[0.19115559528396245, 0.0, 0.0, 0.14239800166991526, 0.6935400232919007, 0.0, 0.2526797623855164, 0.10103052051972092, 0.5312028321481715, 0.5235133039517167, 0.1658822901297585, 0.16508115602873732, 0.0, 0.0, 0.0, 0.1309503055350782, 0.5648284338429841, 0.5393490802115634, 0.12358806466490743, 0.11999032174324309, 0.037915171660188665]
[0.0957279871712479, 0.19141393325110645, 0.23746274735258874, 0.36150782285739913, 0.42137914699251106, 0.15131445806987734, 0.5906267609726447, 0.14657421487723188, 0.32320903694419706, 0.22978083470763502, 0.127898595616868, 0.3980634600627964, 0.6136759801329655, 0.03874026963713011, 0.19162015764931828, 0.11430445200580619, 0.08248964726715496, 0.3068790702993133, 0.17151798181499203, 0.0, 0.1510912484708089]
[0.2626657941948075, 0.11621197339399413, 0.7206403140651604, 0.2571388334912496, 0.06843930305822668, 0.03824554305330857, 0.35511142674195595, 0.0, 0.6938137856989927, 0.3708698905637635, 0.286535796321919, 0.9371292356669522, 0.0, 0.0, 0.37804551621252747, 0.21887157991256032, 0.0, 0.3650078817809565, 0.19999892680767747, 0.18397394927795574, 0.42583096981115287]
[0.33619492030295084, 0.39017666913327376, 0.06573529835735822, 0.041473492384397105, 0.8110139830143356, 0.15484995163664106, 0.3220876242982734, 0.34370775420665917, 0.4992906661378656, 0.9202838370461827, 0.27721250656743934, 0.44300051161524745, 0.1884264802508118, 0.02648484004473614, 0.46390626840148885, 0.06157839683117996, 0.05434296949271858, 0.4334973682157368, 0.11468883812056646, 0.30658050282200333, 0.48668407329986063]
[0.43303907715510065, 0.1552954429232278, 0.7851203933430339, 0.26079636258081307, 0.30103012392043044, 0.3616709182103325, 0.11395676960767745, 0.5323125692058069, 0.7906466426070298, 0.21681358468709638, 0.29411764705882354, 0.378973929671757, 1.4539089378925971, 0.21262695326583492, 1.3278756693949896, 0.11907276407036822, 0.5508478812469405, 0.30715021120355895, 1.0166772981812056, 0.6562504985989331, 1.2605085166319905]
[0.5250537591962338, 0.373654743956062, 0.3536118380016823, 1.0469864239086528, 0.6481472203823689, 0.058517809571678556, 0.5732479882894057, 0.6885871780461831, 0.9894209477907893, 0.7567093210396711, 0.49910381201661663, 0.5393071992122971, 0.36122699294425514, 1.2846224226917824, 0.2966335771690782, 0.43832702144959573, 0.233619568247801, 0.31682452969483205, 0.7178231463621821, 0.20294445293413724, 0.46030602773579327]
[0.08789470398700015, 0.07177684122640234, 0.3010821669929897, 0.09066087494814593, 0.47769755782455087, 0.1498757319136585, 0.8027018748129063, 0.06825638470811018, 0.16385563332992456, 0.3247107221364067, 1.0281253867453444, 0.4824682267402444, 0.02459305234621078, 0.18875772268690275, 0.2367040542382775, 0.251887080737503, 0.0, 0.07628327454873912, 0.3295021274199102, 0.36118084238058934, 0.3851207845651991]
[0.0, 0.2163987095318106, 0.8223983542491548, 0.5172208303251802, 0.11108893443343108, 0.28565782061395917, 0.8481848164697101, 0.28520218970945527, 0.18002358764485005, 0.0, 0.6197902900958595, 0.28335974353196935, 0.2264200426000003, 0.5179522178203769, 0.39722838032694746, 0.14570859272528772, 0.24375165094406834, 0.3041954386842058, 0.19271472482188592, 0.15103375950860728, 0.7188688023364339]
[0.28058860223151816, 0.5472980965346277, 1.1654461785750572, 0.2830132605547335, 0.2766249173010537, 0.7465495304141814, 0.12145393636124678, 0.3558140168832501, 0.3192204041949999, 0.1580350984798213, 0.332606784689934, 0.4711290135393977, 0.8561692357790337, 0.027140276364501663, 0.3496223249698437, 0.12017495632491822, 0.2822556404642548, 0.028877519529696086, 0.0, 0.31654268775157174, 0.15275490779520703]
[0.4439234658836944, 0.018939872525418074, 0.4355454323203497, 0.37709064093273975, 0.3587629170555735, 0.977634353795797, 0.33307194894513187, 0.2564332821161832, 0.34485857995410285, 0.7039243596409541, 0.29545577709272774, 0.11400759943844353, 0.3563502772850772, 0.03571810815567607, 0.05289716567251417, 0.3072099011977874, 0.11827249697748972, 0.14072833926973033, 0.1410151463203149, 0.12473554423554167, 0.15512262371992003]
[0.5362630844606903, 0.0, 0.20561159422561193, 0.5158243077137937, 0.0, 0.28957485584147274, 0.4420748205784983, 0.46671534532474784, 0.42703673480430915, 0.3533016899928827, 0.9065411435190261, 0.659208567374363, 0.06835241654249696, 0.2261056278661097, 0.139840672664393, 0.29875309248193715, 0.10962641360972296, 0.1424101833621893, 0.08782232127103957, 0.16430640263414467, 0.5603383421247955]
[0.904968329819643, 0.4286808817525533, 0.5134635475218655, 0.6681015334343837, 0.04053761987178072, 0.42275115775058925, 0.3048638873871194, 0.04377137866347861, 0.32250603835458247, 0.7699837209601518, 0.24620350439889194, 0.10142228108307759, 0.0934412455576912, 0.5363555142016722, 0.10742177263055205, 0.10587577335078743, 0.12031375950650923, 0.45739421760123716, 0.16972754976585525, 0.1519542221866285, 0.41187257514164255]
[0.47660589467252146, 0.6170744177706687, 0.5153723255579618, 0.5797361202472467, 0.15000413509934032, 0.35494626091790366, 0.13735953736553747, 0.27559107177260744, 0.6526979713818262, 0.27614438428126165, 0.9627917371541368, 0.9315043477223582, 0.3272418703393298, 0.10011113898104315, 0.22795021275863697, 0.49806840079650966, 0.07444799458349018, 0.20388577119578716, 0.29482344165510227, 0.01853825447659822, 0.1382813398624375]
[0.5634986096556998, 0.4696902938518319, 0.42106966781496147, 0.5224782674215235, 0.3411392948417502, 0.4206524934831607, 0.4648133858828398, 0.46503702627756205, 0.5925873861155992, 0.18384689891323264, 0.19657240168768983, 0.9532424808523885, 0.5423138735009515, 0.15417399693234277, 0.5117959362967511, 0.6539108659479304, 0.5661822697973626, 0.4421622553928288, 0.18270187002786695, 0.31112757499445115, 0.22314125703067028]
[0.46561680081972295, 0.8454786296971386, 0.47260769502052435, 0.3254801940287676, 0.21148445687890877, 0.26285908632171806, 0.5420374924654866, 0.6704031965666948, 0.39877835328155536, 0.1385604988739714, 0.36995040896059794, 0.7721174139849194, 0.2007005403141991, 0.23813517772260842, 0.2288430463832709, 0.19036783741397323, 0.1838893854247211, 1.2112525253297268, 0.2401365375063838, 0.528048232945284, 0.0]
