[0.15423957740559296, 0.07247316837310791, 0.1286288008970373, 0.05989256325890036, 0.0, 0.08584520396064309, 0.05584545345867381, 0.17054303954629338, 0.14699792686630697, 0.06448028368108413, 0.11010898562038646, 0.11293869158800911, 0.13796591758728027, 0.12150950291577507, 0.084384024143219, 0.13474582048023448, 0.057804689687841075, 0.039743507609647864, 0.08605793293784646, 0.0934766881606158, 0.09007582243751076]
[0.04107074527179493, 0.02939266141723184, 0.0981057181077845, 0.08774553677614998, 0.0, 0.26953282075769763, 0.04375147118287928, 0.16865179819219253, 0.16738113235024846, 0.09703914207570694, 0.04799354076385498, 0.23295854295001311, 0.05773182476268095, 0.14232555207084208, 0.14739590532639446, 0.1822945896316977, 0.32468603639041677, 0.0968086649389828, 0.06490420418627121, 0.053528091486762554, 0.09589955736609065]
[0.06055988984949449, 0.028645704774295584, 0.12342109399683335, 0.0, 0.0464819634661955, 0.19076653789071477, 0.28304557239308076, 0.07248296457178452, 0.11168142276651719, 0.1868067839566399, 0.15227356377769918, 0.021536835852791283, 0.053012514815611, 0.1914277111782747, 0.031885287340949565, 0.126846944584566, 0.06333993638263029, 0.16230987100040212, 0.08385803769616519, 0.32148387151605945, 0.15955994409673355]
[0.1606061388464535, 0.14722217531765208, 0.5526495698620292, 0.02524116460014792, 0.0781418295467601, 0.0895196655217339, 0.15031884347691254, 0.04293772402931662, 0.10872945364783791, 0.14804704049054315, 0.19911851251826568, 0.16988667319802678, 0.25620782024720135, 0.08313194443197812, 0.05909811047946705, 0.07216244585373822, 0.16005299547139337, 0.05010370997821583, 0.05505332876654232, 0.0750539968995487, 0.04915800164727604]
[0.24957345864352057, 0.11786841644960291, 0.12480857091791489, 0.07999938551117391, 0.09143828293856453, 0.15567557601367726, 0.019115632071214562, 0.10442423557533938, 0.19915591092670665, 0.15980534343158498, 0.2636020954917459, 0.10313203054315903, 0.17355729201260736, 0.0490841409739326, 0.25291923389715304, 0.1375537444563473, 0.0262451171875, 0.06379740553743699, 0.08439562250586118, 0.04763425798977122, 0.05975593538845286]
[0.045942502863266885, 0.13685702225741217, 0.019171444808735567, 0.16623193376204545, 0.21119475364685059, 0.11917476794298958, 0.03730834932888255, 0.1398389672531801, 0.2299368802238913, 0.222606245209189, 0.2029799065169166, 0.25601765338112326, 0.10138626309002147, 0.07127326025682337, 0.06658844912753385, 0.09127603558933034, 0.01748299949309405, 0.0605143080739414, 0.21212288912604838, 0.2128291095004362, 0.0602633164209478]
[0.11440363701652077, 0.0, 0.0, 0.030485689640045166, 0.3204321089912863, 0.0, 0.15537480746998505, 0.05069660263903001, 0.25606053191072803, 0.13087770167519064, 0.08504150720203624, 0.06598631073446835, 0.0, 0.0, 0.0, 0.02803487637463738, 0.24824378420324886, 0.20724762011976802, 0.15809118046480067, 0.025688476422253775, 0.04850026789833518]
[0.04619047571631039, 0.1510502485667958, 0.13439673535964067, 0.16436481475830078, 0.2580435416277717, 0.056385618798873, 0.17386475731344783, 0.12356599990059347, 0.18831370858585134, 0.2009296837974997, 0.061713372959810144, 0.18844530512304866, 0.3167855038362391, 0.04955571539261762, 0.0714050811879775, 0.04568982474944171, 0.1355290553149055, 0.09330817180521347, 0.08609223365783691, 0.0, 0.05630244227016673]
[0.17169224865296306, 0.06577246329363655, 0.19235918276450212, 0.14667547450346105, 0.03873457628137925, 0.048922871842103845, 0.17894256816190832, 0.0, 0.26021911466822906, 0.1930527564357309, 0.16258324595058665, 0.3378595324123607, 0.0, 0.0, 0.18984418756821575, 0.14233600041445563, 0.0, 0.11549785557915182, 0.1044050560278051, 0.10149988006143008, 0.19473580051870906]
[0.14721751914304845, 0.12339817075168386, 0.045663882704342115, 0.05451687995125266, 0.5057939220877254, 0.08568011311923757, 0.2857489726122688, 0.24873787515303666, 0.28847275761997, 0.3439752599772285, 0.12290054209092084, 0.16898406603757074, 0.1066436907824348, 0.033878834808574, 0.23126974175958073, 0.07876975396100212, 0.06951435173259062, 0.17623160867130055, 0.11882260266472311, 0.1569525213802562, 0.3139314511243035]
[0.19928332987953634, 0.12608014836030848, 0.4005260187036851, 0.14752596616744995, 0.09546316371244543, 0.1748525114620433, 0.0665544727269341, 0.2360559105873108, 0.3733362450319178, 0.11936907557880178, 0.32337018672157736, 0.22466464954264023, 0.5126907334608191, 0.15367584719377406, 0.5551558452494004, 0.04759581650004667, 0.4946577373672934, 0.10712410071316887, 0.5387174241683063, 0.26548946955624747, 0.3915971517562866]
[0.2937387333196752, 0.1591293040443869, 0.11445239010979147, 0.3944162165417391, 0.2889496789259069, 0.07692162429585177, 0.2171014442163355, 0.3284214314292459, 0.39352937305674834, 0.3458414498497458, 0.2898911483147565, 0.11545914762160357, 0.20422736336203182, 0.4551609298762153, 0.12432260373059441, 0.19084202191408942, 0.07983465054455925, 0.1496699522523319, 0.2499290389173171, 0.10907237319385304, 0.2911219912416795]
[0.061057202956255746, 0.06233819968560163, 0.25527257077834187, 0.05131131410598755, 0.20346436781041763, 0.0861440476249246, 0.8424439745790818, 0.03863105002571555, 0.1268637057612924, 0.06951663774602554, 0.3238534646875718, 0.25831202899708466, 0.04040595713783713, 0.13962382078170776, 0.1440969144596773, 0.053925977033727306, 0.0, 0.07259489858851713, 0.0705424196579877, 0.23431550404604742, 0.30110258565229525]
[0.0, 0.08063852787017822, 0.3645601518013898, 0.18026149623534257, 0.10768843047759112, 0.14324388433905208, 0.4369669416371514, 0.1763345669297611, 0.08139266511973213, 0.0, 0.19815826065400066, 0.17239105350830974, 0.13845203904544606, 0.1753353494055131, 0.19408979135401108, 0.15421136687783635, 0.10412739655550789, 0.11584316632326912, 0.07491867682513069, 0.056281019659603346, 0.21708444462103002]
[0.12795723185819738, 0.23162210513563716, 1.106533523868112, 0.1282557652277105, 0.09192963207469267, 0.32073746709262624, 0.09888026293586281, 0.17168666334713206, 0.1220077328822192, 0.08944308757781982, 0.11053385804681216, 0.20562887893003576, 0.2704104535719928, 0.0347172547789181, 0.16826560918022604, 0.0834811014287612, 0.112823346081902, 0.04744526217965519, 0.0, 0.1658476538517896, 0.1555543015984928]
[0.1779359263532302, 0.031117881045621985, 0.22265987887102015, 0.404656007009394, 0.1311291070545421, 0.42300551779129925, 0.17335603167028987, 0.11927977554938372, 0.22021099399117863, 0.21935509232913747, 0.06325350789462819, 0.09487122998518102, 0.1388565792756922, 0.045689831761752855, 0.029938196434694177, 0.13863258502062628, 0.08215953322017894, 0.14678210721296422, 0.08693881946451523, 0.08597389740102432, 0.11119240171769086]
[0.327154748580035, 0.0, 0.15055213079733007, 0.2921215856776518, 0.0, 0.1871202710796805, 0.15674766372231877, 0.13983625173568726, 0.18210486454122207, 0.25546181903165927, 0.4719170682570514, 0.3068153192015255, 0.0474818979992586, 0.14580575157614314, 0.029938196434694177, 0.06395942323348101, 0.11185166590354022, 0.11932129018446978, 0.037109441616955924, 0.11413758642533246, 0.2519940698848051]
[0.33871572859147014, 0.19067738161367528, 0.19753576376858878, 0.20134948632296393, 0.02294306720004362, 0.32344355302698474, 0.12717475961236394, 0.02477327690405004, 0.20122664465623744, 0.3342737730811624, 0.13100029089871576, 0.05740194460924934, 0.06491018042844884, 0.328105092048645, 0.08235258039306191, 0.06666740249185, 0.058053553104400635, 0.2040395719163558, 0.10890272785635555, 0.0758445894016939, 0.20589681933907902]
[0.22267423657809987, 0.37083407710580263, 0.21884993945851045, 0.19104980370577643, 0.047187831471948063, 0.11986210241037257, 0.10528342162861544, 0.09636865994509529, 0.30089741244035606, 0.1591726541519165, 0.38148761672132153, 0.35201751835205974, 0.1906443343443029, 0.0695435089223525, 0.13341360933640423, 0.188223099007326, 0.06624255285543554, 0.16545657550587373, 0.11213620269999784, 0.03045802957871381, 0.1608180631609524]
[0.3358043677666608, 0.2811739602509667, 0.2579123184961431, 0.25784168523900647, 0.2365553063504836, 0.2313214873566347, 0.17846438814611995, 0.20754137985846574, 0.2778902159017675, 0.13340192682602825, 0.07551484248217415, 0.3207285614574657, 0.28038569057688995, 0.09712225899976842, 0.22340741402962627, 0.29484282346332774, 0.2770499481874354, 0.2177075568367453, 0.09915136414415696, 0.13666648899807649, 0.09675178808324478]
[0.3631048658314873, 0.3282318290542154, 0.28553442394032197, 0.19325089629958658, 0.07516445482478422, 0.07397801385206335, 0.2486188481835758, 0.2106776237487793, 0.11817054187550265, 0.05163300037384033, 0.1690482462153715, 0.29247886293074665, 0.04296755790710449, 0.09785962806028478, 0.11775572335018832, 0.10662274851518519, 0.11890502536998075, 0.4816737771034241, 0.0634195822126725, 0.20379028600804946, 0.0]
