0.000410358752265966
0.000382884001384857
0.00053919443136511
0.00041478809196005
0.000467607967748915
0.000389941454980984
0.000473058675711751
0.000464544712622043
0.000425086581685134
0.000375742254681623
0.000397166136424869
0.000531032008969978
0.000462865378701669
0.00040433401077984
0.00044533807458248
0.000384839956814001
0.000475146163117719
0.000380384183372618
0.000460364057488723
0.000442292389097257
0.000412444700817604
0.000489807238396001
0.000479671860779032
0.000455527234824046
0.000474619822344717
0.000445245936763607
0.000564993904768492
0.000462381324810267
0.000435321158461188
0.000489874319248948
0.000457783853149887
0.000521586965883062
0.000579222963944054
0.000376592855961154
0.000468520723977242
0.000475857130488446
0.000570412017003473
0.000516562733318613
0.000478908781276696
0.000693072536513649
0.000527838212027705
0.000527620882066844
0.000523579181885489
0.000504971788443876
0.000541142673899935
0.000457983270205991
0.000557798817849553
0.000530186624571996
0.000563348247199315
0.000555641918304932
0.000538809893888943
0.000607396203909319
0.000525965074154074
0.000641912032970843
0.000471875585680496
0.000490559641674827
0.000580962866153596
0.000616288375687782
0.000636190966450856
0.000672617572635689
0.000573178327191305
0.000651833607403453
0.000561962705924365
0.000638938878419806
0.000631040959302423
0.000554323861329679
0.000702156192656072
0.000641460319008438
0.000641573162695626
0.000595843389213457
0.000646860872744665
0.000861942147943618
0.000624308694764454
0.000660680441120114
0.000736781519298524
0.000715361369364928
0.00076575227279145
0.000739549452572084
0.000802768145990884
0.000652462389142605
0.000875889235447662
0.0007561016382455
0.000748063113779465
0.000852287218702376
0.00082125601479976
0.000744711370465178
0.000778849669952598
0.000838619593129839
0.000926713818725782
0.000858450345022978
0.000924485001804055
0.00079749528810831
0.000798631063260939
0.000950258809067892
0.000846281257009578
0.000958106475829645
0.000920748497857693
0.000889324874774859
0.00107191101438536
0.000836833571684938
0.00104913869271073
0.000918514019559938
0.00109436009033164
0.000948764923001252
0.000984008416241171
0.00117258141020112
0.00109001659694287
0.00134002604403846
0.00110231688415249
0.0010595047828867
0.00123483824666868
0.00104660032327414
0.00140991137723186
0.00112366009665359
0.000998546426250703
0.00119467816430974
0.00108729290076654
0.00139791501466832
0.00119242523026949
0.00107891806824603
0.00124501887981958
0.00125366248874845
0.0014278485690827
0.00142764945736224
0.00117898883344496
0.00131200094799281
0.00124257125523751
0.00133678191638211
0.00142083227409101
0.00113422224058788
0.00134572887721916
0.0013209136417992
0.00146554949077605
0.00176390015416955
0.00139437836069705
0.00139041186911542
0.00124696072127768
0.00141388265505582
0.00158394896513073
0.0014426567879209
0.00138251172468216
0.00158319868656223
0.00157444736367879
0.00174619459283807
0.00163313509693915
0.00142389771132364
0.00143983103048377
0.00153310288012009
0.00150696791092724
0.00170492264702934
0.00133498751521686
0.00150928063355597
0.00157776670068668
0.00160495498264848
0.00187176588223248
0.00163598105489349
0.00189992569085698
0.00186102407776201
0.00164296254937889
0.0017302557582041
0.00164918137614632
0.00186046681931468
0.00165208981051427
0.00182697866038097
0.00176331958772951
0.00178626605051133
0.00177729255958835
0.00188889444495638
0.00202882538223868
0.00183117295421662
0.00185505297929458
0.00178882505455262
0.00175585691104191
0.00185174196638511
0.00195076931403427
0.00193527306986443
0.00187578758650895
0.0016398806222941
0.00198319656836405
0.00188747182531494
0.00211147953607662
0.00172762739313913
0.00184808397825106
0.00195151999025341
0.00185964173503549
0.00208864493909601
0.00166603572184496
0.00194351337312927
0.00192877885560025
0.00208460711514025
0.00185696972659221
0.00199454649002042
0.00198651307528434
0.00200187163065748
0.00196519825754907
0.00192070115598037
0.00209250015946187
0.00179786939064152
0.00213323692864261
0.00215585826944084
0.00211405689078331
0.00210632586754095
0.00195386261048479
0.00187180527210985
0.00176299126978713
0.00193608375391656
0.00198304389031246
0.00172415029057734
0.00211407824558402
0.00207091753808245
0.00201583048384116
0.00196859624635526
0.00183618923893353
0.00181119465623573
0.00174575529823936
0.00181977179387018
0.00197799945964504
0.00212585546089572
0.00208366021306253
0.0019340296122676
0.0019697492073776
0.00193082159423556
0.00184348947545268
0.00213267439213017
0.00204862475712747
0.00190174533490137
0.00180943929702245
0.00176221290110023
0.00217814789721048
0.00185187387534102
0.00191933091402114
0.00180093926931488
0.0019929277260714
0.00209508334632529
0.00195188225983833
0.00177608622598627
0.0016324030247744
0.00185463650258764
0.00150768991976613
0.00186320567767037
0.00244932575753088
0.00229815354840362
0.00147760614327351
0.00118636827430737
0.00197196133437829
0.00285085836436726
0.00204176831120833
0.00167346788369708
0.00122491427959037
0.00150456571730282
0.00270105876787623
0.0030200894224244
0.00277244684108489
0.0020176283439461
0.000984862486072367
0.00198205052757011
0.00176222558955194
0.00244349357375251
0.00314069531383775
0.0023897330408765
0.00237448682696198
0.00151290679639062
0.00158139387385666
0.00160432679372238
0.00157711686063799
0.001705239597462
0.00183727833913197
0.0014777420067587
0.00178311900409784
0.0014390277398125
0.00152858407683851
0.00156379864220638
0.00146277448072367
0.00155219728042764
0.00160361615173921
0.00155510464925925
0.00161733670328097
0.00159867999669766
0.00150773982718825
0.00151627021538987
0.00131590103800113
0.00160729485442665
0.00157308612463709
0.0015732609112395
0.0014074630141803
0.00133722915390031
0.00150758709983782
0.00149184972770623
0.00165403945492768
0.00141077786357436
0.00138794066161695
0.0013204588056864
0.00140465240851537
0.00144470414009494
0.00145507655974078
0.00139869058496584
0.00135130651149093
0.00140668385102272
0.0016080757676921
0.00132867131680491
0.001416064563351
0.00141825328830778
0.00126917490999402
0.00129113490472868
0.00110692427568158
0.00129612581152557
0.00116090721404435
0.00127157596150581
0.00143322334861775
0.00113181828623924
0.00128045199387887
0.00114465082126762
0.00109351377661618
0.00146995537354574
0.0013172344365709
0.00107649006091819
0.00118354692294085
0.00110804627378862
0.00114048392136315
0.00102609959978704
0.00113168129156573
0.00105270398420835
0.00102659843958148
0.00118457591948311
0.00114179032795075
0.00103142108206873
0.000895649229874886
0.00111258254790536
0.00115188067069481
0.00109168175535349
0.00106871331078748
0.000863439569343059
0.00100727933900095
0.000896659574507533
0.00106391455394879
0.000974887966922137
0.000924122289339841
0.0010116128947761
0.000859425320287046
0.000902236803016339
0.000930417141636951
0.000767575159670612
0.000843132374560764
0.000866156133338335
0.000852889328035111
0.000914695347749681
0.000815385140118711
0.000805565317050953
0.000885004400306486
0.000807087716063988
0.000720073768443383
0.000844472989413119
0.000750451585609927
0.000822202922424485
0.000742921472438035
0.000825086799508353
0.000767289070094273
0.000676286138843151
0.000833427837077387
0.000707102251844528
0.000638858918285785
0.000676163802939303
0.000652698436136091
0.000701990477436672
0.000665089682234299
0.000635794491949778
0.000697496858709566
0.000573054166309454
0.000595787782995602
0.000630808710903303
0.000716778027739725
0.000679046674599995
0.000530178635338656
0.000568442302112423
0.00058629660361003
0.000663665070270695
0.000576867868725132
0.000562577285936699
0.000542723996493006
0.000592275030759485
0.000560144128262765
0.000545491853853424
0.000587806722423837
0.000469282202760053
0.000461714276896515
0.000521667092671755
0.000490261599882855
0.00047649252278493
0.000454105007899903
0.000573783596165806
0.000498708144495165
0.000516952239270289
0.000564754818406043
0.000448515277940461
0.000456645779259135
0.000406426076595306
0.000478026584798293
0.000427441268720682
0.000433429973182586
0.000410613180504775
0.000416443110328818
0.000362064129267543
0.000453818855115292
0.000412533492031419
0.000485259576596915
0.000372904028453415
0.000423460437383759
0.000481794543354207
0.000426290995320717
0.000398628442771158
0.000359671614408919
0.000365339094198779
0.000371704709515153
0.000386763008837074
0.000388977056148625
0.000344963545700259
0.000387743102758033
0.000349184087245663
0.000319016090613375
0.000362539718541137
0.000321616418262163
0.000352369102915309
0.000374693118026275
0.00029659802815345
0.000306027068306175
0.00031252225373514
0.000308622515753936
0.000366134468491035
0.000324105967050755
0.000306994916265671
0.000375598028926886
0.000342494214144979
0.000314627848624647
0.000345581825963124
0.000343471270618099
0.000270643270890453
0.000275463335285916
0.000237574011967785
0.000250034550365685
0.000263345087415116
0.00029554057474409
0.000237666218104473
0.00024439630464859
0.000290098948574184
0.000207616895186688
0.000265716146904214
0.000181419311759899
0.000287939036834526
0.000274742890027768
0.000242165710961473
0.000232595873133038
0.000222714874377177
0.000234163506141165
0.000256715476337948
0.000206534119515146
0.000234348260583426
0.000263589574528142
0.00026300029031995
0.00022742517922686
0.000207204650583626
0.000229023815543328
0.000193594003963866
0.000275464987041917
0.000222782288032677
0.000232425693519708
0.000199225978106083
0.000220454581140121
0.000207651703172911
0.000205350701645782
0.000215189232104147
0.000207106362814765
0.000196173768054254
0.000225547298413766
0.000212129890567535
0.00017666710176932
0.000169176344318018
0.000186896015599074
0.000187486227761208
0.000220329280245428
0.000240087081816051
0.000143906908112883
0.000167388134376439
0.000142640102873879
0.00019709101713343
0.000166631213163097
0.00022622022077964
0.000180174280716316
0.000170286249835515
0.00015809384175035
0.000170590569515049
0.000192806652892983
0.000166619400701063
0.000167378865353584
0.000166112580246957
0.000159747494097647
0.000156135166603233
0.000156780455229404
0.000184485302406253
0.000180705664859871
0.00016906892749566
0.000131935207108643
0.000183107545544315
0.00016829495837798
0.000154048669534254
0.000245286058433276
0.000177176312897656
0.000187108313463885
0.000188435413475417
0.000119070482288509
0.000107679480531852
0.000108285251265855
9.64495069783949e-05
0.000118774360904599
0.000111976692043075
0.000141401561039177
0.000124629314316051
9.87589329706386e-05
0.000101767755936015
0.000129411276998842
0.000134851418576465
0.000114687330271988
0.000115648383794621
0.000137897407222954
0.000123624594263418
0.000142991694148843
9.1001743173173e-05
0.000125886289560753
0.000111947976000153
0.000159528948388131
0.000103576858721894
0.000114603396130919
9.91732408623598e-05
0.000129196824381681
0.00011365623613174
0.000136087573617371
0.000104488927804335
0.000116773608755371
0.000112276801693859
0.000135753413044595
0.00012638654346288
0.000135958684560554
0.000122185334425033
0.000128142777233101
0.00010992234206233
9.86838998313727e-05
0.000117564528108271
0.000131873437006832
0.00014624812200786
0.000155657410894471
0.000101901652717821
0.000124675249273941
0.000126556739227909
0.000141020350731653
0.000125130729314106
0.00011627716794381
0.000158549423939666
0.000119755895409383
0.000146882251330374
0.000120799838474404
0.000131936024224337
0.000171436251738667
0.000112091187737887
0.000120837989983314
0.000143562269412715
0.000146007843383019
0.000141149013555305
0.000143612550239092
0.000140477447215296
0.000123811635250609
0.000155542097724963
0.000140607201602871
0.000151490136342716
0.000150039328961953
0.000147073790736511
0.000173124810220419
0.000165010237431096
0.000154895516605383
0.000150005282111693
0.000128024329966314
0.000151675390286993
0.000183447550518769
0.000158853562447308
0.000163809513177022
0.000149918138546642
0.00019440814064101
0.000163148792114161
0.000160176980182234
0.000226176769294966
0.000131393826491183
0.000172531738689281
0.000162697130156573
0.000202846827933192
0.00019442728862883
0.000177459296086957
0.000204975499577475
0.000154137774398322
0.000199465814649435
0.000197049798625034
0.000166791835411762
0.000208355944250613
0.000182123623615237
0.000204608189764305
0.000198161765625914
0.000217206701890191
0.000213264134838667
0.000166945536614186
0.000255659127305672
0.000182112302867887
0.000197745500497512
0.000245415762428867
0.000216725988061584
0.000272718511821401
0.000226499439429816
0.000237792925505282
0.000254990858854442
0.00022860161536732
0.000304386201671453
0.000227210551900432
0.000305631346876835
0.000224232257435457
0.000261760724013725
0.000312070950077787
0.0002784315350231
0.00037155569649028
0.000232136957996004
0.00023738756763789
0.000293841393612528
0.000271486280002384
0.000399646988905213
0.000298274370029915
0.000260511352539047
0.000334890760881299
0.000317298131751728
0.0003858329319897
0.000301034358314742
0.000294439908113232
0.000325783638590004
0.000329956043084754
0.000379194527969612
0.000368054869599401
0.000301317803026233
0.000371637041543766
0.000299726159593969
0.000357412054388138
0.000418783847789719
0.000359598584954882
0.000394115292191615
0.000339233971715879
0.000428690032362188
0.00054016940972914
0.000390198405577669
0.000414507663421712
0.00038550076851542
0.000387013469443606
0.000481613407355745
0.000406133269957974
0.000382776823559076
0.000457900361228611
0.000523895345104639
0.000563483473136846
0.000483487070438126
0.000425170905129686
0.000373166856363897
0.000440189080707385
0.000473819177040785
0.00049941128491099
0.000422491677677949
0.000459434271480613
0.000477258389089926
0.000506851800307173
0.000605996648794719
0.000506461429733346
0.000612475307042279
0.000650161789563884
0.000536969553444956
0.000591803542263677
0.000541672343295273
0.00071924032759347
0.00062321445726089
0.000646491018148883
0.000618965446965231
0.000575806587211701
0.000641385392285595
0.000643585344419906
0.000693342507640036
0.000665564405891382
0.000658279019264574
0.000657131825219085
0.000663613835591628
0.000659838350110684
0.000843306430227447
0.000773551293651019
0.000724997884387409
0.000592262291967445
0.000797936441452488
0.000800812271840522
0.000860813311276486
0.000673858712711103
0.000764083350460059
0.000769302626893117
0.000727606794724267
0.000904323688121931
0.000727170583467462
0.000805246276109362
0.000801547600714899
0.000948157600539617
0.000918186992971038
0.000832273972043101
0.000891005870603135
0.000945640358577467
0.00088925090572137
0.000885896135314092
0.00101045628083373
0.000967242912113963
0.00111046266819298
0.00111592524505133
0.000973648344440781
0.00106812553357648
0.00104722854119543
0.00101110047254901
0.000911687010228622
0.00110753914587645
0.00106827167034575
0.00109531596032307
0.0011500016056511
0.00120717092631529
0.00118462599018905
0.00117920972368671
0.000972971992611448
0.00111409510324095
0.000978055203192619
0.00118548151644031
0.00102317072619155
0.00119446758885597
0.00140968832331997
0.00123651114114337
0.00120134712178123
0.00115205165303346
0.00117341138419255
0.00136996103530383
0.00125954462492778
0.00129514868693372
0.00126426693314464
0.00119444475026804
0.00147200126395894
0.00123724752070467
0.0013622473115512
0.00135235162953009
0.00142649145126259
0.00153711430161613
0.00136742759351969
0.00136235468312456
0.00128611617629307
0.00146316766063997
0.00114631415695729
0.00147290000649891
0.0021601070446748
0.00177456139966273
0.0011522563427729
0.00083065074186315
0.00164626173287808
0.00240659826279807
0.00169088549808147
0.00133076009715872
0.00113609108786586
0.00120142726989354
0.00215590978860309
0.00264266545801759
0.00239405739855569
0.00183895558394797
0.000965545912045064
0.00155260809576202
0.00153814270313519
0.00224703951510032
0.00302864031168506
0.00255280606988219
0.0022814268701229
0.00141736314150163
0.00162992943938916
0.00158048503518618
0.00179728173027962
0.00183136018195515
0.00188042205619355
0.00167917486065956
0.00186237041737839
0.00151021966272915
0.00170569497365884
0.00157897933989825
0.00178108669495239
0.00189198722421079
0.00182289052366838
0.00194605760668661
0.00171118117669089
0.00184335295990243
0.00188904261434261
0.00176428476910554
0.00173927815708388
0.00178542997423622
0.00199648648157185
0.00212438708555996
0.00189298775525641
0.00171478300995885
0.0019248891051618
0.00202577879547164
0.00214643150514216
0.00191781649823963
0.00180813953637517
0.00177005967417391
0.00192504029319905
0.00195928294351265
0.00188059471603775
0.0018441577705009
0.00198267925097773
0.00207964628211914
0.00209171616788025
0.00188018629213091
0.00205511101881589
0.00208562941117832
0.00190854504943829
0.00202860306414804
0.00179631373664571
0.00200883686335532
0.00195777361716986
0.00188962156067673
0.00218291689136028
0.00187097073697015
0.00207750837720609
0.0017347878368304
0.00197912656495778
0.00226219786378427
0.0020643070309479
0.00190091833855907
0.00185008543678454
0.00194904180782723
0.00209531459469496
0.00190915498023169
0.00200234898988583
0.00186647506307528
0.00202070732772147
0.00210389853001529
0.00193284379820673
0.00189924918281281
0.00177694583516171
0.00217728941633459
0.00200445359019452
0.00207447397428895
0.00200154691002055
0.00165445227918379
0.00191313662094279
0.00181302216864122
0.00186085280672686
0.00202517870576667
0.0018369846024768
0.00221026353157848
0.00182989296231078
0.00184415655635355
0.00191138624102633
0.00179825310119024
0.00180749997096875
0.00178780334992936
0.0017688523664872
0.00183387016635653
0.00183714937626177
0.0018333581714665
0.00176122021515838
0.00185879827020301
0.00151983988807458
0.00180727014128149
0.00153339712171204
0.00182683827172777
0.00201168866962651
0.00186377221427494
0.00166383378119647
0.00165984223136108
0.0020286919917563
0.00176137344791944
0.00151851516605678
0.00161369822246267
0.00151241283782534
0.00159074106156499
0.00159052052113733
0.00145873510406494
0.00159382668808038
0.00154478257250502
0.0016671292567434
0.00161715536645472
0.00167584307655002
0.00158616647901514
0.00145546215147286
0.00148930576506682
0.00163075673087211
0.00159796648127368
0.00142540405736331
0.00147952331298896
0.00132873317265415
0.00153658802147189
0.00134496467704113
0.00148959657840996
0.00151797206500898
0.00130155992790295
0.00126767905965602
0.00146464105061556
0.00135314897779039
0.00127620579906088
0.00133916555495583
0.0014805242529018
0.00151069663655181
0.00131204185575841
0.00148315931525963
0.00138958029040987
0.00139780058922208
0.0012101737465451
0.0013763588759348
0.0011532550471651
0.00130453241271513
0.00127870943008589
0.00128320070636192
0.00111825547762736
0.00140652348319419
0.00128567392631245
0.00140171235877867
0.00120181960800063
0.00119052940859821
0.00131488126841402
0.00128439060628692
0.00124440276563252
0.00110209365086725
0.00110954274791891
0.00117574892471523
0.00124996119639603
0.00126485563843386
0.00129123663676807
0.00122317764809716
0.00115658540589567
0.00106790741957361
0.00118410999924987
0.000974817255794132
0.000958446221703487
0.00117947192031957
0.00101613459122757
0.00101427105851812
0.00110659290584069
0.00103388590303871
0.00112190994485652
0.000969421235222555
0.0010091637806485
0.00117576442292025
0.00118345286978224
0.00110970699418311
0.00100158724188377
0.00101773376535596
0.000911370041273279
0.000960903130480755
0.000891245096319049
0.000821997144406421
0.000895180520495161
0.000998021818583547
0.000936149383196728
0.000913194325520152
0.000928342051040246
0.000892785222537539
0.000853269006827553
0.000768315771294614
0.000872727451683411
0.000806510197825948
0.000895768307970279
0.000828354841418077
0.000741381492804177
0.000777656526436052
0.000887226545500959
0.00075988286281551
0.00081469998964124
0.000881443076779234
0.000801007990499505
0.000706320415103606
0.000762876382915519
0.000721907366665674
0.000773623865026641
0.000840539023190483
0.000716392756402182
0.000848009070336174
0.000670929834841401
0.000710628176796663
0.000790106032867536
0.00069127347477201
0.000638614866082419
0.000687731495177351
0.000639333884471704
0.000873128377201318
0.000725105226629012
0.000726051390062779
0.00070931344194695
0.000660833173222849
0.000725801365965487
0.000698493027188835
0.000825161176714052
0.000579250154252989
0.000642587149721471
0.000609209177110806
0.000627985429557853
0.000617115703228577
0.000620910822872913
0.00060048261262915
0.00055538416175574
0.000583217298754372
0.000526393085158279
0.000689525159063266
0.000547469767855419
0.000602317668182646
0.000647764012719615
0.00053439138567092
0.00056208697087716
0.00050440590644085
0.000488125190315103
0.000624670974750076
0.000595162849370337
