0.000700134240083551
0.000691827045877965
0.000588459640091807
0.000718959664613242
0.000814974906882076
0.000666746723936388
0.000650801889842456
0.00070384125415119
0.000889385572113275
0.000720931084369012
0.00064325058755715
0.000829174148520663
0.000765159730752273
0.000690801805808922
0.000890406972915593
0.000562348518046254
0.0008840739834261
0.000745548483132584
0.00073901370356011
0.000754717656390278
0.00059650644196456
0.000769365155325903
0.000690393142946811
0.000631410008724974
0.000811216614578
0.000637643107982208
0.000771734003549396
0.000789908239567972
0.000767411101851529
0.000645373599183778
0.000653249802079765
0.000754222573558518
0.000736345332595064
0.000787189217586639
0.000902908346729829
0.0006530027282803
0.000874158938604138
0.000712546151812032
0.00117746527857541
0.000684281348961325
0.000865708078433932
0.000802437664704757
0.000975200643277373
0.0010288477486271
0.000940128424713365
0.000901632463998942
0.000800087146051285
0.000807749017921228
0.000845327647829064
0.000984478802058796
0.000817469548746525
0.0008917939862867
0.00103166134827845
0.000899463526040747
0.00104793592006923
0.000765629425637952
0.000842029433709773
0.000938245785018336
0.000839496690902317
0.00103784800914577
0.0015013184217843
0.00100549760959299
0.000766938709805574
0.000872750544380313
0.00108896728880098
0.00126247482166249
0.000957528900552265
0.00105021283564366
0.000896341071106674
0.000816916617246275
0.00098530292149117
0.001206330565398
0.000889793069221832
0.00110707183625167
0.000894830433483015
0.00106360970395721
0.00094816289778418
0.00125368166367718
0.00128738334472571
0.000951505655057188
0.00120474791746932
0.00122095043982878
0.00115300769519585
0.00107142842758416
0.000988832192947924
0.00094465493452292
0.00104973433958808
0.00107039579900044
0.00157077154786473
0.00125709209559833
0.00121520843404667
0.00119608651756568
0.00109035797140113
0.00115512899060708
0.000853715459392708
0.00114354468525443
0.000960463337268368
0.00122034845515815
0.00118167620449289
0.00121383213583388
0.00136814978260949
0.00144686122720608
0.00119404824723085
0.0012133330777062
0.00124652597841299
0.00129693676950836
0.00125681863146868
0.00123882334303372
0.00127723364101176
0.00113618967931313
0.0013280544862715
0.00117681554631008
0.00140522292879241
0.00129865637872528
0.0014258691291132
0.00114018697546182
0.00134173965560294
0.00140389099449874
0.00168336413913877
0.00148102148529606
0.00142620281828202
0.00144020855694659
0.00169821312652102
0.00162852813852124
0.00136108064736414
0.00163283376478523
0.00130590286605999
0.0015594048288364
0.00151846450402749
0.00163402975530168
0.00135101497949058
0.00153189294563117
0.00134369150506697
0.00180709992830619
0.00174545677691613
0.00210064588690431
0.00163277175643802
0.00171796171751495
0.00145082966480558
0.0013789037925502
0.0017064419436497
0.00141019510566827
0.00159484867036194
0.00148929292029636
0.00144715824122924
0.00165348492430471
0.0015048747505426
0.00180981711299833
0.00175485387917213
0.00145973083971377
0.00165737341849643
0.00187547438789376
0.00183852007701198
0.00143976276484874
0.00167259643656852
0.00155985160653157
0.00161412807658647
0.00167759544132721
0.00169122923970071
0.00164886014905416
0.00168676538631105
0.00171516774583521
0.00153982877571492
0.00165577191428869
0.0022005979199479
0.00168917648194124
0.00172582036537838
0.00154133629489874
0.00165423256830459
0.00207938144972902
0.00160484368249694
0.00206427143167953
0.00175868972766322
0.00170655462462616
0.00191264918473898
0.00165042496772771
0.00191318175958028
0.00203692829335906
0.00160374302060485
0.00210098988316236
0.00182216180004406
0.00186063938672152
0.00187124311005619
0.00168562867927275
0.00183861779911061
0.00166520511399119
0.00212118261064678
0.00180201478899695
0.00162502378863926
0.00172233701313752
0.0016879527205795
0.00186323364981947
0.00200528180911931
0.00162961318113233
0.00178623733845464
0.0017908584305887
0.00204952031046073
0.00251855767117272
0.00205449891753265
0.00150495104042219
0.00195886214311346
0.00178892256652503
0.00184202525951124
0.00181875139304315
0.00210665484868497
0.00176672631874324
0.00188381714676861
0.00222134187310924
0.00174111978870533
0.00217550320440172
0.00179501117353034
0.00187483480801575
0.00188656704187996
0.00185277367657695
0.00217180096980686
0.00176189900875351
0.0016147748337428
0.00166984992306133
0.00204490361097537
0.00199053363366045
0.00215893489847969
0.00219217697990981
0.00194543442041147
0.00161740455086063
0.00216951671047529
0.0017144611058677
0.00198043316838051
0.00191361428448427
0.00172144903355128
0.00217694325511457
0.00182593376373074
0.00192871808452515
0.00189420225610385
0.00153535512778784
0.00172659661229755
0.0020210457026385
0.00162912695282117
0.00147801562547272
0.00143587792378955
0.0014127640079267
0.00218689241737944
0.00156588127158898
0.00173660692566903
0.00190435869312697
0.00157095691820657
0.00126028493961206
0.00129308905908554
0.00185341546047956
0.00178129937930238
0.00125753192756331
0.00100229272131528
0.000585125124473772
0.000864808965346599
0.00173196454064353
0.00226655823338508
0.00180440195817045
0.000925248699726749
0.00115086033934315
0.0014095359000916
0.0016855279850607
0.00162749323519279
0.00168234923005933
0.00158230420897066
0.00141331108256106
0.00162929821507226
0.00115195224081134
0.00144425432920289
0.00147334477886957
0.00144034452441305
0.00150965202808865
0.00145526572656965
0.001557233372883
0.0014420054219355
0.00169662908464873
0.00116118365589069
0.00124157684626343
0.00142609916726197
0.00135532672171918
0.00162473766152281
0.00125977822787358
0.00138577909116948
0.00141708509355023
0.00111374910205872
0.00139624135767411
0.00122241503442804
0.00110646302477532
0.00133936770788799
0.0010394326131486
0.00134051232831246
0.00105389732181928
0.00135420333599803
0.00113883706508766
0.000924582262732337
0.00121114990072977
0.0012629868697502
0.00109980787546642
0.000982195729366871
0.000954343700315987
0.000948661049241152
0.00121293416999682
0.00105753127799226
0.00120323677738912
0.000804784281651105
0.0011649418418252
0.00109635534186791
0.000916179060930335
0.000952484726046041
0.000814753789656079
0.00108395853750751
0.000898756352161294
0.000885174254580567
0.00100143272204162
0.0009802394733286
0.000940788856162559
0.000824405433326719
0.000710127199304481
0.000772539906200694
0.000943511357519765
0.000774957261761914
0.000856591817077464
0.000861959248748973
0.000901927570034207
0.000895919605972977
0.000910757045878584
0.000760851637523423
0.00072284074222784
0.000783590649066809
0.00081763942829207
0.000896623903190936
0.00066650721112292
0.000707837594811525
0.000754046083422498
0.000699741524552252
0.00083409179089682
0.000595213044779129
0.000576591554836332
0.000656121424126799
0.000617639666289172
0.000913530394838662
0.00045455893271759
0.000601261501337788
0.000602869717258765
0.00074659716915355
0.00060652377826469
0.000565001674112306
0.000613681124856639
0.000587022082490379
0.000571352372351543
0.000656599151316571
0.000394723291938099
0.000602164675829359
0.000520296526902679
0.000531949582290917
0.000455525607207888
0.000565507842031523
0.000529992999825522
0.000515898260426293
0.000456855529917386
0.000417340209945213
0.000462316336668129
0.000453613343084357
0.000514836545180622
0.000394825761557124
0.000344504740897505
0.000443010825587073
0.000486006599080966
0.000359555763252603
0.000380848527136588
0.000469668611798756
0.000414233308296907
0.000342499481809345
0.000342215700014067
0.000461947761685398
0.000465672296754678
0.000449727468437475
0.000474875639652814
0.000444583329716461
0.000374678452300778
0.000333306107999729
0.000405853798064725
0.000412338766692904
0.00033226845260744
0.000340629103326679
0.000358140661409874
0.000275988422883345
0.000341184784354816
0.000287313674874363
0.000308416860073806
0.000374941836120356
0.000272170740011115
0.000275715222752514
0.000285108974385768
0.000311357760688317
0.000250604195963925
0.000168556282565721
0.000255407765725216
0.000227220952524474
0.00026027963167102
0.000311675909785883
0.000273943397089348
0.000252264292644622
0.000264144908467102
0.000280572994329126
0.000230042569344538
0.000241012584750934
0.000218381920607189
0.000265381736833624
0.000198673697348767
0.00018169042032022
0.000201000538246308
0.000201148489086247
0.000251374213397845
0.000196823801546473
0.000233151542500867
0.000206729082849673
0.000217036747683984
0.00020425858128164
0.000224311406802902
0.000231663541082065
0.000186056669313663
0.000180885032601396
0.00017111833677175
0.000143390358499937
0.000212516785499366
0.000147813469496854
0.000187800084921877
0.00015505948473185
0.000204524014328253
0.000196121695498109
0.000166929258702994
0.000195855451772835
0.000261856928660582
0.000170907154521632
0.000157672881867082
0.000273778431989583
0.000200336655553736
0.000275703846048196
0.000165703779020296
0.000139375982688028
0.000126665342528049
0.000136958791117292
0.000341807670653028
0.000302734720640294
0.00020029857375402
0.000160836141128457
0.000145518535651198
0.000219417201457049
0.000165287466664624
0.000213875003552667
0.000124724719785035
0.000169855273800537
0.000142036947057305
0.000257800905062595
0.000196557958270567
0.000220320095571825
0.000182200939688679
0.000164223490947514
0.000184063763741636
0.000153294750928398
0.000163899295519274
0.000131122531172771
0.000185108642801189
0.000216387588635203
0.000167492122814658
0.000176324332700398
0.000131786175557091
0.000148166627378302
0.000172761155931439
0.00017577498924512
0.000148782587897409
0.000144796933812374
0.000231558360893886
0.00014395276809304
0.000160644281181027
0.000145170733562078
0.000200075006532985
0.000192839265019076
0.000184494393059605
0.000159882445160213
0.000174941695697552
0.000183699279814079
0.0001931066820566
0.000186266734812628
0.000197420978515537
0.000190602150173411
0.000160548609080894
0.000180471603582498
0.00020252404687454
0.000167597084689394
0.000138660145258223
0.000149416664354457
0.000159698153236562
0.000209456538155302
0.000173340916900917
0.000175766429860464
0.000186645890901343
0.000153299633118373
0.000181656430671924
0.000207307502541111
0.000167897219057318
0.000162568187357072
0.000145987098944171
0.000197116618629525
0.000183377312286103
0.000201620150025101
0.000140121065878365
0.000157107386701715
0.000241630818284091
0.000240941627056428
0.000284670432455299
0.000284302581174752
0.000243200490200657
0.000227530291147246
0.000202674444401305
0.000273294752172151
0.000229861894278029
0.000212333394474119
0.00022592204063465
0.000199631928071101
0.00023650206128239
0.000333194443466934
0.000240425998600882
0.000223824780875665
0.000216512981915577
0.000315211861554366
0.000212488094027993
0.000186593098605737
0.000263050936144204
0.000206289242644483
0.00020750104855264
0.000247250586882271
0.000168437982614522
0.000232506302029613
0.000225495177921291
0.000251915057163396
0.000275564495667569
0.000223744681491698
0.000260382591206843
0.000193594931402056
0.000238717777284111
0.000240875371338023
0.00023215360770994
0.000236575564672285
0.000232869861902854
0.000196032943913928
0.000228183947234134
0.000209067079470068
0.000265641627292007
0.000197725283115687
0.000218208609769557
0.000253349184035778
0.00020830488742488
0.000273596592608957
0.000203348895607816
0.000442940581103862
0.00022780476409579
0.000311730018622682
0.000281192445242685
0.000229741907980066
0.000363856095052045
0.000261087837230125
0.000301264118827717
0.000296205759431553
0.000282675433173042
0.0003041093622814
0.000312193530777418
0.000271623970190966
0.000265704543496438
0.000355044106730052
0.000279586440318273
0.00033728451715017
0.00024173528571474
0.000298061657386038
0.00041610812955328
0.000285306229400692
0.000365873191248798
0.000464834751307749
0.000506914944633362
0.000281449557997833
0.00032158936071334
0.000389125361147593
0.000358499593061215
0.0004341619906857
0.000381556810925787
0.000266043472037401
0.000281202342101344
0.000260302492916366
0.000412486336472286
0.000289102198098096
0.000356110874639077
0.000302692076743367
0.000377868293519249
0.000321431706996913
0.000431736551701683
0.000416710981480427
0.000417027002471343
0.000441042650355218
0.000488992774787135
0.000406324559148678
0.000411113403153039
0.000336078071281456
0.000370470640206488
0.000356105724003461
0.000355501176339999
0.000657696922582154
0.000419537004445781
0.000446477924613436
0.000454883488514936
0.000375644946902295
0.000480254098751843
0.000363728304613762
0.000526255349865498
0.000350496471060489
0.000444901504434261
0.000473713788007798
0.000476944568820291
0.000533634338255989
0.000555703549156242
0.000457045540732872
0.000464942400418067
0.000479215330509963
0.000496027473465434
0.000636580919481747
0.000400796656392373
0.000468891987936967
0.000434057827907717
0.000546844463595306
0.000524733098463356
0.000663811889518925
0.000573798549130363
0.000680008398792474
0.000470899754420966
0.00060091224442006
0.000710325761597827
0.000854916259719579
0.000631023267310751
0.000541432834479459
0.000683768070860876
0.000641778227205051
0.000611587096092414
0.000525923299115279
0.000691036227791657
0.000626986921462075
0.000696748520506562
0.000761410148182134
0.000899918299098566
0.000638379080086933
0.000795064826497825
0.000574361592043599
0.000853348201152091
0.000754646839604247
0.00100435852044275
0.000821481002140664
0.000913914305376777
0.000710035488284792
0.000685319671289179
0.000819214069474216
0.00070974838958583
0.000723300925381986
0.000748829406792811
0.000705627415788873
0.000785649876524608
0.000772284818074961
0.000938423872969404
0.000825186567007966
0.000620143161310578
0.000820715691148167
0.00106350598473582
0.000925249468155008
0.000702077342991975
0.000776468513150353
0.000748394384994188
0.000951191574240604
0.000916091223322822
0.000775833519491368
0.000757493676487999
0.000961634934605826
0.000836068010666404
0.000880044107706056
0.00085405004096025
0.00116676826422723
0.000937145102510657
0.00103501290386135
0.0009336846510152
0.000950592754779634
0.00130359637223075
0.000993015396759629
0.00128402717783591
0.00101476413292468
0.00113800956839474
0.00105007770635512
0.000987970989275553
0.0012212284119628
0.00121553688612499
0.00100978332171372
0.00125761944570371
0.00122153847953983
0.00103063899415561
0.00121809046607466
0.00102859459415837
0.00115304811442626
0.00105999398028898
0.00145845833144493
0.00119322703363314
0.00105908689986662
0.0012411352607518
0.0010860967532383
0.00134841181404308
0.0013072424455626
0.00127605661861699
0.00141595556022251
0.00134375777479321
0.00129022350340667
0.00171301448186991
0.00144268253435851
0.00127663415020178
0.00134693948220449
0.00117629204078374
0.00152801815002466
0.00139268854356056
0.00148426392740821
0.00134404417906649
0.00133162503683564
0.00150082207925592
0.00134516277926438
0.00163167011380599
0.00160371580166318
0.00134177491079438
0.001529960427356
0.00134003280002178
0.00177575229621622
0.0014180606091327
0.00122394776782987
0.0014346463179143
0.00162155218688128
0.00167990197752246
0.00177134046095435
0.00184659824912796
0.0016173908496821
0.00129815665259246
0.00165670299521956
0.00150358948284783
0.00161858016878646
0.00157348501053935
0.00155594209836474
0.00200034193690761
0.00176038375471574
0.00180368410223764
0.00181873142484461
0.00140300112410708
0.0017160888531803
0.00166906365813036
0.00170831332141502
0.0013491695573383
0.00159923139425193
0.00153540013313002
0.001729107347371
0.00159771239185354
0.00199898816322745
0.00207973725285433
0.00181445450302306
0.00136493792433914
0.00135001107553345
0.00213596180228289
0.00211356290169212
0.00131525434030314
0.000998329033736036
0.0005867929215484
0.00101670420697931
0.00201941694170957
0.00245786171732951
0.00210497713978943
0.00131560465825754
0.00141122519918528
0.00191332564516616
0.00170796561309802
0.00198734126470527
0.0020352415154645
0.00204926089741841
0.00189873031946119
0.00202950401497025
0.00167885311762973
0.00158040061644165
0.00209623437506742
0.0019148558465467
0.00188307788614347
0.00220298377980261
0.00188385518967362
0.00201092267299995
0.00230909712433599
0.00170463388465263
0.00192078341929635
0.00237435298178646
0.00192460828842789
0.00244530435067899
0.00188856382729996
0.00227382947630931
0.00204438029317147
0.00172692072677934
0.00194947985132365
0.00185515549283116
0.00199791845886863
0.00213020421009809
0.00167581129255714
0.00214581012173068
0.00171344975825586
0.00228015701957149
0.00204646065182526
0.001849271743562
0.00224514661131279
0.00219091470538677
0.00217872398131757
0.0018495395206343
0.00172377190045405
0.00174405670997651
0.00225044196590336
0.00188104213309958
0.00222999012322873
0.00170104097593337
0.00194759285141633
0.0020341860763151
0.00181862033809144
0.00182253022740841
0.00167993847859143
0.00175614214419766
0.0017290495204192
0.0017215966711069
0.00185813559552914
0.00230333280356513
0.00171184064698826
0.00187365239098375
0.00146485653806695
0.00184984037943536
0.00194340807029196
0.00188300869106922
0.00170451782052583
0.00170362513417781
0.00202019928614878
0.00188637601915366
0.00193972165928673
0.00158391111409729
0.00175432867723276
0.00165826153760375
0.00186675315331009
0.00189828887412374
0.00156042550204699
0.00151435135934721
0.00168108129477645
0.00204063803959503
0.0020534376879592
0.00154348813796699
0.00159262296609211
0.00159209431566269
0.00143045277982679
0.00219063185354264
0.00128905977647507
0.00146667932865196
0.0015455287649768
0.00210840267556053
0.00168909327232758
0.00156160942289151
0.00152688622088655
0.00141631734480084
0.00155709601202033
0.00160304839770689
0.00126182610214353
0.00149015232731454
0.00151152969013589
0.00149704234190952
0.00159006870225538
0.00157541807311612
0.00126151245389311
0.00151023613458289
0.00133760754448803
0.0014778868025938
0.00135130715624813
0.00134777520015888
0.0014577788959475
0.00135132143180242
0.00108014829858353
0.00135040355073784
0.00131415663701294
0.00113842370574315
0.00109806502038628
0.0014245151491253
0.00135013700732156
0.00107209872473814
0.00116932011997051
0.00123164642636194
0.00148847951194244
0.00138833833264381
0.00133372122022359
0.00134495037095797
0.00112616958439667
0.00116946745410767
0.00122083982339096
0.00138315759735594
0.00120424307497135
0.00116221815741698
0.00130808516099642
0.00111545731543614
0.00104028480049618
0.00102456496620881
0.00102065285831004
0.00120432278857708
0.000966013924280569
0.00097448881722025
0.00094332727008947
0.00104450268891237
0.000949985607267314
0.000919191353812415
0.000994405652206387
0.000781667670010143
0.000865810741260389
0.00109416866609415
0.000993573795693459
0.000850530087908882
0.00106166015174881
0.000993286301732388
0.000751150446825347
0.000957004616235779
0.000827837176366779
0.000970023227799033
0.000750603877783621
0.000687395772629788
0.000605950368778917
0.000692482880291866
0.000818141857475314
0.000742004457181617
0.000919623627761164
0.000686963285624727
0.000845491030362851
0.000623398786654357
0.000774712632062164
0.000813218843836707
0.000630319426724415
0.000676676036520951
0.000622589351783886
0.000585515540346509
0.000624511522472885
0.000675117725080174
0.0007875775633425
0.000613749105736123
0.000700438829800942
0.000579186398806453
0.000699999996187218
0.000822284260661909
0.000957678887058478
0.000727524081715962
0.000698122390759333
0.000777898009309094
0.00068881568156224
0.000803732762101542
0.000599061002388544
0.000546826842014701
0.000513856244703414
0.000619028576705348
0.000730292581024251
0.00111661304508629
0.000632143614405828
0.000617815448800987
0.000492480226105898
0.000657504592058261
0.000652821879553437
0.000665096110953308
0.00052557930314374
0.000606571082543642
0.000540689870515215
0.000740529114286526
0.000610044861170373
0.000572491230484156
0.00058250978923599
0.000659673270270882
0.000585039358441828
0.000593252596925719
0.000542446426397309
0.000537571059502642
0.000675475012351126
0.000670067082541625
0.000584634026578304
0.000534027562160303
0.000462394282181629
0.000589023422796534
0.000614800641819079
0.000565896134940892
0.000531461887892425
0.000514876901720879
0.000639920117023034
0.000588230647965676
0.000639989220034708
0.000507848480679495
0.000566337146922915
0.000559404794884565
0.000518252390503172
0.000444626630784691
0.000526269261070963
0.00060908807969975
0.000572380133511875
0.000616582141855356
0.000644632184644049
0.000577108925663848
0.000512828611375554
0.000666924922963893
0.000563991013271628
0.000456059300951574
0.000506406205271898
0.00052307056290636
0.000466105120822466
0.000574474149687244
0.000545564733591765
0.000565655160029083
0.000568608960714122
0.000464299073264955
0.000643020102161222
0.000630595384123844
0.000572197269959013
