0.000442204159015885
0.000428240061110684
0.000432024625267734
0.000493157779597209
0.000383101570619178
0.000495406503675886
0.000439524275890434
0.000403673595033555
0.000417808059413217
0.000446324175886732
0.000417967845484548
0.000388523191246709
0.000408647961192735
0.000419531295178973
0.000422678222232781
0.000508828418997554
0.0004364112029508
0.000465299817810811
0.000424357562360191
0.000493027150510511
0.000415869882048694
0.000509626900154289
0.000445817960670093
0.000493017419039628
0.000428064906006951
0.000414918483521934
0.000452556036139101
0.000410126619479809
0.000524109640094918
0.000415393726196677
0.000402647490587146
0.000401195683270918
0.000430903818236685
0.000485099309394119
0.000440415062434713
0.00045639962358639
0.000416953465311516
0.000379252523517071
0.000571073805834138
0.00050606985187828
0.000507287541274663
0.000470413461436888
0.000442016865372062
0.00040688264637679
0.000403798116110842
0.000400751539462457
0.0004173326178765
0.000397739364379711
0.000389811986311069
0.000487802802549043
0.00049819382530903
0.000475793809694409
0.000425203572796187
0.000526895762276919
0.000482649824208222
0.000428966608213759
0.000506029107541046
0.000428833838359651
0.000498616773328452
0.000449770050758791
0.000444611604898034
0.000473463178773367
0.000442782714975167
0.000424641599339151
0.000450396466673898
0.00044587539450419
0.000483198663962782
0.000506016290047918
0.00053413899463506
0.000438794735591448
0.000421767264918581
0.000509150725382599
0.000470186485627786
0.000464739651645623
0.000452610664538067
0.000464544034835366
0.000418575634852179
0.000484882057104272
0.000471763518904585
0.000501542376103684
0.000506893623526046
0.000405534506574537
0.000560182833146773
0.000387695644958672
0.000457251604908366
0.000587353133876989
0.000527041561675179
0.000550207802268384
0.000419859848458541
0.000495349953319264
0.000462546734515767
0.000466547301492661
0.000482218589239985
0.000478477371323598
0.000478121863013309
0.00046845454440479
0.000470687684780604
0.00053957932122816
0.000495147321167795
0.000526647251685878
0.000483230185871761
0.000585208780620234
0.00046454235496386
0.00058238763329241
0.000489571604459601
0.000419154275808594
0.000568731025390809
0.000589791118988426
0.000646354042854589
0.000605341295781779
0.000528811054416177
0.000473918900145471
0.000574246328396229
0.000514473865614595
0.00068076143564561
0.000576814201816608
0.000524592634877823
0.000642768820980783
0.000631912882525505
0.000624297968747088
0.000687093430756468
0.000541317530203368
0.000602643032172693
0.00062122225884915
0.000564544473338856
0.000574938057168104
0.000619568052683125
0.000706886950587209
0.000702199168475064
0.000777522199445928
0.000564092429692946
0.000759468419255735
0.000615468006869929
0.000663637090048265
0.000658695326270958
0.000670364153576817
0.000764279050841176
0.000759975598922712
0.000751920510722839
0.000663246740549453
0.000718079310537892
0.000955088259555519
0.000812889377703191
0.00079761143851824
0.000703251520310311
0.000855150609236571
0.000713402131416504
0.00100001547512867
0.000795811720472838
0.000925209844665135
0.000915522724220009
0.00096207908363132
0.000889109596825711
0.000847404164934951
0.000740016290946846
0.000831633329981164
0.00103621926777149
0.000995264469926821
0.000845957377177821
0.000866792383138192
0.000735357834882074
0.000871180104664588
0.00090091369174159
0.000924632235569067
0.00100445599016364
0.000958758036197164
0.00117046752253886
0.000861030200474954
0.000974157233229584
0.000863284129874621
0.000989952300686094
0.00103599653786304
0.00111967194162371
0.00100155771041074
0.00108209504969529
0.00106230708613567
0.00104867572902701
0.000983228186660303
0.00107122086097531
0.000927593670471665
0.000997878838927375
0.000976819303395348
0.00107443039362526
0.00121136080349536
0.00103818937959282
0.00116493732463707
0.00104398579333007
0.00105311565419006
0.00108187224723933
0.000968580896223583
0.00114847788781826
0.00107630902078216
0.00113152186442093
0.00112280031681538
0.00104035529774236
0.00104796377778384
0.00106327486955214
0.00107960301542175
0.00103352131701463
0.00118182241289072
0.00112447035577004
0.0010853248019256
0.00122406475706357
0.00119035746519458
0.00135909721961274
0.00117773105833092
0.0013635719970611
0.00113483181612118
0.00130660384771535
0.00134716040775491
0.00122478401832103
0.00117530470987482
0.00114380706354202
0.00137219174350143
0.00141782257132918
0.00145381939003022
0.00132476188063263
0.00117233824491287
0.00118858625069759
0.00157410300002808
0.00140743511057676
0.00127278029139073
0.00107792622645301
0.00117788981063971
0.00143463139385234
0.00143467577609351
0.00139173262601818
0.001150266241143
0.00117302957876182
0.0011826746941021
0.00141907039387761
0.00129121035896098
0.00141468290329756
0.00106294132326479
0.00103920939663947
0.000979241239388166
0.00109623723279524
0.00141493373933641
0.00132459028940107
0.00150266307790298
0.00109660377357354
0.000925360763008859
0.00233759590725506
0.00175248358206997
0.00281201347595331
0.000479206757757258
0.000192984847933728
0.000751654992067382
0.0016459386653009
0.00271218373152864
0.000737390693689132
0.000298987200315691
0.00109681554007608
0.00104937047576068
0.00331692253850294
0.00299209028145763
0.000901712814520256
0.00220565395467452
0.00116213323632789
0.00309161042660214
0.00136701004956007
0.00164155124203176
0.00141742443789239
0.0015520326944767
0.00150345984101053
0.00145709510436557
0.00146746706225681
0.00168885672851403
0.00172273856694637
0.00168920665969317
0.00179429455279141
0.00195144532706699
0.00184884186820274
0.0019654919796199
0.00183504919715602
0.00169102081763801
0.00208123445284494
0.00176286502382501
0.00198322438783738
0.00180201582595219
0.00191108144687836
0.00208562759934133
0.00175034047633192
0.00187645212806596
0.00180522024391293
0.0016591617694362
0.00180999760968621
0.0019122859806113
0.00194234841331797
0.00204247269193816
0.00187617750924078
0.00190607083244945
0.00207723643424944
0.00183511096348899
0.00183304263853999
0.00177165183248032
0.00179411976089982
0.00171693240171375
0.00192668951009658
0.0019026362078607
0.001973283871287
0.0017226147079623
0.00197456676556163
0.00196036354084539
0.00200205860883621
0.0019119964260868
0.00188777395806368
0.00161134014813478
0.00200004219095703
0.00177971931813988
0.00212068616236083
0.00183306376086463
0.00172394319311056
0.00205479851751201
0.00166277907199712
0.00200677112958973
0.00200072163386972
0.00179260716270329
0.00165500979715108
0.00184195314274268
0.00180451741143288
0.00185395840191697
0.00185252340735206
0.0017119739153868
0.00171270242963548
0.00176887798940209
0.00202804250841962
0.00182780010462237
0.00176036254130999
0.00158497724652596
0.00194586245867656
0.00175190231576815
0.00177579414749608
0.00164084929577537
0.00178488246923707
0.00214587733569909
0.00183075820958451
0.00174733808221053
0.00162348942382198
0.00179374673688751
0.00190070899912394
0.0017250654891648
0.00183524583840991
0.00178981988809385
0.0019222050979458
0.00190757104403144
0.00166952796981481
0.00176022497979926
0.00175874376319583
0.00167850353166584
0.00196559015079649
0.00167956405788441
0.00198369081032951
0.00161399225078393
0.00176115061706549
0.00192057438289798
0.00164747011603477
0.00182782396952775
0.00162498378708243
0.00182291446383442
0.00178848722891429
0.00161580215127207
0.00176365074020268
0.00165269111865334
0.00152432152198951
0.00176992890538484
0.00154833000528596
0.00199723961038943
0.00169149190864066
0.00166583843762998
0.00186641947256934
0.00147882558194631
0.00168115535446812
0.00167194164982861
0.0017719346735493
0.00168833745347352
0.00154447341761929
0.00156779835450856
0.00174928441845857
0.00170799864945796
0.00146939631225013
0.0014950575334033
0.00160764030065867
0.00167213381433074
0.00152297275408984
0.00152228662001331
0.00153823973141035
0.00159372750569402
0.00159828509231701
0.00173202479526958
0.00145273161686427
0.00148340878286
0.00151273219886832
0.00133826583617628
0.00139702492872765
0.00133463942277791
0.00133619042244576
0.00144360277181186
0.00144911387184472
0.00149767875007517
0.00148657475718866
0.00118878063759813
0.00153388235977662
0.00138080727535059
0.00137286684351362
0.00147282777472289
0.00142939585055421
0.00145676336123721
0.00144267822107361
0.00128774606567283
0.00156286999059017
0.00135768001316857
0.00139295904530174
0.00149257029704526
0.00137478970006073
0.00141725236575601
0.00134822643188403
0.00149612843659595
0.0014889280214846
0.00131170966879893
0.00141354312149386
0.00133740900888621
0.00141753696543543
0.00142125657107677
0.00117057000420211
0.00128772196854268
0.00126521011947983
0.00127121606382451
0.00141173862080415
0.00124995191335047
0.00116632347322734
0.00132213622004961
0.00122050851383087
0.00126433337934583
0.00128134515327052
0.00118553680074642
0.001307169974979
0.00113788489752034
0.00118475812371614
0.00126408210601917
0.00128486586738683
0.00116145720920037
0.00132821400295758
0.00120417332081764
0.00120428714906587
0.00123642357076894
0.0011856093473859
0.00121467757518482
0.00114369945176516
0.00120533238813806
0.000911830182459061
0.00123000274126501
0.00127505126018002
0.00116427880344908
0.00125331629259631
0.00107785876868625
0.00117793595331322
0.000969286797815746
0.00109538193955865
0.00100461464415803
0.00108517906478055
0.00102004103615071
0.000924409295081321
0.00109471479146074
0.000964315028604293
0.00100399952148534
0.00108447571467855
0.000981535766307056
0.00106305654836665
0.000981202862608688
0.00114539254720761
0.00107421527218342
0.00102081548236908
0.00114972874363688
0.00102318169424522
0.0010503338804746
0.000915327903672166
0.000894020791711154
0.000956307668594976
0.00101394034890581
0.000991415104282079
0.00105056697730625
0.000891778554660083
0.000859197289605114
0.00100009439703483
0.000876154101376809
0.000955361483883385
0.000886346812742825
0.000879016869768835
0.00106910757276898
0.000855527046361804
0.00097815677400821
0.000908932070150688
0.000896872881833512
0.000915978896095833
0.000864827893835473
0.000892688385245929
0.000920894368959602
0.000876060748587121
0.000933154934350141
0.000975130076041291
0.000874390574978134
0.000851294112246426
0.000722214605496614
0.000897927689788615
0.000816177160853262
0.000849087836730745
0.000795887560839645
0.000139321992886312
0.000152458330852074
0.000171233371295055
0.000166867714591874
0.000164779647027221
0.000159575397506685
0.000166021639312357
0.000157345600269493
0.000169710873355322
0.000154209739098056
0.000156851206912317
0.000166568842999923
0.000161513618975949
0.000164588633319864
0.000171377867392317
0.000157719844540404
0.000158134375249777
0.000184550038499012
0.000143544803940932
0.000150414001123362
0.000156267490588025
0.000153293468101361
0.0001594101866695
0.000153854683658183
0.000170828731748797
0.000160812890233885
0.000160636857951325
0.000163054680874957
0.000146039131272787
0.000161927071098625
0.000143387656479368
0.000186171792089935
0.000136341726119061
0.000137394241083638
0.000162772279642103
0.000157446274870135
0.000211514181083738
0.000147895908543681
0.000136845134513164
0.000144611112888474
0.000150916275261167
0.00020897477180447
0.00017140891868223
0.000151107754600163
0.000167261460930768
0.000137362331420958
0.000187787887941831
0.000199607189141478
0.000178960042860838
0.000169444719809128
0.000168545913759164
0.000168665906378964
0.000133617932765102
0.000151904953307718
0.000135853607612406
0.000138927623425693
0.000148573277801599
0.000180061920849696
0.000186618271167634
0.000164024778910025
0.000158876720183769
0.000182775701946503
0.00017955076969673
0.000170877540829926
0.0001513993185697
0.000171955080610816
0.000174559112229004
0.000178417109550056
0.000168781642281251
0.000154413656320961
0.000166270309616023
0.000138191007739987
0.000143579972909475
0.000174613669081332
0.000158718577279282
0.000220320932519816
0.000141484539435291
0.000145712057075099
0.000182765549510489
0.000146574301349261
0.0001811247980162
0.000137076506940522
0.000143726841532665
0.000177428898455178
0.000136690400346969
0.000145099898814232
0.000134057869852951
0.000161562266943039
0.000199019819786831
0.000138667605909366
0.000164969478874195
0.000153304268844019
0.0001596257130279
0.00022765786367059
0.000144985086744195
0.000190983920472789
0.000138679713923542
0.000149775591347495
0.00018520209938711
0.000160112439765857
0.000150976201681883
0.000168824752920219
0.000153280841219186
0.000164289279536243
0.000159866537530943
0.000185745061831946
0.000161076064395963
0.000191196449773522
0.000192958418842649
0.000179422050538958
0.000157929951978652
0.000191732099584213
0.000160421940036076
0.000136413552824297
0.000168038704724824
0.000199563429077856
0.000220385625690763
0.00020540070001757
0.000186170384767733
0.000162718400883591
0.000180404492430522
0.000185110445873784
0.000240525507547258
0.000180110199424907
0.000148770114970982
0.000199819828830377
0.000212760650056056
0.000204461462256853
0.000191509551680547
0.000176620600886899
0.000196287548287313
0.000229288511172126
0.000184747026054878
0.000198497500217314
0.000205097692368602
0.000221733397812826
0.000198837941452724
0.000230967052864628
0.000186087855359096
0.000247665843637789
0.000194842380450244
0.000208454952635837
0.000192780107023901
0.000237599813187989
0.000225036136552731
0.000237313352918315
0.0002422301449215
0.000224766252300359
0.000237593116670062
0.000287586451243586
0.000234322894472491
0.00023311635760009
0.000231685180468926
0.000261568925081738
0.00022493327229121
0.000331750938414721
0.000259325687222079
0.000280175941493361
0.00025272771829629
0.000276625793027387
0.000308585384792777
0.000242534188780543
0.000218557839555558
0.000233520549181319
0.000311552148755986
0.000307844312805132
0.000269595094600361
0.000282198699468994
0.00021083481869564
0.000260280427082524
0.000264061708392581
0.000283753733470564
0.000328683301709962
0.000312654838022066
0.000343243625743325
0.000315647664909933
0.000351201992421234
0.000285017942280471
0.000294555220831084
0.000317033125538273
0.000393276732624511
0.00040560848607273
0.000374730012993609
0.000364863837204086
0.000402639622506809
0.000365678441028734
0.000394263273115623
0.000307201208213178
0.000380054222492731
0.000414668016378701
0.000421554680878938
0.000447701785294707
0.00041104501282467
0.000477825862866858
0.000443473860826856
0.00040645645230376
0.000401042852582192
0.000442992961582455
0.000425629023769194
0.000485785736153938
0.00046632180189907
0.000443527416426482
0.000403989212438533
0.000434700865430804
0.000447724486060821
0.000478584830106139
0.000485222971802198
0.00053889701336737
0.000508578873713619
0.000508099021018279
0.000500852849129377
0.000526645687293776
0.000596947782258755
0.000522636646086589
0.00057156038151853
0.000478159157805416
0.00057460551428986
0.000551040467956332
0.000586675969973607
0.00055169014118911
0.000550993876034223
0.000664060584836375
0.000669951403562721
0.000684909289655774
0.000586394330828133
0.000607125774982176
0.000613003150544959
0.000690373300783244
0.000705148831444495
0.000623236448759854
0.00056223404358664
0.000613742269617421
0.000666170111815346
0.00071780486284408
0.000776774178298608
0.000645892370392313
0.000628288971767092
0.000627087801796672
0.000789943328108077
0.000712400847078505
0.000717956947081482
0.00057717131226544
0.000584845045410611
0.000540085737378269
0.000638809230197322
0.000717549804340765
0.000657542826627082
0.000836920957537228
0.000536837354514883
0.000356424899336736
0.00129490884010566
0.000780113818317944
0.00165465912354824
0.000252421126248405
8.71837902307617e-05
0.000358496932450141
0.000792053088313679
0.00131944949877226
0.000388594582178326
0.000117273033760746
0.000426224240030781
0.000442412378245381
0.00161442381800995
0.00123087909908077
0.00036160512053058
0.000837174516244395
0.000523366943885999
0.00121126547520267
0.000603437747864223
0.000668373383446682
0.000636572712872539
0.000621040451410674
0.000638367881299165
0.000602428058306174
0.000704240121656117
0.000791395912036503
0.000753723435889614
0.000771247250850085
0.000827705998000455
0.00080317702575551
0.00085716563561589
0.00108266836412125
0.000800718095193016
0.000812769712364004
0.000930363898212372
0.000774766011788644
0.000963286830754067
0.000834377668272969
0.000823173437696077
0.00103139394263471
0.000809469324030143
0.000956878046147294
0.000884407571846331
0.00084786823333637
0.000908034538077159
0.000937895157637634
0.000917283722396405
0.00100399130777363
0.00100610430650979
0.00104925296615811
0.00109106925809942
0.000918434484718638
0.00101868277805979
0.0010010982661497
0.00104507541903857
0.000910577947677527
0.00106575092262309
0.00104075131451219
0.00113851377487316
0.00103680400525226
0.00118820455018213
0.00109175977512154
0.00121146129175598
0.00118695333852876
0.00109882636567191
0.00102323377966334
0.00125564450328226
0.0010805596002327
0.00138927343055832
0.00108373460298779
0.00117556939230921
0.00125326607089195
0.00118546217935046
0.00129194792695423
0.00129757558705147
0.00109427756552605
0.001102569281428
0.0011900895181049
0.00119683482086924
0.00133286071405345
0.00128167175577036
0.00133639534398757
0.00122401619112649
0.0011966496909132
0.00155228037559192
0.00134791520877331
0.00131403120841009
0.00110267629658867
0.00142646395446023
0.00132404027563915
0.00135171775234391
0.00137813262528054
0.00125548871813548
0.00161240802292444
0.00140368266328676
0.00144603187199801
0.00121851505269779
0.0013273843199079
0.0015071544292631
0.00137986421320062
0.0014832261072267
0.00137057950292905
0.00142205218357962
0.00144111668455446
0.0013344912420878
0.00136267669486544
0.00137444370423211
0.00130516200803318
0.00164865017025277
0.00143947078379281
0.00168507997217511
0.0013959284068458
0.00140852688404319
0.0015799879051359
0.00132183662502589
0.00158370565065004
0.00139369912809619
0.00144196441791513
0.00158658870516525
0.00151333903698001
0.00160762564046883
0.00137486221212154
0.00149893409958828
0.00157418961015287
0.00137640901905504
0.0017682537171292
0.00141563404956591
0.0015927416083902
0.001764592820813
0.00148529193293546
0.00154796417371005
0.00161052419030391
0.00155291036208142
0.00163225548273742
0.00149338043332251
0.00149789546333039
0.00177370233756099
0.00170063693548861
0.00153247146604533
0.00150502288661867
0.00163346764603878
0.00158580315555834
0.00164678226470122
0.00168996677927982
0.001565826905703
0.00155827037646283
0.00166031669714064
0.00183221984042323
0.00159203910329392
0.00152920723578548
0.00154125812288288
0.00145408361874517
0.00143346657649882
0.0014493627995213
0.00148984621102188
0.00159387791458384
0.0015940322735391
0.00158079045700864
0.00156494292410154
0.00140525301873115
0.0016409026527632
0.00176271921687155
0.00172304975996864
0.00172204505397851
0.00176734549908571
0.00157759984979239
0.00159703774259492
0.00157695981953452
0.00169147768776597
0.00165846793753014
0.0016600683457446
0.00164966405053252
0.00159147755701563
0.00167340901120586
0.00166363472279478
0.00176548043315705
0.00170126277757586
0.00160495085455007
0.00156414116421815
0.00161546671869343
0.00170046548936792
0.00167712238870423
0.001449138753524
0.00166141941999728
0.00167771510458652
0.00169635246562827
0.00159205394360299
0.00163290091644222
0.00146924142955241
0.00180642672463229
0.00157394862292733
0.00169476535426922
0.00157542349706339
0.00160479929483055
0.00165227579527688
0.00157173667421637
0.00149618587102308
0.00168298693313332
0.00175282658863123
0.00165984354417975
0.00161298491861685
0.0015588455103084
0.00163924362553924
0.0017047169204341
0.00161462690834693
0.00161077278554248
0.00165717444665503
0.00167479459189101
0.00127436719239613
0.00164433210332902
0.00167610541643503
0.00172103465847097
0.00173379425013176
0.00156492604552497
0.00172388107489555
0.00136099538169538
0.00170596738346297
0.00155856112444183
0.00162500981911057
0.00147800111208704
0.00136401164683035
0.00158899171120988
0.00142649004203667
0.0014412915413738
0.00172646694048213
0.00141468670244767
0.0014831083337072
0.00148013011768296
0.00167076486493928
0.00153592863232413
0.0013988374115426
0.00157462875120059
0.00166215751544622
0.00169042840007804
0.00148826144753343
0.0014119627975368
0.00150535932568854
0.0016028794738232
0.00149548074010144
0.00172974872523856
0.00147299340293636
0.00143813930916319
0.00160472710785557
0.00154923928797344
0.00158881570611706
0.00148926445757134
0.00144153242462555
0.00170118630985808
0.00147971058450458
0.00156219638474203
0.00156112095387631
0.00142533014884493
0.00159346678265767
0.00147403619107022
0.00163287024704129
0.00164754002541594
0.00159258220028091
0.00152412073220294
