1
1
1.44145613851578e-21
0.0206276267141005
1
7.79945018578365e-115
0.118628858063436
1.25871908516851e-06
3.98912533562159e-36
0.00409924211018732
1.35698766723898e-14
1
1.50927351770562e-92
2.8756069511892e-167
1.79689492079647e-278
2.50096430355079e-289
7.06287984333021e-151
1
1
1.92662747397032e-50
1
1
2.15109166565628e-12
1.46817255957639e-35
1
1
1
1
1.50195040208243e-37
1
1
1
1
1
1
2.28708106761779e-17
9.36177701636904e-10
1
1
1.61487037962922e-27
9.67634870393351e-21
0.128055762337136
0.0350325862940558
5.7476577696744e-126
1
6.18056547524424e-14
0.99987992308651
1
1
5.54650665379882e-12
0.0700730845223005
0.00394936741610686
0.174216853396102
6.36612866731461e-44
1
1
1
5.52072476353802e-107
3.52188289999593e-119
1.47142076670286e-107
7.3207805991424e-21
0.999999974816318
6.79722308757977e-49
1
1
1
1.3137158440167e-79
1
1.38566010119662e-35
7.03411515590003e-243
0.04339398831389
1
2.37941475560799e-56
8.8040479677191e-66
0.000353477045980871
9.86119140946308e-18
1.09143035965308e-28
0.0379142570761701
0.695530594840945
0.00706198204138069
0.0226803140490441
0.0105472447124927
0.0694916987690343
0.0048569275060954
0.000212890981319795
8.8899768618701e-10
1
1
1
1
0.000173362509670993
0.359621232854534
1
1
9.46339585227952e-21
0.814093041716375
4.18374260226569e-05
0.00497730414502975
1
1
0.00937544445695172
0.0267339370021204
1
0.999999999999999
0.996211414625724
0.0303488941480464
0.0040387005418592
5.34756789170715e-08
0.949137951884339
7.8188988713427e-09
0.00457363926691782
0.000994759740062774
0.00234195167052183
8.65008362620418e-86
0.000176459989006541
1
2.6503977139494e-60
1
1
1
0.0494535399761278
0.0919550809773607
1
2.92242851598019e-249
4.30170181156361e-219
1.18505231030541e-196
9.24625976534274e-96
2.82489874032165e-07
1
1
1
1.90970486084032e-12
1
1
1
1.36923716021109e-127
2.8710225851104e-08
3.31980266998694e-84
1
5.83135368836389e-09
0.999999999999998
0.999999872210283
0.971883296214775
0.999999378721232
1
1
1.82031167545454e-27
1
1
1.00200464228878e-107
0
0.999999999467157
2.83667437432932e-11
4.4471065856488e-60
2.23021898977161e-07
6.5121834846234e-54
0.999999999996897
7.42254149362661e-19
8.82948007630884e-74
4.70675472430669e-05
7.53119415847521e-09
0.0848967112352944
0.908974869576383
1
8.69556052587823e-58
1
9.78270327257211e-17
0.999999508693275
2.89117331337077e-16
1.12387702974133e-07
6.20845497963108e-117
1
1
0.68725561167347
1
1
1
3.72134409587127e-196
1
2.63994927132379e-10
1
4.20682763958966e-12
1
0.0615081189261555
1.81685218876952e-48
6.1912016091967e-149
1
1
0.001203414519164
0.0531592654229232
1
1
3.52033145684292e-34
0.00271206506217318
0.999987745011757
0.452825051126932
5.14471261302185e-23
2.09878775103758e-39
0.999971583637553
0.649293614298264
8.92829449071773e-06
0.0451550916007098
3.22290023470038e-05
1.74939368238498e-83
1.07725353966666e-110
1
7.37817774381561e-37
6.44535286392282e-09
1.53947884104056e-09
0.0653744525472036
1
0
1.26021624422519e-132
0.0143678812206834
1
1
1
4.77063905151225e-129
1.10671929469848e-263
0.999999999994553
6.6986947476656e-16
0.99999999311634
2.98307339711118e-16
1
0.982014590055357
0.984342804569379
2.18415772644277e-17
1.70180734897344e-60
4.18020667770695e-101
1
2.69280172462015e-26
4.19705913976936e-50
2.36033875867825e-108
2.21775871153776e-11
1
1
1
4.1398185654591e-23
0.999999999998617
2.14716242966513e-18
1
0.320393774080143
0.188946741730753
5.48393237134442e-89
1
0.000565856831149831
8.627220823371e-200
5.73776543018309e-30
4.00631076940069e-95
2.03411020695719e-55
1.5279424048983e-89
0.999999994571184
0
0
0
4.82513823153284e-150
1
1
3.36243989453266e-26
1
1
4.35350762802072e-74
1.82664327061892e-117
1
0.999999996539713
5.55016101643715e-156
1
7.09191851385937e-16
4.55434770881965e-13
1.24485470013667e-08
1
0.999989545435128
1
1
1
3.36048869507605e-69
1.0883122475368e-75
0.999999999999999
0.999999999853915
1
0.999999999996073
1
6.93518089378371e-61
1.92818314363431e-45
1
1
5.41214736614361e-44
1.35648757610712e-27
4.92388666347195e-09
0.00133689407791107
1
1
1
2.8173461870964e-20
0.99999999868223
1
8.32647036087327e-25
1
0.999939211049442
1
1
1
6.81451143916296e-70
1
3.38926687612168e-44
1.34275083353117e-32
1.39468757146988e-63
1.57402118188261e-76
1
1
5.44194834549374e-05
0.999999999529444
5.24084253342828e-05
4.22138836697417e-192
1
0.0261179851253704
0.0389165303318846
0.0301500677579953
1
1
1
1
2.55372104638661e-05
0.428018755224206
6.73220223028674e-10
0.00216921877933901
0.425480000524297
0.045476663681598
4.04226378459303e-189
1
0.950702720179507
0.985018585500391
1.72498596457399e-10
0.999958751145672
0.99546931115121
0.126992111784765
0.998343884869037
0.999999999999927
1.17391803507793e-13
0.814772525686421
4.85152751220858e-24
2.79886559850235e-09
0.270795717970747
1.2340732083785e-08
1
0.999999794236079
0.999999958355936
1.58599605444008e-05
0.257562072643113
0.000646007565404681
0.000222275654677785
0.00245673109212312
0.00229088453241527
1.33209399189383e-09
0.99999999999917
0.000835014741407028
4.32159763887619e-71
1.80019452805157e-05
0.113939561662204
0.999999998419814
2.47460419300792e-115
4.94628198017473e-117
7.05794989327992e-18
1
5.51627929046758e-07
0.999999976958658
0.999999999207675
1.36352363762697e-12
3.59723003361175e-17
0.00231781121999789
0.00046727045400028
3.88302908374085e-33
1.2777113553692e-37
9.60722717477594e-44
2.63448081696927e-97
6.03856664661684e-20
1
8.02438059678633e-34
1.17030391980432e-21
3.4029520493381e-17
0.00974241106635311
0.999999999999996
1.08827310091902e-09
9.1397168072216e-78
3.45085554565017e-162
1
1
3.12226999429431e-69
0.000595371780648569
1
9.12105368860399e-39
2.65914821036969e-42
5.64361554096782e-40
1
1
5.24749995130987e-64
1.73792427734487e-195
1.3944963570192e-32
3.2132868250993e-29
1
1
0.00472364888595354
7.87685678467346e-65
7.27436024267304e-61
1
0.999983242499783
1.29457029092964e-20
0.999999999999999
5.01493597151662e-55
3.01395766302729e-07
9.68289472646579e-05
0.00010838229230533
1
1
4.50107978381223e-224
1.47464380407861e-219
0
0
1
0.999989645774415
0.999999999304557
0.000559927598918508
0.0653744525472036
0.0653744525472036
0.0735237730384227
4.14726191970265e-44
1
1
0.0201204699792686
1
3.15507342954908e-137
1
0.00256403627601765
1
0.986632122453339
1
0.993343066876258
1
1
4.4869582265168e-100
1
1
0.999999999999513
7.65881516058021e-12
0.4506755399691
4.86721116505274e-113
6.04951104824741e-14
1.39632193607821e-06
1
1
8.33517479041713e-284
0.999999996521657
5.0333172109147e-43
5.38148287637572e-53
1.50468273170509e-39
0.000435898377140362
0.0568117715365082
0.000113437633858113
0.0489170997345166
1.21186408750409e-123
1.23246098189617e-221
1.72772204803705e-16
1.41697845424161e-05
0.999999999971336
0.999826959093791
5.3824901029212e-31
1.91273036313946e-30
0.999999819260128
4.01624476538142e-57
3.83084059620759e-05
3.70859436140891e-05
9.92841031738604e-39
0.237270739734162
0.0248207001266684
1.35456837331757e-28
0.999997002986141
0.999999999999991
1
1
1
0.00235283454670194
0.000714583313756998
0.000236231863190986
0.997466109211585
0.0818345980665672
0.983972218145684
0.000182004120639166
0.0124998685513022
0.130172118100187
0.614832939993992
0.08686737268297
0.421877817537364
0.107445566889895
0.168946470946615
0.0085341102655319
0.00287907508787869
0.0903183202023275
0.286247576918129
0.10867252881776
2.41046649196302e-06
0.000137102425982649
0.000175652101829801
0.0750737000674266
0.00368054380087841
7.83224122648479e-05
1
0.14432348932518
0.954908710288638
0.0716016698609361
0.000138753341193234
6.37003678874109e-06
2.88066339819313e-265
0.40714698957776
0.000175710164643024
3.57115134854096e-06
1.30992510767412e-18
2.56643549967398e-08
0.998776145599041
1
1.43774436425679e-55
5.09847905110126e-60
6.45290912023543e-10
0.00418808035757037
0.00422641771030307
0.141381552208403
0.00776230182681245
0.0783464833991038
0.210653851288872
0.00196805874418453
0.996914885942999
0.000353629197630267
0.0331458848306628
0.0841496815207097
0.0905484781920771
0.0106879492392203
0.100496006417825
0.0256763133398074
0.0118830677472012
0.000359637371883181
0.977556066630953
0.999457006540525
0.342219839115996
0.00813229209715408
0.019348375469263
0.0242367515955814
0.00127252851682944
0.00359223985051653
0.768607273288311
1
4.3822306304095e-21
5.24739826844029e-19
1
0.999999999959352
8.47246660393207e-05
0.0301594437967524
0.491184743350782
5.00038894352249e-64
0.999999999999998
0.0433831840173581
1
0.115860150927946
1.99594680931474e-25
0.99999899925779
0.791181404034624
1.3399155636333e-50
1.88412180544797e-23
0.999999999964182
0.999999031002065
2.45524086179873e-05
0.00101649828572081
0.00102113214514064
0.0182879488570868
0.00896592423453598
0
1
0.0141958805718602
1.61743936554093e-06
3.44601008426657e-05
5.07385651710068e-23
2.37105985574148e-23
0.017539268791629
0.386624977326802
0.00100031210156209
0.0144430991698482
0.999986813860795
9.66810330503984e-19
0.0565821877491742
6.76259245198592e-05
8.8465351645995e-05
2.59405421117165e-149
0.16223363662637
1
0.999999999065605
1
1
1
4.48023894889273e-23
8.27965539976105e-18
5.55013642111819e-06
1.33490646049755e-46
0.999999999660016
1
0.000708979187205083
7.04375032693503e-61
4.47217299215632e-79
1
1
1.70195373152799e-29
0.979798737793296
3.22937308358185e-42
3.35794746027635e-135
1.40273583155132e-37
8.91985525179903e-44
2.37610341636414e-291
1
1
0.999995900892186
1.31901680182703e-98
2.12735842243725e-69
2.91639570944627e-17
6.24225359960066e-20
0.999999729437931
9.83762841550826e-26
2.1137795100336e-19
1.04786612265028e-07
0.999746678364138
0.000111630714104634
0.0176079179856828
0.99996149698613
1
0.083422119277718
3.9091403832491e-08
1.99432076883594e-70
1
3.8734862356471e-51
1
1.3943143300411e-30
0
0
4.60719297498319e-15
1
9.98123405918217e-08
7.51097943752984e-113
1
6.57952680762763e-22
2.3993182512616e-11
2.94888973448822e-24
8.33762411933833e-19
1
1
5.75348344548572e-30
4.46384263341242e-33
3.84029567706357e-71
0.465496497914114
1
1
4.4741524171218e-41
8.49218673195825e-173
1.63822141261871e-271
9.13085995127645e-130
3.8239357343994e-90
1
8.92400227506504e-24
1
0.000486708110684624
3.00608089804268e-07
1.96448125149292e-31
9.2778701426446e-204
3.22511102455837e-13
2.1251062538885e-103
1
0.999999999977292
1
1
1
1
1
1
1
0.999989657352952
1.09101193188246e-14
0.0395029175019312
1.86527980035591e-24
1
9.05495605391494e-38
0.000451599400899795
0.999985108746108
0.000204830226083842
3.40853766850619e-08
5.76032648800043e-12
1.05753773555911e-30
2.10255944976705e-06
1.43533929372919e-20
7.8344664639129e-17
1
2.83498980160685e-118
1.65992158750707e-11
4.64122563331769e-16
2.65662985838898e-11
0.999999991767066
6.40496422879812e-05
0.999999999997794
4.0601364816355e-107
4.79260719178259e-29
1.75289416866704e-62
2.16801389419092e-05
0.0604358857690197
0.771543977707312
1
0.0378041921674353
4.21136070352641e-07
1
2.49538719594323e-72
0.999819723767866
5.32092373118602e-06
0.00515314034784129
0.00572179423168888
1.38333133764843e-36
4.11476991090153e-110
1
1
1.24729398320899e-24
1.11991885648155e-10
0.0371907318614458
1
3.19320844209001e-68
9.14742879763134e-41
3.75955497254249e-116
5.36395862563373e-07
1.04350629750706e-175
0.117639300379267
0.943051866193441
4.09137095362091e-19
1.90885797737491e-57
1
7.84772415203637e-11
0.999999998507045
0.00116643719042798
4.72716358150007e-13
5.91239978248745e-07
2.64906011407643e-05
1.27402422942176e-18
0.258675371629059
0.999999999985541
1.43060330735205e-10
0.0177940179324221
1
1
0.999999999996392
1
6.22772397922048e-10
3.83587188038966e-39
0.893672603933742
0.00172683609764006
0.999999999999999
6.67526368721906e-209
0.730721817175385
0.543152656003053
1
6.00472052808865e-154
3.08818335412683e-100
2.15183722276037e-100
1
1
4.00638979770107e-90
1
6.79998400328845e-81
0.00818881306446279
0.0052662787862297
0.999995934044412
2.04429296432227e-35
1.35901057559096e-66
0.739405250183635
3.12553294545397e-150
2.88487023670205e-08
3.32886311702138e-19
0.00129180121630112
5.93652201558775e-31
3.872796300092e-124
3.872796300092e-124
1
1
3.12644121788222e-07
2.97501098482647e-48
3.5390673307514e-48
0.00157312519848505
3.49089503802673e-06
5.64471105629426e-20
1
2.09578314154093e-53
6.90168085871534e-11
3.30742095910718e-11
0.998726565989499
1
6.53923603017237e-114
2.01219288327858e-43
5.69977472810917e-16
0.998610842163352
2.61368568804531e-42
1
1.26600323513533e-35
0.0408664476049368
0.169097587849768
1
1.10036486597049e-101
6.15050623195346e-34
1.78647102308744e-19
0.105005343206456
1
1
5.77700660844239e-82
1
5.24018164171333e-26
4.42585767318402e-49
0.949054095903657
2.4953939475479e-46
8.77853971200095e-154
1
1
1
1
5.47149198516044e-61
1
3.04628357016389e-68
1.20592818858052e-53
0.159689202695006
0.6014566814502
9.25810180674362e-23
2.04669249127428e-59
6.70195652630015e-48
7.51287106948116e-45
1
0.999983023018598
0.320062524232082
1
1
1
1
1
1
1
1
6.60492334040972e-75
1
1
1
1.39232705428479e-56
1
1.46458148852685e-144
2.03764460038673e-57
1
1
1
8.26256403052977e-51
1.01929508875982e-13
1
1
2.43884285134478e-82
3.85702111689793e-34
1
3.15424061588917e-05
4.45614285657792e-08
0.00392316258058588
1.01549404341194e-56
1
1
1.46535794761992e-51
0.0285071629650329
0.0211697610771571
5.95355925031242e-06
1
3.61914910009596e-92
0.992146541503259
0.00159063359794085
0.999999932298498
4.75064816602463e-24
0.999999999886219
0.00216711585324518
9.11202982290936e-22
0.999999999977781
0.0629349706394887
0.00234116550964646
0.0227789925692034
0.964472927892306
0.000440070715998181
0.000251048197604812
0.998849412367192
0.999999999854382
4.65217538532246e-60
1
3.10475883713427e-135
1
1.26450792119428e-09
0.0142168300147551
0.999999999364951
2.44686409679918e-20
0
0.130969321701056
0.953365747999184
3.22185571275997e-21
2.67837754891015e-14
0.000565493418925898
0.00237545017491947
0.0974353756994427
0.605210814133485
1
0.999998424630811
4.66955442457767e-17
1
1
1.49772349966835e-05
1.29333803363852e-14
4.01047203949405e-19
1
3.60275949681628e-05
3.69089237155682e-09
0.00326375447006644
0.944832591566538
0.43223122550317
1
6.42929575872315e-07
2.23083018406151e-07
8.30581326047752e-112
1.49896351184544e-05
0.000346874915172018
1.01191703809082e-245
1.31799236854306e-246
1.31799236854306e-246
7.24864691081303e-25
0.999999999999814
6.73088646694803e-268
1
1.1482151388644e-30
0.00141437642439486
0.00013159646504394
0.184321910860118
9.29072670178338e-07
1.91518071380607e-07
0.0101170524692562
0.484558352609514
3.69420460515909e-09
1.46583003670606e-55
0.997647998269562
1
4.15382065943207e-154
4.15382065943207e-154
1
1.76681218888651e-06
0.00417880800673779
0.0149181304926628
0.869806131166416
1
0.173655462048928
2.74898543463019e-07
6.71880442696269e-05
7.34718273474222e-142
1
3.0137872687019e-173
4.06448113130589e-44
1
1.16873417206123e-22
4.18234563291666e-07
1.09892795306811e-31
9.57808194095071e-28
0.999999999999659
0
1
0.0547387021885859
1.77082258636977e-06
0.566494348285309
0.0057932222662579
0.999999999999961
3.05506963185199e-29
0.00398534695708732
0.000565395111661973
1.28192790572047e-12
0.999999999238859
2.26244121779435e-146
1
6.35759328756883e-18
6.27625839386745e-50
1
1
1.67884930141156e-214
0.999999999995264
0.99999993901414
0.562061712459409
1.96751862904994e-14
0.999998978295079
0.999999658856938
1
9.24462220870689e-90
1
3.5617407916157e-39
1
0.00565278226059384
0.999991799554135
6.60344639509997e-11
0.999873704212838
1.09191460165455e-12
3.51924027033743e-28
5.1765290619524e-65
3.20974678661544e-49
2.25356440314698e-48
2.46928505805321e-35
0.000672573419705561
0.00111818457812016
1
1
1
0.99999999919184
2.4643695806667e-117
0.999999995700355
0.0269233070273081
0.381076223417844
0.99999960260192
0.99960321419007
0.999999999999963
1
1
0.999999947520301
0.000178480831750875
1
2.61545579558979e-11
0.999999999999948
1
1
1.16155169128737e-253
6.87749995372176e-23
1.63038323662156e-15
0.0601362920175566
2.11470990102449e-63
1
5.98501440448244e-11
0.999732101636806
8.58741793362656e-33
0.998083514119739
3.68548249458352e-09
1
1.54051698572083e-140
4.63154885983148e-151
3.36276680583771e-172
1.17694282772265e-75
1.74493764154231e-68
5.17088640396328e-76
1.35349269107499e-12
1.23258996069995e-05
2.66983286684415e-73
5.57990772038671e-248
1
3.37065974824831e-57
1
1
1
1
0
0.981771027080803
1.39277756748354e-13
5.54791079663363e-56
1
0
1
2.60923877959003e-102
0.993017241169586
1
1
1
1
1
1
1
1
1
1.21981951620384e-43
1.082854479539e-64
1.21235139215966e-115
1
1
1.09188095631448e-46
0
5.27583122786743e-06
0.165335611967992
6.30069273217822e-26
1
5.87859930163102e-189
1.54670167762161e-170
6.17519271792175e-80
1
6.20431012904511e-16
5.71514213909768e-299
6.53240506414991e-64
0.992073160516045
2.26962912304647e-37
0.999999999031502
4.81310871017077e-102
0.0234721738939892
0.0306193937967117
1
1
0.706891766109647
2.78627235196404e-52
1
0.00994474817738978
0.99689711477374
0.0602282848299643
1
1.31618475982937e-64
2.3505745544679e-05
7.1395423657442e-12
1.01339925904893e-10
3.20324792007224e-78
4.86752122635237e-26
1
1.653444791997e-84
3.1913712041013e-281
5.8957971942727e-14
5.05519195920727e-33
1.09151099582649e-225
1
6.67492489409211e-41
3.76453824598386e-15
1.17921921528341e-73
7.9218729529923e-147
6.58168872532474e-11
1.95826492788051e-08
0.000205703038088819
0.982374124442471
0.885482594693
3.98997268926802e-14
1
0.291146060502001
0.0145332637904329
1
1
0.12094054620201
0.999999999984825
0.999999999280891
3.53588193412991e-11
0.00554534761669428
0.000739824060676084
9.10931225887519e-13
6.69981529768829e-06
1.65625761390235e-06
8.21394847988691e-258
1.55058471789747e-10
5.20896092777119e-07
1
1
6.71296407804584e-46
0.118700601341848
0.000314405582326148
4.76134159764993e-05
5.32995683545503e-06
2.32828103197849e-17
1.35196410607774e-17
1
1
1.57875254890688e-05
0.0920601876303133
0.0601362920175566
0.113939561662204
0.0280861167420449
0.99999999999999
0.144412953474401
1
1
0.999827255063623
0.947370630253232
1.48520191039704e-301
1
0.992569139904791
5.97190897249776e-202
1.57079182541461e-45
3.538524074437e-31
1
2.04557381484355e-20
0.999998099875265
0.999981416612271
1.55371905925547e-205
0.693429964470808
3.42210034781153e-20
1
1
0.999999639999981
0.999999999908797
2.16752086011125e-15
1.88951784503521e-23
1.03295418400093e-15
0.0065951091309448
0.00587970100148161
3.03498942317877e-23
1
3.69219736883893e-22
2.9602707787392e-20
8.87811655322263e-209
5.52747571551855e-137
0.999999998622415
0.999999998622415
7.79626641230925e-42
1
2.22758264218982e-11
0.999995254687763
1
2.78306344255481e-166
1
1
0.999999885565781
1
3.99996685518722e-70
1.96968270602027e-08
0.125448642390444
0.135643231868646
0.00101664255076181
0.00779149580492952
0.989186515028962
0.991509829890976
9.54907654927731e-05
1
1
3.72631832605159e-09
1.65676918205719e-26
0.000352907596236029
3.35591812564133e-07
1.60558014350086e-07
1.11578354985275e-27
0.0820173324401035
1
1
2.24876985922506e-05
0.0735237730384227
0.0735237730384227
0.00191404479310679
0.0227842080177117
2.56551507605121e-41
4.00725788708414e-284
1
1
0.0651292279916112
9.36961255940371e-05
1.53678364627426e-41
7.94875837120002e-48
1.18936584511146e-45
0.0485787936534114
0.999999999999989
1.57831466058886e-09
0.00967141249674233
0.00840022977856381
0.00064913928687868
5.56254911266436e-33
1
1
1.03523862928669e-15
4.46370366111144e-28
1
3.25322328262748e-95
5.40312427142771e-49
5.7716959631333e-25
0.00976639462083615
2.14853744484249e-25
1.0940854294474e-57
1
1
1
5.69705917815469e-71
0.999962985248398
1
2.267634301756e-117
1
1.63183118740358e-06
0.999903156079965
1
9.25207102054976e-43
0.541359884695011
1
1
0
0.00734205713614335
0.134202336491037
0.00975584834233422
1
2.28399804656145e-189
2.01178863371926e-213
4.83888192656134e-129
1
4.23518942346578e-22
1.16509054730044e-09
1
1
9.7922169877358e-08
4.22145139916084e-21
3.91322142231647e-19
1
1
2.34182411262616e-122
4.7486452682735e-139
1
1.95821119084677e-128
1
3.4132667619949e-09
1
1
3.12417604688428e-05
1
1
1
1
0.000623786845923814
1.10565429171635e-286
0.999999997203602
8.53543210598188e-43
1.23484645226012e-118
1
1
1.1571909486801e-47
4.32725818333377e-41
1
6.2889095705509e-53
0.113939561662204
0.0601362920175566
1
1.8105064302496e-09
0.213324029217411
0.000358361065418961
0.036693553329985
0.0656006299725812
0.999999999999717
1
1
1
1
1
1
1
1.98813758206327e-43
1
2.01399730085997e-152
1
6.80412313852327e-07
0.999999829952965
7.21404873249577e-54
4.62436356925883e-28
1
1
1
1
1
3.41098479379796e-26
0
1
1
6.13497971634548e-299
0.0587712511462743
1
5.71577053351471e-61
1
3.1533413375849e-307
4.53164232036994e-23
3.82237198395139e-23
3.82237198395139e-23
1.21183086247476e-54
1
0
1
1.83395712448154e-75
5.93263598234107e-73
0.0601362920175566
1
1
1.79704877945116e-14
3.728669656374e-105
3.99710158031181e-06
2.93689283708654e-29
3.13769054055737e-14
1
1
0.999999999908756
1
1
1
1.80661507481563e-130
2.022781403177e-31
4.69765369090412e-33
5.36547153920832e-68
5.37066283631057e-110
5.23431674006176e-45
1
8.71479422724562e-24
0.172317746368546
1
3.3168572700077e-05
0.999999999997189
1
4.58494240472507e-65
2.69509658603502e-05
0.18375061955081
2.09441803209266e-68
1
1
1
0.999999994809018
0.0601362920175566
0.0601362920175566
1
1
2.08163291423607e-26
4.97803820245575e-79
3.29054519068245e-23
0.700357356657759
1.85248772378086e-08
0.000428716825045282
0.364183212306151
0.26508790197872
0.055783150599789
0.999689934889297
3.00033014917394e-05
5.62075999303473e-06
1
0
0.999999818696235
8.96340994636972e-08
1.26157359706839e-07
0.0898052324119607
0.536524701226546
0.999999967366338
0.999897418649271
0.436754266568197
0.000291091275590442
0.00107513523250178
3.66462141109952e-11
0.000164117737710344
0.999981924816462
1.0838130483091e-05
0.00185233833973201
6.05632024364442e-211
1
1
1
1
1
1
7.39251014468993e-99
5.86614224552668e-12
1
1
4.99923687996963e-31
1
2.79639686042104e-221
6.27460937617303e-125
0.99999999992827
1
2.6412044142627e-42
6.00685494179927e-90
6.43537730322888e-88
1.10933311814614e-60
0
1.7357489598292e-75
1
0.999999999999999
1
3.77617414858558e-105
1
1
0.0111243480552381
0.999999999991147
3.36113426721634e-294
1
1.65068957022237e-42
3.06535162411967e-196
1
1
4.76772225573721e-08
1
3.8583978678275e-32
1.4334862581129e-73
1
1
4.19934690708576e-99
1
2.84527828030015e-42
0.00134491918384257
1.95065071611417e-34
1.2373338523227e-05
3.90170448821694e-05
1
1
0.00299861047867328
0.151212143832852
9.31289046879098e-31
1
1.99355618468294e-05
0.00185151870779745
0.922595674540317
1.11908876510481e-37
3.2430134203458e-07
0.0063243586231097
1
2.09856759858343e-15
4.53497890257217e-15
0.00175422426912722
2.75690780639885e-283
1
1
7.80783043892289e-218
0
1.60471870969936e-75
6.5799849803577e-93
0.000187067328238436
0.194649936690016
1
0.0215124648418624
0.00143367097112236
0.0761428933578505
0
2.77942042841717e-67
2.35711798122111e-53
0.999999999998707
4.19044636928089e-18
3.67146678584617e-05
7.78325011924055e-30
4.01249667801086e-37
1
4.99739086908833e-12
0.999999923979263
1
7.12543502601157e-113
8.25092499143266e-41
1
0.113939561662204
0.0601362920175566
1.03382416701289e-23
1.81910383351805e-09
1.08598646527807e-134
1
5.1336503688653e-05
0.813132037347392
0.760462517184198
0.266490976951441
1
1
8.63937484029526e-33
0.113939561662204
0.0601362920175566
0.281146605285746
0.0927130331213196
3.64333981378969e-30
0.999999998338571
1
5.4508211500357e-14
5.29859248864764e-199
0.9999966815619
0.999997627987382
3.24246334675496e-25
4.6410699627798e-24
0.00113466491528638
0.655388249865205
2.7887037777287e-12
0.968272165996725
1
3.0962826513721e-55
1.90142620755437e-24
5.38595704809331e-14
1
0.999999995170096
2.11495625884475e-17
1
1.31978306731845e-27
0.235600160861745
1.28999864360661e-11
1
1
0.999999994728314
1.23448881257066e-22
0.999999999995083
0.0637696536282605
1
0.999995984556482
1
1
1
5.00240943008942e-243
1
1
3.38047702381448e-79
0.0735237730384227
1.84619454311832e-96
1
1
2.81908865967924e-65
1
5.23293230612989e-26
1.20115655759282e-204
2.49495048689764e-06
1
1.09114865017659e-81
1.27361476013582e-07
0.000157780098897881
0.000425894376970805
5.55852659964362e-68
3.6542988957061e-31
3.58726702143136e-93
1
1.05796608449756e-289
1
1.19656567849111e-99
1
1
1
9.76352876939724e-57
3.15797751191642e-119
1
0.99939908419688
1
2.65276671395447e-06
0.99597274235411
0.999999999999677
1
1
1
0.00739683857041539
0
1
1
1
7.17317806103082e-43
1.96388561909741e-86
1
0.999998722206182
1.63895223362851e-68
0.99360336732577
2.56944193674514e-268
3.85497990166853e-67
3.32693887786052e-07
0.604375216772217
1
1
2.87404257114598e-37
1
9.39508448898029e-124
8.17631561727051e-24
8.36149239003428e-23
8.36149239003428e-23
2.09244896691725e-07
1
3.77861397559784e-69
1
1
0.0166841237955131
0.0166841237955131
7.88179278365662e-16
1.81461297704617e-76
4.8149857090324e-206
3.18383374858976e-51
0.99999999999997
2.55273318641876e-47
0.999999938761942
1
1
1
1.35310954029199e-23
0.985884827239398
1.43861925421705e-111
7.51620831218693e-137
0.999999897348999
3.17469131298224e-05
1.01980577440766e-06
0.00282946648127059
1
0.0417417040920887
0.999999996090359
0.0246668891844902
3.22174267702695e-05
6.04678333638675e-07
4.40576059939147e-12
9.30062900672576e-145
1
0.0308585268540494
0.999382632607136
0.999295215105354
0.000108611471749602
5.7577489715907e-20
0.00905804651614546
0.0394898172750574
0.487565516569171
0.0138595323670278
0.018056942347209
1
4.87092784275997e-17
4.28546664185741e-06
1.07465220578761e-57
9.94335440077008e-82
0.00473537703872678
0.0142108277430989
6.68950307589817e-37
1
4.74734379149353e-10
1.41050709744363e-11
3.87561833056435e-25
0.0951477123328503
0.000113409409267521
0.995828032646313
0.0175248844004425
0.162611925865074
9.2238250000039e-09
0.999447484198528
0.957773364907317
9.35166662765498e-83
0.999999999999999
0.011309124529468
0.153750248159535
1.49384398009859e-05
0.0662330908798598
0.200957849103693
2.00531989536066e-18
0.610322046093063
0.302054474100184
0.158625226173693
0.25321456134936
0.0124974575533667
0.988158468875676
0.462086077756022
2.04184630664326e-52
1
0.000136580207584513
0.00786918948832422
1
2.08953677806533e-05
7.38468822706075e-08
1
1
1.64388083773144e-106
1.08713280668038e-167
1
1
3.28123299738959e-160
0.999951693896651
1.49704533392404e-25
1
1
1.2812162862184e-41
1
1
1
0.994372585189818
1
1.62294035020316e-05
0.944883803602211
1
0.829681720932128
0.311298444522392
4.48726031728101e-56
2.29312126474588e-18
2.99980600839997e-18
0.0983767135517227
1.0073734291988e-27
1
1
1
6.2748799048888e-166
1.39278437525008e-59
1
3.36124191485297e-79
0.0518808876363738
1
1
1
0.0578599370656848
0.0330793216340434
0.00835938226971842
1
0.0120820348025286
2.66781399861085e-18
1
5.78718865114288e-13
4.51600219349498e-64
8.92433277285831e-09
1.46700459012763e-11
1.83265244592729e-14
1
1.36463022368962e-51
9.9790157628918e-45
0.999999999993407
3.6018780648498e-13
3.07112831812969e-36
1.08387472954677e-35
1
9.96799688653413e-60
1.45889094166187e-92
9.70252727373667e-215
1.02307493347956e-37
1
1
9.04077723386916e-06
1
1
1
1
1.29762806971692e-211
2.58618759389547e-44
0.999999681937199
0.0920601876303133
0.0735237730384227
0.0601362920175566
7.12629151542613e-24
1.30669330242512e-36
2.09664281613664e-42
2.50259538900782e-06
0.00111755865359825
1
1
1
1
1
1
2.30606526417241e-20
0.00177732107250531
4.22446163492256e-12
4.3437381721858e-11
1.55216655835868e-27
0.999999980375016
0.00164683036884108
0.00017744669624935
3.74170879515404e-07
9.83448323097388e-78
2.09559750126751e-43
1.20982177016043e-50
8.42253148167381e-79
7.10763187356792e-06
1.90401458698499e-31
1
1
1
1.11235468026862e-56
3.0421781411191e-12
1.93240286596044e-29
1
1
9.92751748995207e-22
0.111247547696738
0.999996490142142
1.31410826163707e-13
6.07688755964154e-33
0.999998454185791
1
0.99999804584805
1
0.000793007590126019
1.24068431065292e-05
9.79450183424172e-05
2.80113897646033e-15
0.750580363741791
1.60622467023116e-08
0.848558533183956
1
1
1
3.85237711536277e-10
2.58998734486055e-91
7.20788536029196e-154
0.00210867076364878
8.71369106582416e-137
0.529708538657461
3.43922392605873e-10
6.08722783554707e-18
1
2.37017944636832e-111
1
1
3.40098153115521e-38
3.76137961005561e-50
1.45135110090244e-06
2.84876784019346e-31
8.56615192149656e-136
1
1
1.71304255876612e-10
6.80670700008247e-05
0.711654521065064
4.46467003705422e-27
2.18283284859371e-202
0.00140342567079619
3.34141861124669e-17
0.873533842655868
1
1
0.999999999999998
1
0.0114694193959289
1.03829616010059e-06
3.12142669160949e-35
1
1
0.999999999504702
1
1
0.0364466619479901
1.04636627654454e-29
0.00303000139812764
2.67300494248573e-22
1
9.68202234713692e-38
1.35086876741694e-90
3.2136614213561e-155
1
1.51993915064561e-10
1
1
1
1
1
1
5.10704978723988e-197
0.000464196579072745
0.990719953056211
1.27865624860506e-06
0.999999999999981
0.999456851404906
7.95771745453564e-30
0.115756358068297
2.96255764858294e-13
4.32091655778067e-26
0.999897041219486
3.14058016930185e-14
2.42031638744097e-92
3.03994573843634e-05
0.780959781915884
5.61175017919751e-48
1
4.4368996447598e-126
3.69417763094071e-06
0.161283371447948
1
0.00423579447208415
7.28097506616059e-13
0
7.05167152021074e-08
0.999999906967075
1.8632622299491e-07
1.64862943491385e-174
2.19365595116675e-15
0.0922376558503954
0.930502442773115
0.00380103913690404
1.34751792850185e-15
1.93345597969763e-09
1.0139353566346e-08
0.214521073106605
1.0475458201949e-21
1
5.73491077319324e-159
0.999999981803489
1
1
1
6.13569476005964e-43
1.81670249128071e-20
2.02570256658437e-50
1
1
2.63748562292397e-57
1
0.621778260336422
1
5.50930615832402e-05
3.88555077045699e-271
1
1
1
7.24787523513146e-50
1
0.909998871523987
1.245653422647e-11
4.35648490498787e-07
0.000223450149849967
8.88656514695523e-21
1
0.930585317095251
7.86148706358952e-18
7.69331823396434e-22
0.0614845095059041
2.05864007530219e-60
1.20851634236524e-49
3.00392130010056e-18
1
1
4.559089362591e-11
0.999999999999994
1.63840242959084e-57
1
0.999999999999999
1
1
0.000139774469747874
3.16287318364317e-19
2.54870909146962e-05
4.32667374100334e-16
8.29188118507977e-109
3.75875213767547e-11
0.999999999761435
4.04820164933532e-65
8.0350504537907e-17
8.1805251578953e-14
1
1
2.95346198573271e-31
1
1
1
2.71153158195282e-15
2.59719377797904e-36
0.999951020022849
6.07549036946363e-05
5.31941582112957e-22
2.00805080776568e-77
2.24397019796523e-147
0.999999994371686
1
3.54588386552966e-94
1
1.38884817827074e-134
1
1.32536978519733e-110
1.96349258117884e-06
3.77379255325431e-07
0.999999998882746
7.24887695925751e-43
0.999826088067775
2.76976639474138e-12
1.03058224083062e-43
0.997103873624983
0.999999912292149
4.36880095362285e-23
1
1.96787400759449e-167
1
1
4.52888868997662e-65
3.6715126462853e-43
1
1
0.99999999999991
9.18049976738489e-13
6.1370552878445e-18
6.75206751336351e-27
1.11327847202804e-228
0.00418450925391482
4.17649501229129e-46
1.00576682819665e-25
1
2.86400368483648e-52
1
1
1
8.54872060991022e-41
2.08755859355638e-40
0.999999999999998
1
1.72309909142462e-05
2.5253733743406e-09
0.0115799841283448
4.87240048723275e-06
2.80789549143111e-19
1
1
4.14507414204133e-44
0.000398303644063025
7.76994658115636e-08
2.56264371991684e-16
2.72863875144205e-15
0.999999999999999
0.997871310197284
5.28805918264384e-29
1.11348557375907e-33
2.54869425663752e-32
1.59106672781719e-27
2.43570819874909e-226
3.74415697128059e-32
1
0.997664829338636
1
1.72769535278162e-29
0.062170039108345
4.274855223191e-36
1
0.000205925575665991
1
1
2.79595952783025e-69
9.2642625453932e-13
4.10441247425393e-30
1.22574420534483e-119
0.000456184325477693
1.10145377343814e-14
2.66042212662228e-14
7.13892231223717e-40
1
0.887220412311142
0.0723892045075918
5.79127155803359e-06
2.42971631156174e-05
1.70522411890867e-56
4.99314254466669e-66
3.25291926752578e-51
1.91484334215547e-55
0.999194893003142
1
1
2.68863111041053e-51
0.999999999999386
1
6.32435174095226e-40
8.52312197564199e-52
9.93692370698686e-60
3.9456681481945e-06
3.86940598862137e-66
2.86895148610567e-28
0.997557286583218
4.56837879904959e-05
0.030957700894975
0.00469653737501056
0.999988970364428
0.000300359689501248
2.48075885139932e-37
1.01822812545905e-147
1
6.50741498285255e-53
9.59649164791013e-05
0.000178094797378406
0.00455097279728386
2.15729655877556e-05
1.38264039919776e-05
0.0154322916703117
5.02501902202227e-211
6.37788534176032e-100
1.79702614654379e-08
0.9999995559138
7.15578846767164e-45
1
7.03064369669442e-30
2.49991012726158e-301
9.3569155393471e-156
0
0.106040304830561
1
0.056651576361133
0.999999369289136
0.00361151178792644
1
1
9.88400379904704e-117
1
4.65577696398749e-62
0.00250380252359039
0.000401468835306597
1.81143709339895e-73
1.2506447470749e-69
1
6.26513743689454e-90
1
1
4.86623620580044e-08
0.0302510246881548
1
1
2.27329279581262e-06
1
7.06774468885595e-19
9.14497276085526e-11
1.28678361340475e-77
0.999998980744358
0.999999999971595
0.999999999539182
0.0479280010517783
1
0.196343253600423
0.0811681015391733
0.0447550846360232
0.00944971191293423
1
1
1
0.193026705228568
1.31017430203047e-06
8.09800134893973e-27
2.67094329362196e-09
0.999999999996113
1
1
1
0.0323919446092618
1.31937890492517e-28
0.345968321769284
1.16936447291202e-52
8.00501127117062e-145
7.05688720555818e-131
2.38419468330775e-127
0.0601362920175566
0.108112072664937
4.11071247171727e-42
0.99999999999998
2.52335465313616e-60
4.4886876928723e-63
9.4640103154576e-37
0.999999999999975
1
1
1
1
1.26549225401744e-30
0.999999991642559
3.6908113008404e-26
2.05754381981943e-21
0.000237169478921032
9.03006325593046e-12
5.40229676307041e-13
2.1571238865495e-20
1.41775620006053e-30
0.000401578374889271
1
1
0.999744007455828
4.85742227778419e-38
7.37942167114953e-17
0.99988623568252
0.999999999999908
2.4704114457839e-06
2.48728817182126e-08
1.94044409183288e-18
0.99855147683447
1.64733492001627e-61
4.99416713845664e-57
1
2.34132857844302e-08
0.999938536108113
1.44979551405371e-07
0.75865140744769
0.243909517851016
5.72409421776493e-24
0.999999778207889
1
3.12408402287419e-17
0.999999999999994
7.50861907429927e-19
1.61554923968863e-11
5.39131798061926e-10
3.83870105773576e-12
7.02107379114842e-56
3.84149276959332e-27
0.999999562181178
0.0537240179919004
0.0920601876303133
0.0735237730384227
0.00428010874010427
2.40153850050986e-05
0.0735237730384227
0.0920601876303133
0.0111719888224381
0.999999999999917
1
1
9.28394271092206e-07
1.70319154786894e-09
9.46378415225128e-18
1
0.0351447974302909
0.0161537632048172
0.0126317792268434
1
1
1
0.999999911486082
1.60748288390774e-160
1.17050076506405e-103
4.22322323636926e-38
1
1.29029520998359e-103
1
0.999999992899809
1.15307805751434e-39
3.15417692080447e-35
2.52035581260211e-21
1
1
4.13880571585628e-20
0.999999999999999
1
1
6.7112762187838e-39
0.999999909977859
1
0.997920313824515
0.717543111707274
1
1.13340835282952e-105
0.999869433984735
3.42268072382674e-49
0.870022125356139
1
1.62841093279584e-12
7.35492673220892e-07
1
0.999996925331358
4.1836438030217e-17
9.08120672967252e-12
2.69498068005727e-44
1.09989074805768e-38
1
1
1.69203370025687e-12
1
0.000502952562006923
0.999999999998046
1.47798982501286e-49
1
6.29599335724449e-20
1.37659793104287e-51
1
1
6.41884428860867e-46
0.99999999994227
0.99999999978085
3.85286552754534e-49
1
3.64286708836501e-35
2.03618991297008e-143
0.999999999999064
1.67655668602676e-111
1.53784087541127e-168
2.33693618811648e-189
1
0.999999999882635
8.02102921752708e-34
0.999999071785106
1
1.47696020277126e-53
1
1
1
1
0.466507396943905
0.9999310805926
0.999999953739701
1
0.00313284467250084
7.5958887498613e-218
0.0920601876303133
1
1
1
1
2.59480018958693e-11
1
0.999999999997922
1.94860610421158e-27
1
2.20121827276757e-137
1
5.61276106429253e-68
4.68859360393624e-27
1
1
1.12373758686464e-93
1
6.28953530701823e-33
1
2.62762120524108e-83
3.21787747604973e-20
1.40057296343213e-38
0.958265576237147
1
1
1.09831932201741e-77
1.16617311413744e-07
7.17804589438368e-16
3.18366586573453e-39
1
0.999999606184108
1
1
2.75690487053014e-54
1
6.70545227267361e-94
1
3.33694262886127e-11
3.33694262886127e-11
1
1
4.46425985524261e-07
1.1068599430014e-10
1
1
5.43145590406368e-33
0.000457181484169919
2.57998588297988e-282
1
1.01382819645194e-14
2.48334908810515e-45
0.212149567172315
1.24103761953707e-154
9.44582658404174e-39
0.000109205463058731
0.00393567209721175
1
9.71724322544547e-12
4.36616371245587e-20
2.69585441052923e-208
1.23341201666003e-294
0
5.65638628568404e-06
0.0960273138748234
0
1
0.99999999974113
1
5.94226636470669e-26
2.60062461645297e-20
1.17811689546754e-19
1
7.57072862908953e-10
2.66690986825753e-14
7.74154054850797e-29
1.51234287822069e-38
0.00381958379689954
0.999999953020511
9.93880697469742e-161
4.87107612194652e-89
1
8.49787317710489e-138
2.1455360012162e-161
0
1
0.000279858850162887
0.00987194608003836
2.19241600634688e-11
1.28636856359406e-75
1.28636856359406e-75
0.999973445740791
1.85964703624402e-167
6.47878024694283e-98
1.48395048522397e-155
2.50103887825266e-11
1
1
1
1.95115559285267e-52
1
1.90878305399986e-12
0.0451563453108889
0.159336022938784
1.56266306183565e-10
1
8.69455865126242e-23
0.0512626731303539
1
0.0125574432299619
7.32161071755239e-34
0.000155103595134042
0.999999999999679
9.36564613572995e-266
1
1.49594682300109e-92
8.26248381202665e-83
0.0146088133990833
2.43918988746481e-63
0.999936899865552
2.51347009857374e-134
5.17774761093316e-107
1
2.24625087281676e-113
4.32663191623509e-11
5.54785152084577e-08
1.80649429921696e-69
3.63797277538283e-47
1
6.14376383800126e-48
6.38292560533043e-44
1
3.24672271323589e-08
0
4.21462757969221e-06
3.00597660210558e-29
4.79223589222924e-129
0.999999999999999
4.21973395610734e-12
1.97259249101669e-12
0.999999982614103
3.31985381714039e-132
1
1
1
0.00116919886362473
4.44267151477542e-42
6.21315969714041e-49
1
1.359398597828e-32
7.73822500645602e-11
1
1
8.9480743617953e-75
1
1
0.0215214518693978
1
0.999994915255645
6.70288343011954e-11
2.75283002150526e-145
1.07223142879864e-178
0.140922210421809
0.0114882022650679
0.141087006513678
0.00323300939844317
0.00546493330936559
0.999999665987384
2.54295061562281e-06
2.42610867708041e-11
0.0101515206257552
0.000759208211092299
0.0447098932740748
0.000121852480972779
1
1.18165232073473e-05
0.999986026064345
0.00512241017632222
1.43189335934737e-230
0.050887402677058
0.0641518812020674
0.995928498312011
0.999977870422536
2.09545838072956e-05
1.08996755828659e-07
0.0809267428468055
0.0741528042274821
0.999999993703868
0.00676168013132674
0.0218319470548884
0.478737710573898
0.0147442044322066
0.0681349360994264
0.0374937101322478
0.0114130593064683
0.00569537159489511
1.507077893015e-12
1
0
3.52624568241179e-218
3.1885170129099e-09
2.06755607289995e-05
2.78346129959935e-243
1.23798804229211e-05
1
0.0216889250470511
4.30602652158227e-27
7.95829400963628e-26
1
0.479001602771036
0.004631296057157
0.999999999995538
1
3.24897072770267e-09
1
0.999999767163559
1.65123869241501e-37
1
1
0.930941979481981
0.999999999982902
8.71508572111704e-99
1
5.5124292462265e-201
0.999999998941063
2.75538733078265e-12
2.98998865663787e-05
5.04747942598322e-07
1.08885824590452e-123
5.82037415648082e-71
0.983608470066378
1
1
7.83000353310396e-42
1
5.03820061977493e-47
1.58096467565302e-64
4.01909454960843e-172
7.11533104542572e-176
1
6.15686056991994e-63
8.61553004758964e-103
3.81415458421012e-149
1
1
6.99262671363822e-41
3.95609468985879e-13
1
1.71365380714848e-12
1.69099002487913e-43
8.78595653005097e-206
7.21900277807419e-205
1
1
1
1
0
6.7622661529175e-33
1
0.999999999999994
0.999999999999994
5.35167411737839e-15
5.35167411737839e-15
2.57026079690233e-147
1
4.54189709378133e-38
1
1
0.999999982111199
0.999999999999871
0.999999913678564
1
1.8958098030772e-70
2.03022176805383e-14
3.8666577544333e-201
1.00101308414168e-14
1.01606038806673e-57
0.0220972864022384
0.999999999998941
0.00982031688960337
0.982341469294071
0.00410644528600163
0.000665081836975491
3.70877257355964e-05
0.000154993554921508
0.53177809828811
1.06479939124856e-42
0.0208699763191514
0.0159104741039148
0.2444084270139
0.0283916466579874
1
2.06284369663359e-69
1.00470009423982e-47
1
2.76959379577485e-50
5.19539539491558e-18
7.62651512537977e-11
1
3.44057268645917e-190
1
1
1
9.07494775691298e-64
3.45802224158891e-61
0.999256493273376
6.92149576553165e-08
5.08232205928098e-22
1
0.952746458027343
8.01260873290309e-163
0.001281095711908
1.26797993956399e-07
7.35334992566117e-05
0.000589569327003151
0.00423226396069161
0.566153444134509
0.00339004787944358
0.0204167637863941
0.000345032855244376
0.000968600502004882
5.76992548476576e-05
0.000174345418334342
1
1
0.0491019644245106
1
1.30454373296859e-15
0.999989562476158
1
1.12180223993261e-16
0.99999998596643
4.28289237080955e-15
2.82468541773439e-28
0.181573247860272
2.38670331106893e-11
1.75608887882188e-18
5.92997987092313e-09
1
0.000647141358514152
1
9.6446310147681e-236
1
1.05788091024907e-21
1.62070336229017e-11
5.155923124274e-09
3.46433688354882e-08
0.00254433186388706
2.01816379404214e-11
1.7003916998085e-08
0.626884900161733
9.74825491838357e-11
2.40066105471694e-09
5.73716993255409e-08
1
1
1
0.999999999999966
0.000445143243744472
1
0.999999999829065
3.83624779278609e-20
1
1
1.1562305911816e-23
1
6.18409793755799e-61
1.51049309124627e-214
1
3.16035075840197e-15
0.99999998720099
1.79663966473929e-16
1.27842373227465e-08
1.18505869065452e-83
1.79077767057845e-97
1.99221132561969e-160
3.23408417800663e-12
3.26203501306397e-61
6.88729595439724e-09
1
5.590743748553e-83
2.20791415942852e-99
0.999999999721724
1.71602247633934e-15
1
1.41498983485139e-54
1.0342662325161e-15
1
1
1.83054629529842e-64
1
1
2.52517387298772e-153
1.87363252011904e-49
1.42671109959183e-08
1
3.11747724375171e-110
1
1
0.970690611784009
1
1
1
1
1
1
1
1
3.13477645335051e-174
1
0
0
2.70103957614152e-10
1.60059911019942e-82
5.86468144695629e-28
0.999999234002784
5.31850532781655e-14
0.999996593825786
1.83492030944546e-34
2.12704767498398e-26
4.25016446430258e-80
2.24863662531857e-37
2.24863662531857e-37
2.13126866009675e-56
1.21118866009624e-55
3.48879366417832e-41
0.937854460872078
1
0.999999999995504
0.999999997759665
0.000213076727834313
0.000131404775915163
0.999996176390575
2.06654933929566e-12
4.54947858395025e-19
8.68712940252901e-46
1
1
7.70006578821841e-98
1.15976052159324e-89
1.16941405302324e-86
1
5.1317477667269e-178
1
1.30437213150144e-20
0.99997415090481
0.999931738756543
1.30873522676466e-41
1.31890885101284e-86
1.23529165942044e-12
1.4661193273229e-164
1
0.00384160878514333
0.590605027121127
0.0128595957933571
0.999999960888102
1
1
0.901268971909257
4.5346311057171e-07
0.107113204468913
0.110939987484537
0.0013140071263083
0.0216197981749048
0.372931213500537
1
0.297539737036258
0.0298268058545122
9.82089005307224e-08
1
0.00407275417286172
0.0356678019905314
0.00333064929308746
0.007057799000687
2.29596780993838e-05
0.605445177261441
0.450657815933251
0.514363985650221
0.000259151868892722
6.22529924323843e-05
0.0340239521412548
0.272222406387299
0.11487989120154
1
1
1.03208148226222e-17
2.75069896665645e-17
8.07053258210626e-19
0.00911487146674235
1.33920806880873e-43
1.2876765268051e-36
1
2.63584657863587e-51
0.0540679098413739
0.999999999996758
0.999999999999987
1.14316203896814e-10
1.24051732563034e-27
1
1.14967134151717e-11
1.74910724799012e-13
0.798612407813473
3.31578596267759e-26
0.788333938098244
1
0.9946789254243
0.00285630647867341
0.00243407221060196
0.172258268920145
0.0285020518369552
0.00110208003712607
0.183937579695758
0.9999997565169
0.0103763224719686
0.0556303201236283
0.0163427093545538
0.00028265429049974
0.78792193233106
0.00804556788823199
0.572367791029659
2.8041314091829e-07
0.00254388362402598
4.23819539952546e-32
0.00328460324310589
0.982774824789994
0.995526524496689
0.996197796578253
6.92914744829777e-37
1
1
0.0109992501990192
0.245528549762863
0.0267824699224027
0.0359709584558881
0.0297543424628251
0.00279843854461896
0.00532211721445302
6.99894592351194e-08
1.33175227744163e-07
2.63075774331802e-37
8.20536273192513e-27
7.63822362747278e-63
6.46592692035374e-21
1.7886717333496e-05
9.7401046667744e-19
0.999827273812776
0.234210258160193
0.245958747010001
1.5794831926505e-35
2.67863779490156e-05
0.041779658957126
0.994453472940686
0.000333788307979662
0.00102741536622131
0.990953403922921
0.0104884947183828
5.74024819729432e-05
0.00315974430980178
0.0152888589333942
0.947775239116549
0.0282497322347383
0.250043556322032
5.13083220799808e-94
0.0310500319588725
1.07659277565666e-19
0.999999928599685
0.000435121621892195
1.4955265830588e-12
7.56891104718741e-05
7.17847097629536e-07
1
0.999999999992174
3.73358586551129e-20
0.0162077021959897
9.48631103199024e-07
0.00164516133678388
4.72063735024176e-64
2.00378798933631e-19
0.000288520572245458
0.72625789285331
0.0733078225564032
0.0029620448893801
0.021343730312864
1
0.11848222721074
4.5565824854092e-05
0.000535705840385628
4.05803356196533e-05
1.26969273922612e-17
0.0109859781877802
0.000809183597282857
0.878863230592517
0.0012546837055507
0.951290582574515
3.6227484505702e-05
1.81902619593307e-05
5.29203588051524e-18
2.27628099084631e-26
0.532743576791323
0.00285899921446631
0
6.50527268549547e-05
6.35735104810327e-06
0.00167785693946508
0.398113259149923
1.78192417397156e-09
0.132772637405934
0.00261840341502044
0.00301244851236613
1
1.21013026081377e-40
0.00937054084612944
0.675979703763614
0.9010200510178
1
0.815494254168975
0.450568006458453
0.00780452788713888
0.999756950273597
0.999997915055074
0.525618194463792
0.574169378828401
0.060729562000007
0.015280521540293
0.770650134221675
0.999999575114343
1
0.999920418502343
0.996866379554457
9.22348629244615e-38
0.000980421043491194
3.9109895363911e-76
5.18453128687017e-67
9.51522418661855e-186
6.79040963206546e-27
1
2.29340655633228e-174
1
9.69523962296426e-282
4.32695927266647e-74
1
0.999999999999999
1.30222320279541e-123
0.00107887757594319
0.00441108686008002
0.667761659229429
2.67424521916432e-72
1
1
1.92984922049655e-38
1
6.10091116707562e-106
1
4.22487505196412e-94
1
9.27395761892063e-80
5.52230155875444e-10
1
0.00371389218967438
2.51167560144549e-54
0.999999999993894
4.4004231296849e-34
0.0357689475348844
2.02429687560745e-11
1.39206853880819e-57
2.49467685804166e-07
1.69064096664911e-09
1
4.54836560473452e-99
1
1
1
2.25133346628388e-119
1.93136000628228e-66
1
1.66263425700112e-172
0.999999998755494
5.15867571761466e-58
0.999999999999992
0.999999981718044
0.673429827145972
0.999999975023445
4.59442194315015e-47
8.28606996586467e-28
1
1
1.43099527249401e-15
8.21464772161173e-89
7.58655485986545e-89
1
1
1
1
1
1
4.91649154304135e-92
0.996900507406422
8.51365679658963e-41
1
9.75599395149993e-25
7.23194254684359e-152
7.57888284490775e-06
1
1
1.54620165626878e-141
1
8.05795884004035e-41
4.43228872026281e-49
4.07251404139177e-53
1.21804457663293e-24
1
2.9892200114692e-126
3.13397627073499e-28
1
1
1
1.6568826462456e-290
3.81390251498872e-36
8.84401774960371e-83
3.29470762212763e-54
1
1
1
0.982830069481238
3.76559460284229e-07
1.33548695695057e-05
0.00793728586051292
0.999999999998016
2.72839089077536e-132
1
4.92667521081279e-32
0.999999999999988
1
0.999999999999999
0.000157032740473856
1.11525741260375e-09
1.13893066648353e-233
2.61085946125451e-41
0.594192594244236
0.205357596949753
0.000757632683286001
0.339043637447391
3.03362077487221e-07
3.39528904115454e-15
0.00112652117762153
0.00182935009543524
1
3.55481029133586e-05
4.82135949721401e-87
1
7.1886790544591e-84
1.32314370545207e-270
1
1
1
0
0.00945163070582569
0.0031051175937652
0.00625278936410489
0.00877331544335484
0.01304785269525
0.0339521128063294
1.10267373752142e-06
9.68377966504578e-13
0.961601106982667
5.68291306765155e-151
0.000179224547124163
7.43832638130432e-16
0.999999536732855
0.999990545082249
9.70044659452263e-16
2.96860388712549e-16
1.65460321481329e-18
0.0173558897236982
0.000656677185961467
0.00261625513512217
0.0257737006890072
0.00604776490249594
0.0146928042167254
0.000197969633829193
0.0303440100630582
8.85555697492414e-22
0.999999998409232
1
7.52543288634109e-100
1
0.999999968923325
0.999993794089313
2.43409238624503e-06
2.93180933991766e-05
0.0107505443173453
0.000344015247386352
0.000743806749457868
5.00211326970572e-09
0.999999999071506
1.14557854169684e-07
9.45927777345828e-13
1
0.24060960016259
0.896217965093034
1
1
0.999999992765687
5.46378597430049e-45
0.999999999942476
0.999999990752658
4.96892720523545e-08
1
1.03249711120622e-141
5.51573899604893e-24
5.93376175325753e-07
1
1.35439719046437e-05
2.35754616653743e-172
0.999999999970165
1
1
1
1.79306480478415e-243
0.999999999999552
1
7.22554323036227e-108
0
0
1
1
1
1.50165395162755e-77
9.0435718274956e-51
3.39319644640479e-51
8.69417961794601e-136
0.122010739881867
0.00542683507308269
5.65641672162761e-06
0.0849030777770906
8.28714830455434e-32
1.2655749476477e-11
0.130326850086619
0.999999999999978
5.19520490359212e-10
0.000288523242936298
4.22600865548248e-06
8.78787742330116e-12
0.999983599713022
0.999571798252936
5.62802743640138e-05
0.000353314255214046
0.338960284642173
0.267842423256498
0.999999874082234
0.99999992658379
6.30145049926778e-139
1
1
1
8.67690900232046e-05
1
6.68617494598068e-06
1
4.16441486625528e-65
0.355284756357801
0.3546560263975
1
0.0247585507946393
3.92911918394425e-05
0.0704934925668528
5.51237452976962e-85
4.92106996921854e-127
2.32706631680651e-11
2.04004325516802e-31
7.16541263847482e-49
8.99873057079932e-08
3.25640680168503e-09
3.52110174818788e-08
1
3.89785099958882e-26
0.0869779525627708
6.22271718124605e-29
2.18842233856256e-25
0.000591412238277815
1.1974456705072e-07
0.999999998104107
1.49691030941354e-24
0.000248457902573048
0.845340055497168
0.99999965403505
0.987186643117454
9.263004366486e-09
5.0776175249814e-07
0.0953139644854139
0.0170214757414341
0.0632014109146531
0.140775247402666
5.34981488113986e-47
0.0601362920175566
1
0.994506629806267
9.92673751549531e-07
1
1
1.8326180417126e-49
0.959124278828409
4.21073826329355e-96
0.99999999999991
0.943461394586188
0.00914893112991162
5.85873563225622e-18
2.62730106132858e-46
1
0.519911986396615
2.74564757364894e-08
5.94546905253917e-07
4.75749369029141e-30
1.88114798663927e-27
4.6721336361768e-21
1.74439124273588e-55
1
1
3.33636640986434e-21
0.0136930312773706
0.153653228560188
0.0582223996387726
3.46189182038341e-06
1.30405025290888e-25
2.76851771337614e-05
0.999851289476379
0.999999999784198
2.50380571345058e-08
0.993886623352672
0.416746485156756
0.0288499897476413
1.06244346815622e-08
1.48118026610733e-11
0.00334470593507582
9.62673251149713e-05
1
1.3298952230701e-10
0.999999998661629
1
0.99999999999993
3.29754676516603e-27
0.999586246356478
0.996011481282403
0.999999999977916
1.6875935933896e-42
0.0167561398659431
4.42847069064929e-94
0.00176119897639919
1
1
6.352438902323e-53
1
1.37558917129346e-27
7.71392162326351e-58
1
1
1
4.90564054577771e-09
1.75881640290798e-162
0
1.6082073276533e-61
1
1
6.64266594134265e-11
2.32585091170807e-06
2.32585091170807e-06
5.83241786813371e-87
1
4.43281917130411e-12
6.95208594492703e-10
1.04481473731341e-13
0.00287456801793009
7.22392230221484e-50
1
8.21778899858291e-27
1
2.82066378113564e-08
0.725784960267993
1
1.55037545935046e-21
0.00179857328905551
0.99195442570697
0.999999999999648
5.28339456934614e-107
1
4.06980335089692e-39
1
2.00430197197708e-13
1
2.72074735969992e-06
3.19261898203622e-14
9.18175505657165e-11
5.08593700341843e-06
1
0.113939561662204
0.0601362920175566
1.27562178974772e-06
5.21846169457376e-06
0.11493755678773
0.0920601876303133
0.0735237730384227
0.0920601876303133
1
1.85022812751142e-100
2.65468218396469e-46
0.0169448196312292
0.00183163913227184
0.00570900084169672
0.00851412504565708
0.381576483063093
1.49174547217786e-06
0.000545024415321424
0.854246798157967
5.68169708305191e-10
1
1
0.00205062959720447
0.000207926413928917
4.0367975517238e-36
4.87040828600007e-38
9.21912844689537e-08
0.984122876279379
1
1.85535076761058e-05
0.00139307368882644
1
1
6.83599111184941e-97
0.000198423794469021
1
0.999957419111072
3.86596654395274e-29
2.32363745239463e-09
0.0601362920175566
0.0920601876303133
0.113939561662204
0.0920601876303133
0.0601362920175566
0.0809267428468055
8.23506841055153e-34
1.77931780181411e-20
6.56556591501827e-15
1.49168669852903e-05
0.715918679035542
0.258496214641084
2.59908100473626e-12
7.51368929958916e-49
1.47368332159913e-16
1
1
2.72395950868731e-59
8.75131251721966e-134
1
0.00400864206241187
2.02055284268229e-13
7.13398013684351e-40
1.23861742160255e-76
8.77087286634388e-62
0.00060273784606086
1
9.12393228588392e-16
6.73641849970804e-26
2.81302101770971e-26
5.16309070740268e-224
1
1
0.375963998273159
1.28851244662759e-06
5.20702721676194e-06
0.000531498137044247
0.137979365266984
9.85129763152783e-08
1
1.13829694189582e-17
0.0138749387363456
0.999758640971749
1
2.3235566551915e-07
0.617252788536057
7.18341741809378e-62
0.999999999999969
2.05775410956647e-05
0.0002505965671223
0.789638647115412
0.917347657818133
1
0
1.37451094937159e-61
1
1
1.03082998119567e-87
1
1
1
0.99947488116108
9.94643858321335e-40
1
1
0.999999999995477
1
8.96331136581383e-16
6.26435871082317e-43
0.999999754055724
1
8.72589797787385e-38
0.999805883781708
9.14463633348509e-12
8.45610577957498e-10
3.18629467509571e-92
1
1
1
1
4.43991786234987e-26
0.999997214794022
0.000142146410157711
0.999999999976098
0.999999999996555
0.309235061814548
0.897910908283998
4.88149467589414e-07
0
2.31821767356269e-193
1
1
1
1
1
0.00726535226591088
1
1
1.66717432813211e-16
2.13648270556636e-20
0.0299759693002524
1.50603683159992e-47
6.19928277096564e-69
1
1
8.47183641428532e-57
1
9.58027609636222e-34
1
3.90146616045285e-105
6.72000571275008e-33
1
6.69033529751859e-11
0.977942126642202
1
1.07870097110935e-28
3.81274505918895e-140
1
1.69701066569549e-163
1
0.0551143449112091
1
1.26866921392531e-225
1
1
1
1
1
1
1.26950392024747e-18
1.33757377377175e-235
1
1
4.76801804548059e-07
6.71940131036488e-94
5.38464856338866e-98
1.77055784545683e-24
3.08152063577577e-102
1
1
1
2.79863474876426e-53
2.93312987472744e-09
0.00329081893808418
2.60760174120063e-05
6.65587954639108e-10
1.01806965955732e-113
2.18265161620384e-59
0.999999999772439
4.44591150344125e-45
1
1
9.79931927914344e-177
1
4.47339351515132e-14
1.23974758380267e-05
0.993299478052219
0.999999999999997
1
0.999826660430731
0.12221511771682
2.87943722144551e-15
1
4.96705517725563e-19
1.55157783775009e-130
1
0.00203087180984467
1
1
5.34733825226253e-08
6.153094319612e-11
1.11520811571214e-12
1.35999157154067e-05
0.0165115020567432
1
1
9.10775983487317e-22
4.43063846158551e-09
0.00190994190724971
4.79439214270602e-05
0.00892203892437445
0.999999999990931
0.999999967473069
7.85214266149659e-09
1
2.09854391943954e-80
1
1.08255528632973e-57
1
2.25480019598559e-46
1
1
1
3.0803648805505e-35
0.999999999999934
8.27393590332498e-68
1
1
1.40061858391931e-37
1
2.33460812481955e-07
1
1.42764485208605e-82
0.00141640789462891
0.999999999999836
5.08238887754981e-13
0.99998111170934
2.47967479293762e-06
0.999999999999999
7.52374004445412e-110
5.21265174542544e-150
0.997393049735527
0.95861288156337
4.51906116985544e-05
5.29681415012089e-56
0.0653744525472036
0.113939561662204
0.0601362920175566
1
1
1.04824035081649e-20
0.99354031362984
0.000570292367224987
0.000286317861215237
0.00138818418244163
0.999934270360395
0.993304212714729
0.971703422298646
9.42187344980798e-17
1
1
1
1
1.19880392673512e-07
4.41741831341931e-58
0.0238529611292795
0.363501838266188
0.96857575082964
1.14074804924577e-06
0.00818403328703071
0.99999999999997
2.19465902457962e-11
1.0121980820155e-12
1.31677040277304e-05
2.43703886625212e-05
2.58852092953779e-08
1.92031680334916e-14
1.9266089531478e-17
0.000826548494278593
0.000105384746286968
0.245915706204191
0.99999945993983
4.86497526482881e-05
1.46102713713007e-10
2.39557726868619e-34
5.41223385688085e-06
0.00116582590228881
0.00138996489592618
9.37826294288739e-05
1
0.999999999999999
7.98833298848523e-248
1.2583122424492e-66
5.07350131047361e-42
0.999999993209734
1
1
1
1
1
0.730273654744922
0.0374755994994889
0
1
3.5580001044125e-06
1
1
5.64224487265159e-117
2.47514551389711e-234
1
0
1
1
1
1
0.0225482139289005
0.999999999999998
0.999999868629718
1
7.92422416026669e-22
8.5658694013746e-114
3.86079652488268e-12
0.999999825567261
1
1
1
1
6.19314661837161e-170
0.99999870230734
1.03644468316568e-16
0.999999999998991
0.999988839915406
0.866718233634443
0.0021099646249
0.000338454091091098
0.999999998823182
0.999995189861344
0.900917632287795
0.608213080631151
0.993371550124904
8.86292295001686e-59
0.417058643800004
0.357051232701128
0.686054606272317
0.0156695077194336
0.00102432127583397
0.0323210049909324
3.80622746919007e-07
4.17274811655349e-47
0.203080519601653
0.115515163871507
0.041160990799575
1.45389007105475e-25
7.3097458623535e-23
0.223722437985346
0.00186726991478025
1.34363325952127e-64
2.18255435959585e-08
0.00256819047912341
1.79807551442551e-10
1.56537423538635e-11
1.2734327278135e-07
3.96536609903162e-32
1.13459397985953e-251
2.07360161664152e-46
3.45599408012114e-75
1
1.15760471394668e-07
1.38467469467263e-22
2.31179881064563e-13
0.938224379783005
2.36003455245893e-206
1.35167367977638e-71
1
2.37364204339375e-70
5.7258842398915e-90
4.23810640680333e-07
1.18497972179708e-11
0.000259514409983719
6.47266345379384e-15
1
1
0.999999999999978
2.26287447101912e-278
2.96918616886506e-58
0.223975145178124
0.374231338741188
4.56472888075195e-06
0.00256565594097692
0.113271798147637
0.00540536825769717
1
7.43116083170921e-153
8.76762207901208e-75
1.99941982877617e-190
0.0135846262066122
0.114629846221995
4.11556820340638e-05
2.53095568374889e-11
0.947478061189081
0.00380017784762104
0.0795098858263324
3.74022886460638e-08
8.19734442166829e-08
0.0450225758170106
0.997580885652977
0.00795947881792369
3.13698381091299e-05
0.000100827251906123
0.882164332291609
0.00100212827270532
0.458682255581057
0.220527803879146
0.0653744525472036
9.07041444682843e-05
0.0222146044454653
0.0460734616226466
9.68297236039849e-15
1
1
0.999999999999989
0.999999999999962
0.225124929931209
9.08622909572471e-39
3.67048762570332e-15
0.27063729650036
0.363346596030389
0.105686167604953
1
0.846287861363714
0.00582851143928597
0.681060446752109
0.605207254639147
0.975703531718235
5.36060198864252e-05
0.0282161898849626
0.00658554527743991
0.00427161900696761
0.040023320747282
8.2762769785875e-06
0.0262463710024729
3.00360145063955e-05
9.08672593708717e-08
0.000895820287396331
1.94262156342154e-08
2.89909961919704e-14
1.14780788331768e-18
0.00010097970506117
0.7160978015479
0.720301474295518
0.578774855401614
0.000609108689808299
0.0230530562883116
1
0.999872710438033
0.0347715387956293
4.65892426847679e-69
3.0676578626307e-31
0.999999999997531
0.999999999663035
1
1
1
1
1
1
1
3.01486407707835e-171
4.44558469332915e-100
7.84907653102108e-102
1
1
3.71473508320001e-45
0.00131814276067867
0.00378129314882633
1.54507482513742e-243
6.22326451695529e-52
1
1.45519268173546e-56
4.31889586277126e-108
1
0.0444480618874755
1
1
1
1
1
1
1
1
2.20295086052417e-23
2.14324197264039e-91
1
1.13927425165368e-100
1
0.951454744181896
1.18709584530759e-07
0.000521922287018943
7.67951749508135e-92
1
1.40453413410513e-07
0.403032896060597
1
3.67051338559989e-15
1.21064574724984e-15
1
0.0215771354926877
0.000738033515343953
1.59396488407098e-08
0.999999999743946
1
4.49208246439744e-32
0.00883097237330356
0.999999999999999
5.16738681513064e-09
2.25257105902158e-27
4.889881324253e-11
1
0.000205332512656113
3.6610103992847e-35
1
1
3.15604994919436e-08
0.999999970719869
1.01063821600638e-09
1.09065928993818e-16
1.64085021654436e-45
1.64085021654436e-45
1
9.18612859917522e-21
1
0.00465429938626407
7.89171934532461e-14
0.999968094607167
1
0.999999999999997
0.799000760444356
5.85904180529331e-21
1.47745820016712e-21
6.79172197676339e-17
2.51415306804327e-10
7.58289696798094e-32
2.32549132925856e-32
1.46786935551464e-29
9.45352683515523e-21
0.91546441193349
0.0164893406115114
6.77882467228682e-08
4.57350994347305e-08
0.993903048107489
0.999198579974239
0.997814241002955
0.954194032226828
3.44299255250408e-05
5.24990663751718e-183
0.00083660233481117
0.000456670997003761
0.0104323055200185
0.0586421833800898
0.00240761196373621
0.0476866581022273
1
0.977156492049106
2.35374157590835e-68
4.17266230001163e-65
1
2.31148025674376e-08
0.000377618860963868
7.21680455942058e-53
1
0.999979782963311
2.94083729935574e-11
3.10241833746207e-11
1.49903291247488e-19
6.38191758368718e-88
8.31963634901646e-74
1.52685301995348e-15
1
6.68862425973525e-44
0.999999999996036
0.999999999999988
2.54203929264078e-20
1
0.999999980301213
2.25248553470583e-05
0.0184552886098566
0.107607867383672
3.74976479151685e-10
1.07842097407144e-06
2.87905937799284e-173
2.11894651254777e-12
1
1
1
0.00161883538635276
3.36709768612293e-50
0.999999999999998
3.08965474320316e-05
0.152799662881862
6.10486476909078e-06
4.12114560393391e-104
1
1.8230331868821e-148
0.0533602824585154
1
1
1.31170833443883e-06
0.999999949115834
2.00059604504699e-14
4.66746435459717e-07
1
0.943238876574993
1
0.0792479781226395
0.861665504767947
1.11555370333513e-06
3.42871595091281e-10
0.854353420607053
0.984001004819145
2.36193369903028e-108
2.86949558165838e-167
2.17475628125603e-250
0.999910921171453
1.41985753427247e-09
0.81959373822931
0.834798874542776
1
1
1
1
0.999909228934846
0.184179191649624
0.0371674468890477
5.07387130279896e-100
0.0735237730384227
1
6.63748990831194e-73
4.84224321406231e-189
7.1449738641476e-65
5.10927076038785e-62
1
1
2.86010110002545e-35
2.12616946850846e-09
0.999999999999431
1.41428740979464e-92
0.000863112096823479
1.44488738774896e-18
4.67036067792173e-13
0.0306608269645816
0.245440897108845
1
1
2.15063609173346e-09
0.114811203320147
0.999999967831874
1
0.00764739953616417
0.0851502935313871
0.00365058676120313
1
1
0.999999990007247
0.0601362920175566
0.030048155570784
0.999999999999976
0.999935632113994
1.40837222944662e-17
6.40657639328788e-24
2.26794705539044e-06
2.16931363389611e-15
0.99999999999504
4.25075487162008e-56
7.74570190491752e-21
1
1
2.09830922029263e-63
0.999999448425794
4.78447937814248e-149
1
1
1
8.91061742605643e-75
0.911543926152053
1.06240541231569e-30
1.06240541231569e-30
1.71400290480216e-19
1
2.88940315074792e-30
1.12721652366299e-187
1
1
1
1.21086127730791e-98
4.23015243096059e-10
0.00799060269648108
0.000722804797239096
0.0504377016018138
2.62449470632555e-37
2.33215861221429e-158
1
1
1
3.35325297124022e-115
3.05923146513622e-14
7.0733949657979e-30
1
1
1
0.00128987127977488
1
1
1.23559565823745e-26
1
4.20068643550563e-10
1.50100158308896e-31
1
2.43208751251499e-69
7.53110486629649e-58
1
0.000821779005037304
1.531832018988e-73
2.43414930684174e-45
1
9.5507715229199e-16
7.32272070697899e-06
1.03985086902196e-09
1
1
0.999999999933081
1.23282160242277e-09
0.00426865501012224
1
1.22416751644301e-62
1
2.21240687386872e-11
1.44215419197581e-13
2.59034052628488e-17
1.19983584993179e-10
4.76580379585166e-22
2.36119850935367e-14
3.25417886660779e-17
1
1
1
5.15778963432055e-66
7.87891674030212e-13
0.0252801532622614
0.99972041783229
1
1.26725169159408e-05
0.0104153269468675
1.15693194713647e-06
1.14207906400669e-35
3.51499616797777e-05
4.86990470190996e-93
1.73628802546844e-82
4.92596083847092e-49
0.999981045938897
1
7.56468596215311e-18
4.67661948792927e-115
8.47521204483337e-65
8.10389200291374e-47
1.7227873547165e-55
0.999999978475288
6.62619294638846e-26
0.999728065759008
0.999999999999988
6.60141873787738e-25
1.14036907312797e-21
4.29050146550183e-39
1
3.19284992495358e-270
1
1
0.99999999999999
1.84712128883e-57
1
1
5.25913099113187e-55
0.999999999999923
5.59532691278561e-37
0.997280839150187
3.09423208997473e-164
3.38524395315209e-108
1.57887649257968e-29
1.00286942767552e-05
0
1
1
6.26105646052419e-176
7.43425747008395e-109
0.999999999999306
8.9158825814598e-100
8.96674786077571e-83
9.57719463264923e-20
1.27617065163707e-29
4.79359853561619e-14
1
0
1
1
3.60109971787923e-128
1.42591183323507e-71
0.999999999995061
9.38023302685419e-09
0.0445811676648738
5.85825882746686e-87
1.74829956979522e-214
1
1
2.501340635618e-272
0.999999999999082
5.1780582957352e-18
4.45712196071936e-12
0.0775028141124511
0.00799024836865618
0.0138303876381137
3.56316205717842e-43
3.30427953116377e-57
4.42577691856835e-83
1
1.4660405986953e-26
2.36706778492117e-25
1
1.3500782599838e-85
0.00793157647048117
0
2.63177562809061e-196
2.093968293203e-192
5.5269143860194e-31
8.30139022712394e-17
1
1
0
2.73521380924246e-22
1.46322836286383e-83
2.18643454013257e-57
1
1
3.30533301797036e-05
0.671055207581927
0.0384551643069104
1
0.999999958236344
6.00427648204318e-93
6.98902906967781e-35
0.0489065743730871
1.69861400857581e-57
5.3571916537638e-16
0.999999707909165
0.999999974865156
2.50329346474741e-07
3.45759372217289e-14
8.31989648688821e-12
3.71156906137382e-85
2.33002038914084e-42
8.73864903109429e-33
8.49046276822528e-09
1.21830311689418e-06
6.95314339910685e-08
0.00144060338965088
1
1
6.62257442687783e-10
0.0293497636005949
1.07473283842974e-43
0.0588506292766776
0.045864189480883
0.00553227789786703
1
1.93747376742489e-50
2.77566075927566e-64
0.999915876330339
1
1
3.85707048984538e-65
3.95763888014054e-19
0.939647233055143
1.02828108312942e-05
4.23267499185601e-38
1
1
1
1.84849880607365e-212
2.97372697009156e-189
3.81117576107082e-183
1
1
3.04927200706342e-34
0.999999998523726
0.999922796510583
1
2.61020293700856e-139
1
1
2.08136995635251e-127
5.60800511832592e-231
6.55634415935844e-15
5.63070455027801e-14
0.999999999938131
0.988316909721428
0.990196184797299
0.960601942318841
1.12539201658066e-06
0.117162865313051
0.00544443714884198
3.8690987476001e-20
2.30606276725314e-42
1
3.14620174282263e-13
9.05427366341969e-07
0.0817258700741806
0.162694785264197
0.427613898394452
0.00332455009176392
0.00371126422816922
0.999999273093356
1
6.19213564996898e-36
0.0104105400829541
1.15375039909674e-181
1
0.36281410468295
4.68320244837226e-11
3.47572334833066e-07
1.08595424260037e-10
0.607883688958652
0.597250960211439
0.00044885823894576
0.777755945734198
4.03360261231927e-15
0.0015250070266016
0.000724034585565382
0.00289830067684214
4.17318863129864e-20
1.06462357837062e-13
6.50551839696026e-09
1.49605529195696e-60
1.50738202921318e-38
0.999999988271729
0.999999712438496
0.999999930056225
3.29965566988245e-16
0.996062329201699
1.07880585314529e-128
1
0.00284600417167541
1
1
1
1.0999895982391e-16
0.000137691764703387
3.52905285668674e-11
2.01205855703141e-39
0.999512798073573
0.000438069457826666
0.961569456775857
1.48162272568744e-65
1.01263729065318e-10
8.07181217366844e-09
0.997849107584211
0.125285101272151
0.00910456171690397
8.96698224701129e-05
1.08933902852816e-05
4.78576692380978e-33
1.17031433792516e-21
1
1
1.31042388136712e-63
2.17578602358683e-12
0.573139943739278
0.999999592082161
0.0129717759114772
0.999999999820797
0.00131397936396688
0.00183153530946733
0.000319980627567703
5.68690102103465e-08
3.10628402426915e-18
3.10736741077027e-46
3.41937074135077e-11
1
0.355465425038068
0.0011842672604109
0.992245308756368
0.0363134510068587
0.00806207763255082
0.999977295805013
2.02645935106515e-05
0.00211630565529478
0.999989729662556
9.33542018106927e-18
1
1
3.82195071307259e-37
1.25602937592042e-61
4.05415810621475e-224
3.57497725857662e-28
0.0149300040332257
1.011752056604e-06
6.08873349821705e-74
0.50928889775097
1.43581880741921e-119
3.63874651496607e-114
2.67904547674891e-71
0.0202457082152137
3.68249255166426e-78
1.49442875590079e-149
1.00412321069797e-69
7.61001749133211e-306
3.61756535993961e-191
1.21297497338566e-184
1
1
2.4282420730023e-163
0.999947448470484
0.999999955109959
0.000140655661258806
0.999403742125152
9.4977330778888e-182
1
1
4.90245581905261e-23
5.72803500569183e-28
3.92575080716694e-21
0.999999999996489
1
1
4.7223130054065e-211
1
0.000468588399734118
1.66029415918823e-20
2.04735444560717e-10
1.41000826565136e-203
0.000153916294652
0.836271614205683
5.10263656685312e-07
0.963942244030395
1
2.00618799835968e-06
0.0803533281518884
4.63567666573615e-121
4.97138254468066e-249
1
1
1
1
1.11907452595815e-163
5.3181235938464e-50
2.16356144848034e-43
2.83227831543185e-33
4.53010428089773e-30
2.00771264672302e-31
3.57301192042426e-07
8.18377222319624e-15
1
1.73795957432406e-104
1
1
1
1
1.9614914010884e-72
1.9614914010884e-72
1
1.43318947107466e-60
8.53773384243756e-68
1
0.999999999999733
1
1.72344965514123e-10
1
1
5.57034804865773e-35
1
3.41308060462086e-27
4.83998076028656e-72
3.53751675897498e-50
0.0064240380795595
3.10060583806002e-61
1.68717634877097e-89
4.13796917025686e-09
0.000266319280613742
4.28595055685128e-11
0.00937984926815913
2.69578718308422e-39
4.62514738389268e-11
1.10854892500145e-177
1
6.38480963867575e-55
3.62082858204632e-34
1.05995572512622e-12
6.22869639592943e-104
1
1.68863358786091e-238
4.99175916573366e-134
1
5.03172978807098e-33
7.24064790253982e-55
0.0125854611556906
0.0105220628014412
0.315734978353109
0.0763854234763528
0.435944912769552
3.40822306350626e-43
6.34836097118891e-38
1.08340480997338e-170
1.28362506374647e-60
1
1
1
7.36435130133995e-107
0.000603258066741047
1.85380495609443e-22
6.35960012195193e-35
1
2.93774387903095e-64
1
8.39138933973037e-100
7.22121790766959e-57
1
2.00566007734597e-76
7.96019532181024e-134
1
6.10003665198811e-35
1
6.09734943805498e-72
0.999999979186295
1
1.31508119909949e-24
1
0.00207296987056956
1
3.72610544522879e-102
1
2.21179794463282e-114
2.41931796690351e-42
1
9.09930130829599e-75
1
1
3.16991317255253e-09
1
0.999999946600343
1
2.88165392711544e-05
1.88131492328348e-09
1
1
1
1
1
7.9007722005342e-53
1
1
1
2.4690170533334e-259
0.999999999918632
0.999801504672182
2.26195753326272e-46
1
0.999999999999989
1
5.80389656179912e-81
1
1
1
1
1
1
1
0.206128074392951
1
1.75095569734313e-44
5.56561204355032e-06
1
2.96281778518833e-25
1
1
1
9.87109967435574e-48
1
0.999999997010304
0.999999962262771
8.16281360206375e-24
1
0.99971071451858
0.000476936359579314
0.999999999999986
2.03140753911268e-16
0.999976196197445
0.99999993673808
1
3.74578007596747e-49
1
1.62924479788582e-84
4.25283064064157e-28
0.113939561662204
0.0653744525472036
0.0228216909714588
1.48187661334442e-31
1.02118340258023e-09
3.06578595074163e-26
2.82102343244476e-13
1
1
1
1.38825679226117e-12
1.28985528914763e-72
1
1
1
6.44949521124356e-23
0.00234027447853773
1.72073211346483e-08
1
2.47007023272827e-80
0.916708576369196
0.999999996756334
1.10161609513724e-25
1.43716472173141e-17
3.36762426007608e-93
2.3055655628817e-13
1
0.768965967439299
2.56116713495849e-62
0.999010124658289
0.999999998967148
1.78305828469193e-06
0.999999998826825
3.76464193688283e-05
1.29631130159287e-07
0.940685539925255
0.999972354852502
0.487486115847117
1
1
5.98825115349273e-09
0.534151658851978
1
1
1.96710536256432e-27
3.69751402116867e-25
0.999999999999985
0.999999999049953
0.999999948000399
0.0114324259929505
1
1
4.41043005811057e-16
5.52634313650253e-19
0.999999949246313
1
2.74364982246031e-83
3.11667895483485e-65
1
3.03496841704746e-11
1
0.999995027674322
9.39646344422731e-184
1.2246304238627e-37
8.57233665389928e-20
1
0.939461531095507
1
1
2.08201717676446e-54
1
2.26787291868131e-49
1.4529512601784e-32
4.06726731101186e-13
0.999999999999985
0.999998863558503
0.999800026405245
0.999993504690879
1
8.68201827332055e-33
1
1
1
1
1
0.99997071728196
3.36839040728901e-42
1
1
5.32396200816261e-05
3.58622384223829e-05
1
5.15886873475805e-72
8.63574319021196e-76
1
1
1
0.999992428234663
1
0.000138861911864575
0.202404121163071
2.9943597020936e-06
1.80740408589869e-15
1
0.836921537065238
0.000661587198060502
9.20175483234222e-32
0.999999565735695
1.97048340029714e-06
0.999998544718528
6.05090848822376e-08
9.14640940463599e-07
1.04649336422944e-05
1
1
1
1
1.24323937435559e-43
0.879749894218006
0.915430601427747
9.63273882807199e-16
0.918051382632712
0
0.00532982512614097
0.00316611430458017
0.0034722162422495
1
0.00148935782439515
0.9999999999997
1
2.54100898992245e-23
0.000636604236264081
2.39674045698912e-24
0
3.0201799154779e-61
0
1
1.57020372366666e-195
0.029859434963423
1
0.00607696934388525
0.00406057110913227
0.382240369786533
0.0565446663626079
0.168441682244776
9.54638148765202e-31
1
0.0024026434185106
0.00569201087549567
1.35814032447712e-05
8.11965315230725e-06
0.99999498940201
0.021966540432827
0.00775173995248528
0.0232186387726909
0.000880225378494485
0.644724072684018
0.0667828124989833
7.65027779652707e-05
1.06151148246851e-05
0.000114953121507174
0.397020119744941
0.741807642913053
0.00158582546421689
1.65572388356943e-14
2.52455595317072e-31
3.40457081511097e-34
1
1.83893965052266e-05
1
1
1
0.998380952555107
0.999990595680916
0.0354592902103934
0.000854094197761975
9.7121616176561e-06
0.0435450171638466
1
0.000927296324662741
5.53343244362995e-15
1
5.95438727628212e-06
2.20308341739078e-06
1.47506360378353e-07
5.05755066442243e-25
9.06704970901051e-27
0.999744126631543
0.999939622031841
1
1
1
1.39987510169419e-107
1
1
1
0.00343364034897252
0.019245869581817
1.20097781458502e-07
0.999999999999971
0.999999890931382
0.88643950665612
0.999999999999998
0.938008656902492
1.64739571869042e-05
1
1.19362227841695e-290
1
1
0.999817515286599
0.999912974759423
1.05933643342675e-13
4.71796383533828e-74
1.11660764183153e-107
1.51249325191255e-14
1
1
2.54007829333835e-30
0.999999999999999
1
1
1
1
1
1.95535286590301e-61
0.999999999999999
1
0.999999999999995
3.9551981472871e-05
0.00837971865941626
1
1
0.999970176721873
0.999705927093376
1
1
1
1
5.56353181388309e-203
2.5798430112102e-18
0.999999999999974
2.70130744027281e-21
1.83287212103718e-27
1.82787590927372e-46
0.999996367196058
0.999999999999999
0.999999971768467
1.86954401358893e-119
7.75700131919114e-33
1
1
0.999999999975383
0.0206228620609175
6.10411474776149e-123
0
1.32975423078146e-29
6.382876969043e-11
0.0206860390478031
3.03518044057706e-103
1
1
1
1
1
1.38229739845677e-100
1
1
1
5.5385369455864e-69
6.77384182553664e-21
1
1
6.54862675437951e-05
0.999285739140703
0.140496122448701
0.000114536854259289
2.51013981772581e-05
1
0.0177926883535536
2.24324327046397e-87
0.97822548434838
1
4.65986110536165e-148
1
1
1.59122337426684e-46
2.40520802561671e-48
8.1914548033581e-105
0.0266326699586022
0.530583770014965
6.13465693150706e-69
6.25261334515373e-18
1
3.25343320023897e-20
1
1
0.00614879921473506
2.44782765181184e-29
8.97014260811414e-33
1
1
0.666589386147248
2.36329972513484e-11
0.843341037430219
5.326081857096e-45
9.73949331053904e-18
4.74128073049515e-15
4.8009495790412e-11
0.000529436499994991
0.000902503007620184
0.0500040735596768
4.47638956239091e-21
0.999987874038649
0.999999999321614
5.50138441706381e-05
0.0058935324576908
0.0130224025958567
0.783200754365005
1.35898492046419e-49
1
1
1.30142375800962e-44
0.000101576149569679
0.999993973083525
1
0
4.75092317113664e-211
1.24203051075833e-66
4.06059931361596e-141
0
0.000318527199774357
0.016630788681547
0.999999999199363
1
1.05240570091321e-11
9.55713097180011e-102
9.10506346324367e-86
0.0100778724788699
3.69851020243174e-13
2.68539620100615e-08
1.22943765037803e-61
1
1
1
4.9450815446389e-05
4.74361038458186e-07
1
0.999973861010019
1
5.6188451049945e-110
1.69662400323759e-09
3.16017472653267e-12
1
1
1
1.52914046548727e-88
1
1
1
0.999948396565148
0.999998790774216
0.460763049301317
3.18277548858904e-86
1
1.97104486694031e-24
0.999999996143087
1
6.14305886963709e-62
3.71780059082679e-247
1.44730773849491e-55
9.96087816554617e-09
6.27818300761811e-27
1.28378502308375e-226
5.50662358235243e-107
0.106282672700794
1
5.13971594263504e-18
1
1
0.930237307683228
1.42301101873319e-45
0.00159215738224334
1.29330106597652e-11
1
4.07227619500551e-11
6.02365559012991e-05
1.57502553486072e-05
4.05972067018501e-07
6.66864694173562e-169
1
0.999999999999939
4.72425459500301e-68
6.60170326659546e-52
0.385987541916977
0.842375163837219
0.293048076270012
0.771803221441612
0.000601648831893564
0.0690982208551256
0.76657876113516
0.999193789812269
1
1
1.02008839350802e-61
1.17199186293123e-16
1
0.030625613886402
8.72096293669075e-39
4.58805193095741e-19
0.999999999999935
1.33857839401151e-21
1.83090639388733e-14
1
0.999999999999941
0.998532368932344
4.4383089656659e-18
1
1.22214052613932e-20
5.43993012264147e-120
0.973303021636648
1.70336599184496e-14
4.61778786069754e-26
2.62278986466621e-07
8.74270243268773e-85
1
1.00324001139796e-84
1
1
0.993191941344469
1
1
0.998871037645661
4.81262723518759e-90
0.999977644651695
1.19873988046136e-37
0.999999999957248
1.91309352077166e-60
1.53396887862838e-304
1
1
1
1.76472894355609e-103
1
6.45143681339215e-155
1
8.12781933437103e-05
1
1.01593582227496e-84
1
1.24349650901597e-07
1.42277190179956e-05
0.0302456524129866
3.49147835897308e-19
1
1
1.02046567411034e-06
2.6636788207189e-25
4.05715761461224e-25
1
1
4.2810826773512e-62
0.93764853030073
1
1
1.98247163951078e-125
1.2387305433515e-131
0.999999999999994
1
1
6.9799131850048e-11
5.69883122398005e-17
1.17197744964332e-41
9.50719642510072e-25
0
1
1
4.03292038841673e-17
0
1
1
1
0.000241720451134844
1
4.59026890612775e-63
1
5.83227876091271e-50
0
1
8.15888650943854e-46
0.0112206028493377
1
0.000451578311244814
1
4.2483132163217e-18
1
1
1
1.36812742155603e-62
6.05838935648446e-131
1.97395182785592e-22
0.999999999999999
6.81045731319489e-07
6.79368639326569e-97
1
9.90198205626569e-250
1
4.27354299666403e-13
0.0255169978924242
1.00421442418664e-28
1.81935809491203e-99
2.27688308535473e-229
1.02781716674193e-19
9.40598816171377e-112
3.94620075702464e-34
4.93680839992128e-23
1
1
1.87463388665967e-37
1.4955758972959e-07
9.21346460675636e-05
3.27072677744039e-13
1
0.0216460386658169
1
1
5.6323177562142e-35
8.89913641604331e-12
1.53207100607587e-57
1
2.48673490710292e-16
1
2.40230686336537e-103
0.0140297277829888
2.68636512780354e-05
3.75249875881707e-07
0.000128253223766406
0.338313566416202
0.00403058347457622
5.28362908372562e-12
0
4.65588524446315e-16
0.999999996036094
5.91638575376732e-16
1
1
1
0.133200135779948
0.963038676107677
1
0.0312326412686112
0.0184125585207095
0.00331883548669186
0.237232020181962
0.0357504210517169
0.000868485352554122
0.000730148947150591
0.000307143584869031
0.271746574821783
0.00379412597819721
0.0536925908003491
0.740122820443231
5.77883973824917e-05
0
1
1
1
0
0.248863773550695
0.0408457977906666
0.243697661866849
0.195704196977701
0.0153838645358809
0.734537647460596
0.0837389055178787
0.0348250502744218
0.269508462942869
0.116991975652126
0.0045776482675815
0.113748876393397
0.0162165082203558
0.000505455024945776
0.00354506875895936
0.0143387615919485
0.0782893078105589
5.41193479606231e-15
0.000452305912624833
0.00554871263953518
0.935615340579093
0.00458022301919484
0.570739091838732
0.334416402212206
1.92448757862726e-09
0.00069130577820072
1.64822104781305e-12
1.14101566708723e-11
0.99999990892351
0.000903529095975545
0.0127491377836703
0.148445359860613
0.243702127538419
7.60360801263995e-76
1.19074383712754e-25
0.999472134239177
0.00213201429153397
0.997036535754051
0.0935385842459833
0.0240573687190141
1
0.449076660300148
0.120997908944864
0.00041220434815322
0.0477471098425251
0.00864567815777302
0.00567113570547776
0.959181742517044
0.810731924680627
3.7697316345657e-05
7.6755520644349e-06
0.999815871753557
0.0172438280201708
0.402776599489637
0.115911459614698
5.58956372415888e-09
0.464410991232717
7.76308572838475e-05
1
3.00559063257226e-18
1
1
0.00414174536094725
0.000947523144802047
0.000462756409248761
0.227388784705877
1
0.426731422177515
1.15797332487879e-06
0.000438684004973583
0.138016150443215
0.951889430279012
0
1
2.44909536578888e-46
7.91571956465872e-63
8.03960241375817e-68
3.67737294874616e-12
2.33550096730993e-14
0.999999999999999
1.00822964735935e-67
0.0156260650036453
1
1
7.97196478858937e-230
1
1
3.75740737628357e-80
0.999964319930018
1
5.11412895938617e-22
0.999999999999998
0.888782667096853
0.0032531733033498
1
7.58129628574313e-14
1.68949203064856e-32
1
1.306039626644e-78
1.01013299501101e-78
4.5123153938437e-306
0
3.86947515807055e-17
0.958153414116861
1.52648705746629e-54
9.95088505787557e-93
0.00559614854694543
0.00527570957217699
1
5.35646514468658e-147
0.0162497479313405
0.0352581454831413
9.3384630475764e-13
0.999363096913439
0.999999999989213
0.999999999999739
0.999976232141159
7.31448989385429e-07
2.46537373315685e-26
8.09415753186627e-11
2.13912034258998e-19
0.00819746448567966
4.00706397388637e-59
0.0384385660570959
0.959694400760871
0.0142462778702425
1
0.99999928181674
0.999999999999998
3.99208158532725e-64
0
1.98687614512301e-274
1.83036356649606e-52
1
6.22699194113615e-18
5.59090823699503e-06
1.23638014369772e-06
0.98954011385094
0.999866848685771
3.76149945280236e-38
1.22157984106214e-07
5.9480744786549e-24
0.637338460332893
0.000317227468627996
4.60773384739735e-62
1.04562187778748e-160
2.84906877124788e-80
4.66381725959834e-144
5.61740590861785e-146
1.2903559285212e-106
1
2.56154232310656e-25
0.00738017808119204
0.00277679256348772
0.738439570720811
0.00225866865897032
7.5858524141624e-59
1.69544095116771e-27
0.00262460190941192
0.999999999998886
0.476989005170241
0.0833563119408733
0.0128987516125942
0.999999999551039
0.534276067072291
0.105778497895974
0.072380441885221
0.174526721641151
0.0468756836539911
6.87304362129848e-46
0.00020719393035127
0.0641652826964979
0.624783437648187
0.00325203335385005
1
3.12243369393726e-15
6.02673058151894e-48
1.09923972548771e-51
1
0.138763771243853
0.00233883106691597
3.7516337144389e-06
0.246515908708385
0.112577342293501
2.24238909165141e-52
2.16402259621843e-55
0.000706639115708596
0.999999999992731
0.0167159653520867
0.00256075308497718
0.395436723551983
0.00110239590464811
0.476699006463769
0.065685810438953
3.11878720017311e-181
4.93638911070667e-05
8.03330075580493e-11
9.9142460177681e-06
9.06342768552625e-268
3.92827759238967e-14
1
4.70075074154835e-11
1
4.34829173718815e-16
0
0
1
0.000114974069845526
8.73489791053423e-47
1
1
0.0389982934211808
2.4101474347417e-49
1.33304158680198e-221
1
1
1
0.999999999999781
1
3.55638863390976e-28
1.59508300111854e-17
0.00345449605894675
2.7300187621791e-34
2.16786763162147e-10
4.49920669185741e-42
0.0245012968431813
4.55500506825962e-61
1
3.48029605207887e-76
1
8.32907950505129e-66
0.999988331817042
4.15373075994679e-10
1.35078250880724e-08
5.80786593077146e-05
2.18309282575755e-14
1
0.999999388385892
0.999999872281969
6.0572551174644e-240
1
1
1
0.998772156140144
2.68225092325548e-15
8.43423807975708e-49
9.07034694248099e-15
1
1
1.63761993111458e-40
6.33347906797895e-13
6.45355788611927e-10
2.99349316780652e-07
3.02492667003357e-07
1.51991444744284e-08
1
1
2.20450561852617e-236
1
9.24244532253473e-05
1
2.20815055481676e-66
1
1
1
1.12059721288486e-86
0.972296389774605
1.56012163230755e-09
7.90651056527582e-144
5.15376543318509e-60
1
0.997550729746676
2.6260354701454e-53
6.48504572808959e-41
6.53625890646558e-37
5.46021978796005e-09
0.999999999999823
0.944606319640212
2.65914131381899e-21
1
1
1.30672193255668e-25
1
1
2.74626134581562e-64
7.52390381829849e-07
0.999999999991476
1
5.76117109549501e-38
1.05422983708399e-09
3.18426344928075e-75
2.67270158306378e-41
1
0.999999873041669
0.999983850570311
0.999999999999994
2.66032191270154e-22
1
5.17284789629689e-56
1
0.128055297677379
0.255961147637242
0.999999991977257
1
1
1.44164705260865e-109
0.0506453439462849
1
0.448716857055531
0.116356639328357
0.00165499027542662
0.971227364969727
8.88784387812776e-06
0.907496112472717
0.645082021140938
1
0.114238462995948
0.0737574640502105
0.748795181757511
5.01092614703007e-62
0.00823700631450384
0.0910452961586292
0.566175855320059
0.265736184059916
0.319759160028159
5.25410463452129e-05
7.37402673642764e-55
0.0372306075174521
0.0140598630973624
0.0249476565789097
0.0233275269389439
0.0347797730779511
0.0107885175287074
0.00902664441458794
0.000910830989808076
0.288518901393369
0.822820319695567
0.540015282789243
0.923093612941895
0.305375401338072
0.44265112102801
3.69067654389239e-81
1
5.0248175575256e-208
0.000509088425226901
0.0515222718824068
0.999994199487991
2.07489642892819e-10
1
1
6.05847507100271e-19
5.90682613013539e-14
1.40150826648163e-19
0.944836189300672
9.0615120448378e-49
1
1
6.93182013158762e-130
0.999999854893591
1
1
0.999999521169863
9.2287935469044e-22
0.000543482889365858
1
0
1
1.30534941632067e-16
2.32635090821157e-74
1
0
8.27124087632822e-56
1
2.81743279874846e-39
1
1
1
2.17633527446253e-98
2.9714912761252e-37
1
1
4.37260782654342e-56
0.0996511515884434
0.0643600636247717
1.59154874818684e-16
4.81092676945962e-17
0.999999999999825
1
0.989318916231145
2.52689679264834e-42
1
0.22240290062542
0.999819320998186
0.00139752123880049
0.0736401766636553
0.000331323201588196
1
0.523187940136922
0.0236791212604698
3.35462825828387e-06
0.000717362364261231
0.999999205138984
1
0.0329726241393047
0.0272433897933195
0.690929584021005
0.364832872415412
2.25150622925118e-07
1
0.103767186239515
0.976051980265363
0.0672460341611446
5.35778744187035e-12
0.999999995934786
0.000780497644714496
0.000343543112988599
2.06417304436921e-05
2.31986902931932e-09
3.03622527177388e-11
3.96640457465819e-24
0.00232664033578536
0.999999999999669
0.0906672548631504
0.133504581382456
0.00261824509186066
0.0278947853666292
0.542345735456845
0.0245848980791035
0.999784326052271
0.953370163345633
5.65741728116238e-13
0.000304177072116876
0.0350157520822956
0.00134080946700975
0.0233014987118202
4.58745369099124e-06
6.33836890297266e-05
0.0443546420114894
2.75726866514816e-32
0.000121950430182378
2.73839992807594e-142
2.10943338735945e-88
1
1
2.15264670429318e-78
0.617559406422454
1.34819726239299e-26
5.10679767243454e-35
1
0.789672470845863
0.00405906181559395
0.000241042507048785
0.00085210233971142
0.981149237985689
0.173863757530719
0.00731896586334682
6.78052537778293e-05
1.31160919887818e-11
0.424023971755692
1
1
3.20527197787026e-35
0.818631744017418
0.99995977114629
0.641597901585077
2.50923887617648e-21
0.999999997684454
1
0.999999999999967
7.0158909324622e-13
0.0635011369537034
0.580564535791373
4.1954047405074e-08
5.149201057146e-18
0.999999999678269
0.0187277055678102
0.0687434501091886
1.98746566278339e-06
0.966060686744166
9.43280596737182e-06
3.37663314181896e-06
2.5807305840233e-46
1.69474687280757e-49
0.792801068866612
0.00442477230938914
0.000409236706435677
3.28764619027772e-298
1.24862727094919e-48
7.00916620788071e-10
0.101703132272779
2.80854780707092e-06
2.0435178537318e-139
0.999999998884508
0.00120198038424679
0.567968766253859
1
1
1
7.87723712486386e-46
0.983242987201205
0.717442340599226
2.52998227551793e-06
1
0.00404179084667131
0.000666976021853949
0.00176120292111292
4.1069771961918e-06
0.205171215861923
5.32791283101185e-12
1.87226102052001e-06
0.999970843188688
0.0046401441762013
1.01722882980646e-06
1.49276945441454e-08
3.62006050003149e-16
1.29482903541528e-14
2.13798701022833e-06
5.33424727052126e-06
1.8444127735321e-11
0.0178389250373456
1.64386366454187e-07
0.0338171939399151
3.11875953125776e-33
1.13234975589975e-14
0.999476658110311
0.745239986183763
0.999984737033494
1
5.35098709206104e-29
1.02212285343638e-11
0.999999859942603
1
1
9.18103361044465e-189
1
1
1
0.999999999999999
1.15737248583975e-20
0.999999703139588
1.61316396800579e-81
0.999294210091284
0.00160202554652539
7.86559162545896e-66
1
1.94018121410474e-247
1
1
1
1
1
1
3.10111953958709e-13
2.11173385296845e-25
0.99999999999574
2.58213115245848e-28
1
3.18294727784929e-30
0.928643578960392
1.69994361022395e-05
3.02323438611366e-54
0.981492213720924
2.05614822087816e-96
0.00343954644448572
1
1
1
0.875981252179547
5.20921502697981e-78
1
2.39212083152326e-23
1
0.736527558050616
3.6235390990905e-21
1
3.50315103841873e-53
0.999999999682495
0.989121409741735
5.92423853431771e-09
0.453998767029854
2.99378743140531e-56
5.02173370648404e-12
1
1
0.999999977449762
3.90967145734234e-08
5.16493136315255e-07
2.60345453022114e-12
0.000323347854058095
5.94484756559439e-158
1.8218732710382e-08
8.03657014953141e-151
1.07559446613094e-38
0.999999999999975
5.88238661225754e-131
2.06759428274859e-09
0.0169330608060735
0.0543635055395087
1
1
1
1
0.00055844994331099
1
1
1
8.99780314395822e-07
4.04985500384131e-16
0.999913992625162
0.00287812852799627
3.87208886077841e-208
2.63974381401247e-10
3.07527517882713e-15
1
5.61537522025661e-38
3.58788938931755e-10
3.09503446156601e-10
7.35141595693449e-10
2.61063632592855e-09
1.0183599663458e-09
8.95682356284284e-08
1.8889013778547e-06
1
2.14421348288503e-26
2.19751562709864e-136
1.42344470450398e-85
1.59339545279974e-06
0.999999999855224
1
2.74117048981449e-08
7.89288874181198e-63
1
6.89172528343909e-05
3.42385598141314e-19
4.30131413880027e-32
4.93555766528238e-15
5.63309057677523e-17
4.50947460326031e-19
5.44452551305803e-61
0.999922479574404
1
1.7316966181885e-102
1.05170886275607e-115
1.8140185050366e-25
1
0.999999999999977
1
1.01056793572756e-31
1.17426454917172e-82
1.71084813407802e-15
1.77381352301492e-28
0.0561010159167378
2.77224939454708e-07
1
1.73240175020021e-35
1
8.22844089903879e-62
1
2.87709732468476e-66
6.55769665061056e-08
1
1
2.90094406666132e-32
1.20493760893256e-35
0.999999999995346
1
0.0138292955837779
0.00118505794483605
0.627930891442218
0.419652879283727
0.00173428827634991
0.955520230714557
0.00132096805370923
5.07136387571704e-119
1
0.000173631128540521
1.34842910629921e-12
2.6754425593509e-17
0.00490320033316612
0.999993240952145
1.13492430384467e-09
4.04770128810937e-15
1
1
0.813853266121828
4.08874263471216e-18
1
0.951537569243116
0.171149315841334
0.999999999727068
0.998222199956123
0.997737736841702
0.0492426656375473
0.998242973661108
1.99925862017771e-08
1
1
1
1
0.99995223045296
4.99714300310068e-48
1
2.53758543392521e-117
0
0.878911108362344
0.73506670085922
5.51486838238806e-21
0.0028121532409547
2.62912201681965e-08
0.000391164115259367
1.5131917244952e-05
1.30353376043706e-18
0.77815908375778
1
2.36702872547101e-44
4.93316890086255e-20
1.7368581078347e-14
1
0.992733037647476
1
0.9935027018148
0.000480270784939776
0.999991961988657
2.54110809636802e-05
3.29236402619053e-158
1.03238106614597e-61
1
1
6.38629497595075e-05
0.0284579368660087
0.000925772667123419
1.72357600923832e-07
3.54148953480467e-35
3.57258619241729e-229
3.19609145634032e-80
3.39788026166103e-77
7.8251216161584e-64
4.88783351520685e-14
5.18482958447175e-303
1
1.49068095730186e-08
4.83446880151461e-07
1
1
2.03513225969649e-37
0.989294369815448
1
1
0.0920601876303133
0.720802384360301
0.406758776634618
0.112104774042838
0.0302580122270398
0.0254758198970541
0.256974259622833
0.0651318406496405
0.0258441405023198
0.0260222447469881
0.0115697518407482
0.00422967507106728
0.00552762938197826
0.0337264349833658
0.0376702917840633
0.000334669865005457
0.0222513964374511
0.0314884835282193
0.268247615114002
0.380968019243491
0.00221799491067445
0.26664813785417
0.00055201145840519
2.65294567617447e-18
0.494869679335854
1
0.00182900879721366
0.00104099062255934
0.000495145332394768
0.00459965468764658
0.224936874837779
1
1
0.0278933783858411
1
0.199741097368333
7.19442991666551e-05
0.000356727736278148
0.999999999999972
2.54801499090042e-15
0.264748834884253
0.0890799533678007
0.184664467417271
0.678666316656839
0.0238883730655826
0.130931241593703
0.00345682821039694
0.00114899726367274
0.0226105549739343
0.0280939463171376
0.0709238213630676
0.0360586900682101
0.0719340168996144
0.456169856996607
0.00309643883260346
1.0273264390693e-05
0.999976781241293
0.000178084168361698
0.0608461273575787
6.92662811896066e-10
1
1
1
1
0.70040201244219
0.999999999999874
0.9963919658355
8.52236437305918e-07
2.07851376561707e-08
7.483644097268e-11
0.0843593745360146
1
1
1
1
5.09897473559912e-43
6.16401800121486e-55
4.26387177357788e-49
9.89985587091706e-91
4.40874886342278e-94
5.25882704457542e-56
0.999999912141162
0.999999999689417
5.93013336560574e-08
1.33374426789003e-10
1.07055273692827e-21
7.64694398720735e-25
0.999999945252409
1.61875322635477e-43
0.999999696924068
0.758046567529113
8.84591107917301e-07
1
3.61309053410169e-39
1.62878386238808e-16
1.62649384057413e-199
4.72599709566222e-65
0.000195624714061079
2.46881094894388e-62
1
3.59162026052681e-59
3.02567448756492e-221
1.95954865572756e-09
0.993705859406514
7.10944142521563e-19
4.56201681123442e-20
8.42961585754028e-89
7.16218540997917e-15
6.95445424169356e-159
1
3.36762856159839e-189
1
1.2072091428916e-42
4.92065493910179e-85
9.45423541235432e-57
9.45423541235432e-57
3.77270314167768e-155
0
1
1
1
1
1.14390291729243e-29
6.6473610443912e-28
3.74015552106641e-12
0.999999999999493
1.04061360432322e-06
0.999999999997975
0.999999999999908
0.999999999999994
1
1
1.47901803673241e-85
7.9063979164875e-48
8.2090665500428e-11
0.997513034479934
6.12106104841605e-30
5.88475994881692e-38
1.16835671650893e-120
5.18911726135205e-34
2.144298865196e-118
0.999999999999979
1
1
5.04408599192643e-11
2.25023566551305e-80
5.18994114056199e-108
1
1
1
1
3.54246373622068e-32
