9.2307061371943e-118
4.93605717044694e-14
1
1
1.38255257883104e-07
5.11746808579061e-39
6.52512811181646e-36
5.48496854694309e-06
1
1
6.42414313945911e-64
1
1.7461634731233e-91
1
1
5.55802971722798e-148
1
1
1
0.00318349496247823
1
9.95155225910077e-73
1
2.10236620668854e-97
9.13481670011999e-37
0.994531535651881
1.13924985368143e-23
3.620538766397e-30
6.55348545526328e-13
1.89125520133978e-05
2.0652297968494e-40
0.00346502512134477
0.00247992050246639
0.000260788662852032
0.155581006878978
1
4.086861937094e-05
0.000218261853264138
0.135610718691744
0.999999999908347
6.42072906131994e-08
0.00527420355694851
0.0036804978565768
0.000931008110307749
1.51471441059298e-06
5.18227436766813e-07
2.10111212272844e-80
9.66760858601958e-106
1.52815089928618e-181
1
7.73836980805582e-72
0.999999982299202
0.99999848633721
1.6785381313718e-09
1
0.0164651027304032
1.98761812465332e-22
5.86082940654777e-123
1
1
1
0.999999969675609
0.999999999991918
6.74575215187081e-12
8.3581008494582e-23
7.28030476838579e-70
1.77087946418215e-65
1
1.37776732907705e-14
1.8274899300949e-123
1
1
3.83488742093765e-53
9.57635151925229e-08
8.36525894801858e-10
0.00485180989354504
0.421712263662438
1
0.999998360760921
8.6473806652779e-22
1
0.999999999998548
1.9050333755222e-62
2.1010804450346e-122
1.29016255987478e-06
2.04680848451613e-114
1
5.28639690585674e-56
1
2.61664514700594e-17
1
3.27614648968606e-68
1
1
9.93822841656121e-80
4.97758387438802e-34
1
1
8.6776452227606e-20
1
1
1
5.82117137528529e-17
1.46590403606346e-97
3.04461573752458e-95
1
7.72400222584143e-09
0.999858746098737
0.000110924028927232
1.06604094923255e-112
0.999999999999995
5.61970715442285e-31
1
1.66871775026238e-08
9.14524465711093e-55
1.68116912926943e-29
1
0.999966194516569
2.59830065704107e-42
2.09862394574757e-19
3.13344950804e-21
3.83834164821072e-68
2.65158451212885e-28
4.36674676883734e-248
0.999999928347555
6.26542726892767e-47
1
0.886028838341364
0.013647514830126
0.999827285958734
0.994859304936482
4.27192952875733e-09
5.38284367670522e-52
5.96074335066141e-46
8.76801898275838e-10
0.000103570291653646
3.98061343597513e-06
0.3604748825444
5.15536096958022e-07
0.000147675613605292
0.608148353421793
9.26250466289566e-45
1.25078708668411e-47
0.065599287987879
0.000555997686630092
5.38910768237737e-05
6.36239034950523e-34
1
0.999857135205355
0.999660768232164
8.94844216333148e-35
2.09803010785564e-164
1
1
6.92525853565385e-27
1.90464566604794e-60
0.00296711098132377
3.27261708953706e-41
5.86139475119687e-20
1.30580727082697e-49
1
5.28758607564476e-37
0.172442166477758
1
5.02645371858971e-124
4.71970977513321e-56
1
1
9.70129961263935e-10
0.515190220154688
0.0564742137082809
0.0564742137082809
0.000151007003918436
2.16363167235475e-58
3.69465069037845e-47
0.0251624816013259
4.74578828290565e-09
0.115167760362617
1
6.7043634739936e-101
1.98756209233919e-93
1
1
1
1.29712907990759e-05
0.000784903763011025
1
2.64319803131378e-62
1.11653801871129e-47
1.22451079358846e-262
5.28795504065378e-63
0.999999999933328
0.0812091274847694
0.96424381863322
0.0112131228615533
2.02337716960732e-09
0.999991385655769
0.880254254841116
0.999999999999373
0.00107501669255338
0.0186501140119893
6.47225468285667e-08
0.158117920436503
0.00756207324620642
0.137209896246964
0.0273584073268435
0.0186453500168783
0.316963686596503
0.000232369676491707
0.192879267194659
1
0.862680732462616
0.0282631888767119
0.0241628834780543
0.0417366354521881
5.54554126188885e-05
3.00924893805849e-05
1
2.318653598444e-20
4.50433522988769e-06
4.17189013749095e-05
0.10194836602969
0.197252883667418
0.207300520144516
0.0053979694134566
0.155664833961662
0.107633889040539
0.0199962411930964
3.33430558456537e-07
0.0229638421508178
0.0093426758773072
6.23627881663245e-68
1.16097036534766e-77
0.317993805090756
0.745485043346899
0.000380558377448992
0.9999997227042
0.94494700045094
4.17442303426512e-17
2.95288655707672e-18
7.39198611798406e-28
1.23335094121778e-23
0.0170793931783678
1.19577118503475e-33
2.29896590281057e-75
6.48296937705654e-07
2.90486265708224e-36
2.89887978501585e-13
1.05151943620235e-12
0.999886054773269
7.52852844462542e-31
0.251229381524414
1
1
3.37885053866443e-36
0.840650304933644
0.999657397329028
1
3.96516692434119e-22
6.32013396006368e-18
8.56445018563519e-114
0.999999995104042
1
1.8914901995666e-31
7.93864695644579e-36
1
1
1
1.59284151508042e-70
1
1.28817588409962e-154
4.39154405908272e-135
8.16885039839034e-34
1
1
5.33181492152113e-70
3.90346848951361e-05
1
0.000353510910276638
1.46311035148744e-06
1
2.82569059596977e-09
0.115441848129292
0.99996618954984
1.02011456240211e-23
0.715248141226379
0.0515173308030218
7.01353477798254e-32
7.6928777305117e-07
2.13645817377346e-32
0.000305353956805246
0.0188279538968528
0
2.09351553157587e-07
6.537523750381e-16
1
0.999999999996368
0.999999999197893
1
1.43713630098243e-20
1.26534813585739e-05
0.0179914586628231
1
1
1
1.22346912578058e-167
1.20409052950144e-177
0.0193292476389674
0.295916228817846
0.99999999999983
1
1
1
1.04293425435713e-12
0.999999999999918
1.99556147725269e-18
1.34625462774985e-09
1.22462524863146e-10
1
1
6.44145297723998e-43
2.6015497731879e-114
3.4286272312769e-05
1
1
1
1
7.78107184330142e-45
1
1.32633711502692e-70
1
5.50167230816201e-32
1.05641878446654e-16
1
0.073432432421151
0.121311943921613
5.53797211602873e-97
3.17516602603176e-61
1
1
0.120690217144516
0.155614339694445
0.0291193940180035
3.76021740983406e-46
1
0.984083851878557
3.30048859804922e-11
2.0337680772032e-91
5.11025536634958e-48
1.13791058113585e-113
3.10013236348969e-107
0.0235018454342134
1.61056886629923e-133
1.29478212214227e-31
0.999976774561715
1
2.06535120741004e-40
1.61089834759761e-72
1.59497546469774e-90
1
0.314178080247096
1
1
1
1
3.9423981453742e-20
1
1.87509579840559e-98
2.08264878911559e-91
1
1.15534507874591e-33
1.21520215090276e-121
1.27819227684355e-94
1
0.0568151326756723
4.23509660084951e-100
1
1
0.0599071372846628
0.0916310593917555
9.51094242066312e-50
4.26672701601486e-33
1
0.0779847066906742
1
1
1
1
0.1662793310684
0.207106940422819
0.999441965338693
0.758883034380216
2.77851504931772e-21
7.36165649076343e-05
1.93450896174425e-23
1.92959235393253e-16
0.016649723500815
6.40089101995295e-11
0
1
1.08023868195135e-11
1
5.55513943531109e-99
3.76783944299293e-19
3.76783944299293e-19
0
1.78385357442861e-209
0.0678204397192152
0.416957576309738
0.228483001573708
1
1
8.94304509433009e-06
0.205298722805627
0.042064947314009
1
1.12728891447944e-129
0.0216096007308839
0.99999999999476
0.999999996120295
1.01767797433587e-44
1
1.40145896410007e-39
0.999999998002318
0.999999782077145
1
2.08930347596778e-78
2.76188847551276e-168
0.647839858573588
0.000687933894024637
3.73754390906589e-05
0.000584951213507069
4.1595704965877e-06
1.82912392094668e-10
0.99999993129954
1.61691183088466e-20
1.63785022932163e-62
1
0.243711704073162
0.999999999999999
1.9668891348689e-36
5.74281564218027e-33
1
6.02605221976842e-93
4.54624871247812e-68
1
1
7.12680035975938e-09
8.80043671117224e-13
9.43818214417416e-10
1
2.94445070797331e-100
3.52897471527993e-189
1
0.000920232414809264
1
3.19281845517372e-08
1.17661959915557e-181
2.51354748512564e-68
1
9.91897633403045e-56
8.76498554442987e-266
1
1
1
1
7.47870910398566e-11
1
9.39114630746051e-107
1
1.28873898731138e-66
1
1
1.87809289169914e-122
2.62061348661965e-92
1
0.999728467264747
1.69454021820164e-18
2.24168878857159e-22
1
4.57984920304001e-63
2.54779384124159e-175
4.63412092870034e-241
4.72096825494074e-08
0.967893386158339
1
6.00717239863462e-79
1
2.2062839784681e-20
0.997994914490007
2.39337295929625e-69
1.64082084489386e-23
8.58200219034283e-207
6.49926405172813e-160
1
0.013917400679966
1
1
1
0.999906156044377
3.68531431199987e-26
4.82958623797797e-15
0.000907443911934153
4.03562249478351e-10
1.58581078056462e-62
0.0407005754100955
3.95407675360882e-06
0.857472471826793
0.00304492625973367
4.3736600970239e-19
3.68966613747076e-31
0.0389827170335156
0.00163760932725863
1
1.74480029015196e-16
0.613460660444263
1
1
0.00138407948074873
0.999999085964604
0.0199994019119743
8.44830025735313e-51
3.4888166203284e-19
1
2.61235832721189e-47
0.999255395164116
0.492383141603944
9.98299286197976e-51
1.54966283874627e-15
1
2.64038175533287e-155
1
0.33463665007599
6.74547597953933e-50
0.999999999882684
3.00475686730043e-16
2.08462816849982e-32
0.0205299900079799
1
0.999999999991468
0.999941236553077
0.0585489174184194
5.09326487931494e-22
0.999967816789015
0.99999998692655
0.0738512010489971
0.184195140271678
0.999988540564567
1
1.04266050980673e-49
1
1.42508855863182e-48
1
9.92816567363631e-44
6.65684467684223e-121
1
5.20060902334614e-141
5.20060902334614e-141
3.89504677971392e-66
3.89504677971392e-66
4.44907191723528e-92
4.44907191723528e-92
5.34783454597933e-258
0.999975671436129
2.57419964990539e-99
1.16612314221767e-53
3.82984799105005e-156
1
1
1
1.77186319697595e-21
1
1.59416370374817e-70
2.48938901901324e-12
1
1
1
2.43483101476182e-36
1
7.10668226180082e-30
1
1
1
1.85670506166155e-40
1
1.82132297927695e-07
1.80311201013883e-05
6.66516452866987e-160
1
8.13296805606925e-20
1
1.1807478102773e-13
0.999602961695241
2.33108883303873e-149
3.6757044754731e-242
2.19371112355135e-249
1
1
1
4.0874692723268e-181
9.39619403781516e-48
1.27577238304303e-57
1
1
1
3.61714398108344e-263
1
1
1.07124427151169e-52
1.14047384873579e-10
0.999999999602608
0.0437194821177804
2.5529982324149e-07
1
1
3.58177465250998e-257
3.58177465250998e-257
4.07491331078717e-12
1
1
1.67271252793723e-70
1
1
1.26915092027104e-26
4.38603058503641e-39
3.78437234397557e-38
0.0116088704824502
0.0198920678543894
9.97195471217542e-06
0.0053058121823355
7.10917937828157e-50
1
1
3.40775529179794e-141
5.63610840066254e-47
5.44634471038798e-41
1
0.999999999998308
7.25730865974796e-17
1
3.19455944848133e-14
1.20601958618915e-47
1
0.999999639730222
0.999999639730222
0.999663744553784
0.999839303631495
1.12955156174921e-49
1
1
1
1
3.50739818509236e-85
1
1
1.82741611278662e-63
1
1
1
1
0.481223247169663
0.999999999999979
1
0.0596128830909607
0.997137068615378
2.08505745286452e-36
1
0.959595560564481
0.999999841487726
0.999980979562201
1.38039329406162e-170
1
0.999999997454835
3.87719250048919e-85
1
8.93151370503518e-114
3.97100769360422e-21
1
3.07736110187927e-171
0.999993923801659
1
1
1.31887402597345e-45
1.69305150525305e-10
7.17651018358026e-38
1
1
8.18411008548861e-33
1.93949641542286e-76
1
1.64733113320245e-12
6.90017926993348e-44
1
1.90320887826911e-13
0.997964694342015
0
0.124121448154568
1.46817794589533e-21
0
1
1
1
1
2.10359544699464e-160
3.75024550733852e-31
1
1
1
0.0862541916606324
5.97522619441764e-60
0.999999999994698
1
1.31002317696552e-09
1.33059213950291e-05
2.37406679378064e-20
5.04793042257402e-15
1
1
1
0.999999581380686
3.52513009691623e-46
0.982606457985969
0.993565204641748
0.590373362057874
2.95764276370417e-08
0.999998192741896
1
1
3.7660908421859e-81
6.42927358848509e-14
3.58871672999227e-55
1
0.999999501191153
1
1
1
1
1
1
6.76910166756759e-60
0.999999999992455
2.17224857681665e-82
1
1
0.0534026273554625
0.0352170992794511
0.146440022623929
1
1
1.53366580551806e-85
5.07448934948427e-17
0.99999943964609
0.99999999995142
0.984851116231187
0.995942089845925
0.998926609487401
0.154345436800442
0.0516170648433725
0.0211357411342034
0.999999554425069
9.69539774182006e-19
1.42429601370115e-16
0.0133640924606984
1
1
1.26034215043124e-61
1.36777631936182e-117
1
0.00857803908687324
0.00371578774030181
0.200669789011881
1
1
1
1
3.45418330151545e-249
1
1
3.71151144464095e-09
1
4.76751854818678e-112
0.00179793421622644
0.187230839023955
1.60554356635547e-29
1
1
4.31268925179661e-36
0.000657890709816295
1
0.132007236653629
0.965146009515056
2.186287664289e-15
2.11456584423247e-17
3.5924944692153e-68
0.999999999999982
1.43563221780711e-07
4.23164387826208e-27
1
2.63390285116467e-26
0.999999999999999
1
1.47181796066571e-52
0.000452397590883241
1
1
1
1
1
1
0.0223189178462258
0.0259748459498284
1
0.0120780876744088
0.00189624379863265
1.77028963892136e-26
0.00178355026199354
0.253860111664819
0.999999999108871
1
0.993807505439854
9.80703428508942e-16
1
1
1
0.999999999999655
1
2.79819659041632e-31
2.17744056447976e-158
1
1
1
3.53118780412726e-46
0.0351537369345473
0.000185802588861093
0.0377240443525474
0.568648926360054
1
0
0.00120775231140016
4.78264645105823e-31
1
1
1.18579975212547e-05
6.56361634769876e-97
1.97996284094006e-64
1
2.18972659603414e-57
4.9182574856926e-37
1.55545290267302e-28
0.999999997467874
3.3427050094631e-28
0.99999999999999
4.46374454298435e-43
1
3.36812152502577e-06
0.999999999985812
1.3208393919414e-13
0.0578495275780256
0.0578495275780256
0.109506482706351
1
0.999999999723028
1.46944504373951e-11
1
1
1.26838472521619e-11
1.38798227304066e-07
3.70585045183458e-27
1
0.0432488389327301
0.0169459743300075
0.999999988360249
0.000256941980462796
2.84248910860455e-12
7.66006635355313e-08
0.900686984048535
1
1
9.37320915938889e-56
1.38165006497498e-15
1
1
1
9.3313347690922e-14
1
0.99999999999969
1
5.46155532178173e-15
1
1
0.999980882937744
0.60771749844114
1
7.69925319727853e-62
4.69123319115702e-33
6.94089284415574e-105
1
7.14363707741887e-67
4.75688943036909e-45
6.15110907133399e-12
0.999999999991527
1
7.88084038648282e-10
1
1
1
8.81081694558136e-08
6.91389988773245e-52
4.52935942929839e-49
6.71270001228983e-62
6.71270001228983e-62
1
0.999999999999764
1.61887270707293e-135
0.65390132258127
1.29176461816018e-15
1
1
7.62587347376291e-10
0.999999974861066
0.999999949953058
5.11514585420993e-13
0.999999996740862
0.999985559294839
0.999935630631686
0.0289454267373584
4.83597360426266e-10
1.60076342207658e-51
1
1
0.000227909334425611
0.999999999999766
0.999999999852783
1.96717262358715e-80
0.999976392522327
1
1
1.06452198262725e-05
1
1
0.999999999999994
1
1
1
2.92533290320532e-69
0.999999998904547
0.999999997883454
0.999999985986473
3.18926720828039e-30
0.999999999999999
0.000667634793103465
1
1
4.4022214933587e-10
0.472370438349679
9.5023586813447e-10
1.43459123564951e-28
4.17472512952094e-11
1
1
0.000378839793352404
0.000155574551502656
0.000631712621887446
0.856385394049212
0.999146054807906
0.984079593288493
1
0.970570263769266
0.949761392160409
0.012374517655995
0.999999999999402
2.76607084470084e-28
2.16711399181817e-46
0.19459000695855
1.58903696808099e-15
0.999999999997399
0.992728700818603
2.52943082468303e-06
7.43625382939772e-16
1
1
1
1
1
1
1
1
1
1
1
1
2.08281217823335e-35
1.44257146905309e-89
0.0822032349679614
0.00766122613084386
9.24634220906978e-23
1
2.35280807356526e-99
0.999999999999999
1.81828649293994e-69
8.41793573070509e-35
7.44045740623816e-27
2.16135678211019e-12
5.95568090562588e-13
1.89613945413598e-18
1
0.107835099190782
0.107835099190782
7.18799985887607e-07
2.31884605429829e-21
0.0552548935080721
1.54418511460107e-20
1
1
0.999999991835308
0.999999999761365
0.999999879083958
0.999999999999723
2.49093806107746e-185
1
1
1
1
7.47571121379028e-64
3.82053263846159e-41
1.33732107615158e-21
1
0.999999999999788
3.89219399178876e-11
1
1.29559761238806e-11
1
0.99999999975206
0.999999999999999
4.3212187698106e-63
1
1
1
0.99999999919985
0.999999999999275
1
3.84805889400462e-06
2.37699431863568e-37
0.999999999988504
3.88938704137698e-06
1.71607255502292e-106
2.95721712336584e-22
8.79936096355739e-41
6.62656890164691e-50
5.24081775129276e-48
4.18064502741582e-55
1.92371659979865e-132
4.57026435040198e-214
0.0335215886297689
0.996877309655304
3.19135554745438e-117
0.999999999999718
1
1
0.967943182600167
1
5.39234264057484e-29
1
1
1
4.12622084587537e-28
1
5.24789239505948e-61
5.51372068259729e-05
0.995972048961358
0.996702848158798
1
4.12350093299386e-14
4.05118451652809e-95
1
6.42566851893954e-11
3.29918427569351e-38
0.999999999999877
1
1.43854213312532e-141
6.61936455313543e-48
0.999999999999588
0.999999999823044
0.999999999999296
1
1
1.06628714193362e-83
1
1.04757439702594e-61
1
1
7.08380637426529e-25
1.62928887680458e-24
1.19361357230269e-16
1
1
1
1
1
1
1
1.12378530696264e-17
1.47307630061688e-07
1.07169110646599e-155
1.07169110646599e-155
2.23886630490866e-28
0.853519207434221
2.56322896145798e-14
1
6.79145900267258e-19
1
1.03390058841362e-212
1.58514647884726e-09
1
6.60697532836531e-09
1.88686010102681e-162
1
1
6.32374048594013e-17
1
1
1
0.999999999999784
1
1
0.251112996665902
6.29188130581546e-09
2.03534424460496e-09
1
0.0774362383010818
0.0568151326756723
0.0712912832779841
1
3.01450277282602e-34
1
1
1
0.999673046173494
1
0.999999891815878
1
1.38378472677896e-110
1.54467822756927e-86
1.44005625794581e-08
2.69017821702892e-05
6.70308995921531e-62
1.03177263460018e-83
1.41226322407081e-271
6.45055375423629e-08
3.24599780153555e-106
2.27266738088471e-30
5.52232677493394e-60
1
1
0.999999264288558
1.52714778780716e-93
0.000512371372951829
1.00483167686002e-06
2.89621827895736e-14
0.999999951396446
0.999803094577502
1
1
6.10639314744022e-15
0.999999940316963
1
1.34795052551509e-12
0.0416859298970734
0.237667967706904
0.000304389341419274
0.0547982902696843
0.172577879876377
2.37279054057506e-10
0.1404990671535
0.00482984731867522
0
0.0269404326912726
1.00707799319874e-135
1.4883370696139e-222
0.999994356361694
0.999999999992292
1
0.999999999999987
1
5.59910971614519e-17
0.85402549999514
0.0760349135170589
2.41405980548638e-108
0.999999994314783
1
2.43103146245393e-06
1.11828416254068e-17
2.24162765793219e-282
1.10947713968557e-10
7.2907526639701e-19
1
1
2.37572477408316e-25
0.99999999999484
8.47796121785904e-64
0.999999687827944
0.0762226574634894
1
0.999999397383029
1
1.94697797742541e-44
1
4.67051120332268e-06
1
1
4.85968862436496e-24
0.000399786120570749
5.1124668449502e-06
0.00916763222865975
2.13901857494444e-38
5.9883585430062e-67
1
1.15474715851119e-85
0.000410822014902328
4.24988158795802e-05
1
2.4800779913765e-43
1
1.54637218592675e-50
1
2.46994031601237e-47
2.8490541919513e-162
1
1
5.94914577123714e-49
3.5264569963696e-54
1
0.999999556736581
6.33202022012011e-27
1.93674601412717e-15
1.18581839617686e-23
0.99809090851515
1
0.300459492318132
1
1.29941715922554e-27
1.68290205592937e-121
1
1.96226541570138e-10
1.01079986636976e-16
1.74224035302185e-39
6.04738361768916e-42
1
0.999999999999998
9.99186635909993e-26
1.23054038748344e-222
1
1
1
1.12341245931231e-192
4.47242123806981e-13
0.503185891483358
5.17878691954569e-06
0.999999991239563
1.80119469400064e-23
4.82495650091054e-19
1
1
0.968761200820104
4.34597950456553e-31
1
1
1
0.00175441459182773
9.1179405894436e-87
1.86503089071681e-36
0.0560859186292993
3.86202962720127e-144
0.99999999999588
0.00907515657025404
0.00276632333019777
0.0024894772326137
0.990701054939794
0.154185331776002
0.0113796082798691
0.0395850805988875
0.401173748823409
1
0.0383017900228549
0.998244752414034
0.00214044107747082
0.0191152968569105
1.55334001804498e-18
1.66839384803447e-11
1.07516139624517e-06
0.999585519172576
1.32338868824856e-07
1
0.0136645267954869
6.33541673306116e-08
2.32786313663046e-11
2.1328276541403e-107
3.38703638301722e-12
0.00641881604566851
1.71294984206364e-59
8.05797842522985e-65
0.685613756498938
0.0602612550259348
0.019970578256443
0.000667487793834108
0.996486572617458
0.047253054961233
8.58337732358192e-06
2.18554752492911e-08
0.00469612106482317
0.00495719762669109
0.000201885916236975
0.0282319452496211
1
1
0.0113759393486878
1
1
1
1
0.00881539562797932
0.0782141467878147
0.999921823070474
3.76748510011563e-22
2.1125725755173e-06
0.000658965252645514
3.97277391400631e-58
0.000236916260605049
0.999999999999639
6.6999651586564e-07
0.0219383120296668
0.305391262427416
0.0514854611543892
0.00628180931393109
0.999999999225429
7.98634309338482e-20
5.30457319993238e-95
0.836926689046065
3.63980862215473e-133
6.78698957645388e-41
0.12392500285846
0.000564280139392376
0.0385514693063359
0
1
1
3.27800531051135e-06
0.619901315381025
0.996630779635514
0.99999999999944
0.198500085210294
0.590802805923348
3.1205498955964e-17
9.20727732922412e-06
0.999999999999999
0.999613299668274
1
1
1.04803044013487e-94
4.56151744229474e-20
1
0.000337202133340663
0.00541984564380054
0.0960812314498763
1
1
1.83151984198979e-22
2.89915287429513e-195
6.7806440957559e-65
6.5619596206866e-117
1
1
8.44948084816564e-84
1
1
1
4.86676802353038e-10
4.86676802353038e-10
1.61739401374265e-10
0.000617871714254476
1
6.06150469097145e-32
2.80071965572177e-51
1
1
1
1.01705909000875e-83
1
3.0827765093062e-129
2.78494839749409e-39
2.78494839749409e-39
9.50582382568375e-45
8.56118973709695e-42
1
4.44705885041382e-15
0.000183968333415272
4.53480955037088e-09
0.999733835771758
1
0.99999999954352
0.0103662989218474
1.27215419376836e-07
1
3.79970230436572e-28
4.13925744791752e-23
1.41090724467476e-07
0.999999999381071
1.4006313155085e-75
2.87555794948982e-06
0
0.99999831281259
1
0
1
5.34484306269051e-05
0.99998921965101
1
6.36136230112615e-201
6.36136230112615e-201
1.01203112056682e-130
1.01203112056682e-130
1
6.0044030747557e-22
0.0649195668475276
0.979713921497201
2.32810503110318e-45
0.999778509390752
2.73354355418555e-38
2.0051855714333e-09
4.02079216431335e-06
8.19032549831074e-07
0.223067957124178
1
1.72598209587217e-114
2.46873253008725e-161
5.90727971494153e-06
0.00391178620643322
0.011297688460634
0.812578255353801
3.87907312651687e-11
1
7.38602908267069e-07
0.0661615655957385
1
9.5328351762376e-24
0.999999999975912
6.97428913802805e-30
1.94708344835773e-06
8.62889506358794e-07
0.999938636608082
1.93205519573063e-56
0.999999999999986
0.993759357259586
0.000117109780203262
1
1
2.76895295085922e-09
0.0959512817069349
3.80881204137208e-15
1.93693601628785e-73
5.22329061874646e-40
9.51988685743312e-54
1.89235638810779e-20
1.87476985639647e-77
1
6.61004148465296e-10
1
1
1
1
1
0.999999999007094
0.999999998830944
3.53654614626312e-53
9.31700422224509e-62
0.999991167442825
0.999999999999984
1
2.63533570703672e-32
7.98047152723332e-61
1
0.999999999364903
1
0.709889454064019
0.999999999999998
5.96813908914552e-06
2.74014951901828e-18
1
3.82417936171525e-63
5.01301992035092e-122
4.87922909693343e-28
1.15647527053685e-110
0.999815274107995
1
0.0547982902696843
1
2.58490289766067e-16
1
0.00193404240196342
0.0002489934771312
0.506909888255678
0.0105512734645081
5.56926224538379e-39
0.00598135045882623
4.10523128564208e-07
4.12912579351019e-08
1
5.15189507540587e-24
1
8.11904588513695e-06
0.99999982398521
6.59360142428124e-13
0.0724042166964141
6.01591366631638e-20
4.72902836137354e-46
1
0.0011716472467788
1
1
0.00191472460314822
1.58230666667066e-53
0.833368491161732
0.000534816894159718
0.000790459981146625
0.989830137604294
1.14403103104607e-09
3.40719729871577e-137
1
8.93609277930645e-189
1
0.325097334481744
4.25194496674316e-256
0.999466600977282
1.99850417858542e-31
6.94092569250567e-39
1
0.999994373835884
0.97664480730097
1.65861086433406e-26
4.483028488888e-16
4.11814362758315e-06
6.72449698465042e-111
3.05697363537116e-34
1
6.59992261439377e-13
1
1
0.000758043230206588
0.013189540497391
1
9.76509034912205e-125
0
1.4973179001288e-144
1
0.999999999940709
0.999999742889044
1
1.62450340544245e-118
7.26692643152196e-57
2.86456269829254e-05
1.61363849369457e-62
4.49619530557709e-52
9.69114846429145e-56
4.38253079363407e-159
0.979340822508482
1
1
1
1
1
0.0318220988449896
0.0486660793269549
1.32148144283556e-24
4.09509645710088e-24
1
1
2.52965771839349e-05
3.41028093055298e-11
1
1
1
1
1
0.00353439296304866
0.00323312848440344
1.7965510335594e-33
0.0452616428948824
1.59568778891369e-11
2.16555604020046e-29
0.227677475267885
1
3.3907252793688e-30
1.64316134914637e-09
1.21202575211372e-23
9.33264134213613e-49
6.07282982648919e-05
0.256848289160052
1
0.0561352186715132
0.999999968283352
0.0816161726779195
0.748165993310036
4.88316404770255e-148
1
1
0.999999999381307
8.73090273260939e-08
0.0151823261386744
0.408549253826396
0.780000439860811
0.0912306196661612
4.02513802015523e-26
1
0.999972847071795
0.999971366453088
1
5.12345630465574e-21
1
5.25689528118081e-46
1
1
1.51101896955364e-73
1
1
7.77357323767003e-230
1
0.164273308841028
1
1
0.20191578720211
0.00325034138703817
0.000103166546914925
1
1
1.15649180189325e-11
0.999999998868461
0.999814199252256
3.95013208115535e-08
0.078234352018664
1
1.20401684514848e-21
1
1
0.999999967216791
5.88811685122935e-05
0.0415186897844906
0.00935713360226174
2.25128056588752e-18
0.00734211713544306
0.0338383587795317
0.0295438940577454
0.590280276922726
0.168694908111231
0.222956443248447
0.214218981211786
0.0277072575154278
0.0439895126681744
0.129437816653791
0.999878603103023
0.999996827716525
2.27727244183483e-155
3.68049846522639e-33
1
1
1
0.00789260526274235
0.999997343246195
5.6430738480851e-06
1
1
0.997768486189704
0.0360708067000483
2.0767903034343e-11
1
2.24236933222739e-39
1.71930436579446e-42
4.0634382833531e-06
1.01352116280224e-299
0.00176290740080956
6.29000269913713e-05
1
1
1
2.86458908357343e-62
1.93003461488355e-20
4.27520485070731e-66
1
2.3789703995486e-134
0.999509097687608
4.90781817785244e-18
0.999969340217413
0.0227032243369499
0.954159546810093
1.35421087994893e-231
0.999737742278203
1
0.950289467948935
4.53572782889897e-16
5.90995196043936e-07
3.93193207808982e-08
1
1
1
0.988608750560266
1.56867698179434e-30
7.19822053226301e-65
0.998922848127669
0.364413087455406
7.16472951129986e-98
0.116737679315568
1.65919444933075e-114
8.34943738809148e-06
0.000739394994833977
2.24042895370535e-05
8.70181976123959e-10
1
0.999999998691351
0.999999998216825
2.94659747468746e-39
0
1
3.1892349545255e-38
0.999997039753116
0.0150125604426329
1
0.138535309953958
0.000136180340890056
4.58673042926351e-71
0.000654900038979411
0.999999998969689
4.11466747463484e-51
1
0.00278171006711678
0.0137139400459823
2.44038539317851e-07
1
0.999964802422461
2.32849834614155e-07
1.01286381438522e-20
1
0.999999901794185
0.999999932828084
1.61000081184383e-262
6.35706698032504e-11
4.47360638105171e-30
5.93839766646615e-10
0.491131026382534
0.999988928427034
1.90651123410669e-09
0.237436868444791
0.999996468379945
0.00890271466314785
0.356815126920167
1.57551434200944e-182
1
1.155099833495e-10
1
1.19801131747953e-16
1
2.1201053473669e-20
1
1
1
1
5.16009359719517e-26
3.99222691873247e-38
1.49208712522113e-25
0.00069920916227523
1
0.999999114139064
1
6.66945330983091e-19
1
0.00878104414357864
0.254426053923768
1
5.94943118721332e-12
2.23371313517594e-53
1
1
5.44213381539866e-08
5.06033386683699e-53
0.000327979618876668
1.37324870763412e-06
1
4.17526251720244e-80
0.0260995073170164
5.26341393186721e-06
0.0586485184865699
5.54868255213126e-56
1
1
8.34983568633058e-111
1
1
2.11689533857614e-33
0.00160075082301525
0.999762741546881
1
0.999999994884101
0.999999999999859
1
1
1
1.43203999005069e-27
5.18269092480375e-19
1
3.82309052348806e-124
1
9.75442703061252e-243
1
1
2.64370912848816e-20
1.5902631030528e-128
7.06145141681814e-19
2.24699682665616e-151
3.11239510009994e-31
4.05995534054482e-120
1.15406979527816e-79
1.3631530097301e-08
1.28309867497307e-162
0
1
2.45877516726534e-76
0.00167120337513822
9.55245084310286e-07
1
0.00318500142873653
0.0315022329544172
1
1.81975448934794e-05
7.37548093352442e-14
0.0373800734031107
2.77848047644333e-06
1
1.56479955840319e-42
0.695732452203209
2.81343939613265e-24
1.14749214101955e-16
0.276545370462445
2.73557229863104e-08
3.33101344811433e-50
1.38958538798126e-48
6.08372641709158e-225
3.305990519419e-32
5.29235968182618e-194
1
1.13383515424132e-167
4.01103115795954e-201
8.42095613817948e-39
2.36178866060176e-07
5.71713841816116e-06
8.72688124551208e-10
0.380704299949491
0.600117012862125
7.55648061145e-157
1
0.00338732099853535
1.43432918403619e-94
0.000154385128682327
0.00170669552870904
7.06391884610557e-13
4.38342726583591e-06
0.137367727268826
0.58112110441352
2.9480630308559e-20
3.41649008631063e-06
0.294996520820277
0.0465447004822753
0.000131865922738452
0.231051093765506
0.0163419329940014
2.35902749917141e-17
0.99999999943029
1
1
1
1
1
0.999998462437452
2.1978191491397e-22
6.65832165490875e-51
5.13743410930959e-08
6.4377095073997e-46
1.01144057027018e-115
7.64436735837944e-12
1
1.69527805355463e-15
4.97079467081792e-209
1
1
1
1
9.11615655388504e-07
1
0.999999912678424
1
4.92161386911524e-271
1
1
1
0.695266103426275
3.38031653736899e-152
1
1
2.50466941036332e-06
1
1.30132905579107e-126
1
2.76737284902993e-80
5.47890694877656e-12
1
0.999403434084273
5.85805216742198e-13
0.285481480449569
2.20010309464945e-15
0.484134892600204
1.96219673907113e-24
0.998600605753039
0.0616486257296304
1
1.88123963787985e-31
1
2.06633244017724e-07
0.999999988835207
1
1
1
8.72912384852957e-107
1
6.14049338717013e-82
1
8.68367411500925e-132
3.4502358818294e-210
0.999999999947594
1
1
1
7.38413024733964e-32
1
0.999999999835617
2.87272432566742e-40
1.4349988970516e-30
0.999988336841814
4.1359747265806e-17
8.22210563401824e-23
2.13568651197127e-31
2.1558042351976e-39
1
1
1.17507819990857e-45
6.12230236409841e-24
1
6.8940311358429e-65
0.0640522571916922
3.39468603700025e-93
0.0041401406942646
0.999999902068726
1
1.2461786390182e-11
3.43087421275761e-19
0.964597065659433
1.10969008958771e-35
0.999999999998555
1
1
1
1
1
1.56840935631877e-53
1
0.0248522494340484
1
1.17134831888847e-64
1.48705754243911e-47
2.10928198196991e-152
0.000149987738599078
1
6.76150363535928e-10
2.4891501125241e-112
8.94196345241704e-15
4.64775863232817e-94
0.99999999999999
1.23210339344395e-25
1
9.31750072062283e-50
1
3.56377863864735e-12
0.00262412057000467
1.01015970670717e-10
1.00725249261574e-23
0.999999999910631
5.12569792759139e-08
1.51204340769747e-08
4.5584635907931e-14
0.999999970168871
4.49681173460121e-42
0.999999999932585
0.847933712705221
6.69672143943802e-105
8.4201840061909e-72
1.87661543875326e-22
1.76783538555894e-111
1
2.36678894913651e-111
0.999999999619072
0.999999999992343
2.37965129807478e-78
1
1
3.38838336739016e-14
1
8.48972697508341e-15
1
1
1.18845499327656e-07
1.97293412449415e-29
0.998540119515119
0.999999943717402
4.84976227785646e-84
7.62169091842976e-46
1
0.999999979493773
7.8567636463502e-23
0
5.87990059775501e-25
0.000336821241790042
0.999999999999986
1.54345302089912e-16
0.679014852463549
0.222672717554899
0.0297444858033777
1.81736932660279e-07
1.36187120521986e-08
0.168954565877082
0.0040278430121867
0.00251916304962673
6.07208396070758e-11
6.32044231498521e-11
1
0.99999999282874
2.77722157639398e-63
0
3.66856420729349e-289
1.04980162486869e-207
2.58068572547934e-69
8.9832070843933e-289
6.8082000472241e-26
0.0169647096807519
1
0.000212654193633573
0.00951719564911726
0.000369260636120801
0.935914057003476
0.696178322177986
0.003876366082809
0.999807171558153
0.999139121395753
0.923578713288355
1.67152229071179e-11
0.97927266906449
0.000434555091103317
1.19137817185848e-57
1.26089156048163e-50
1
0.0611787060488368
0.142841945879626
8.64766791253627e-07
0.00571470492343543
0.999957776640805
0.00128780284176273
0.1777376037579
1.16418101235771e-44
7.85779205724074e-15
7.6874988221005e-121
2.32698252387237e-31
0.408148009808955
0.000241131335794995
1.23419635860596e-24
0.000326561861284134
0.0687608593861763
1.21687649166057e-34
2.08350440656092e-33
1
1
1
5.37408238529216e-06
1.22775921822968e-05
0.998323868582072
0.999755753100562
1
0.999999999999999
0.801696245793384
4.61535474209097e-36
0.00424833948864124
0.0627061726098931
1
3.43856317490088e-114
6.01283562658284e-16
0.000626746392726293
1
0.99999999999986
0.999999999999624
7.07294447061737e-19
1.49620018627232e-18
1
0.0104998790206069
0.000675485366799925
0.161068097352361
0.994719264766703
3.92596589449922e-139
1
0.0098345364963571
0.999999989069632
0.934414417466212
0.000104276888547828
0.000319502451879975
2.06088818933016e-05
0.0636022486585758
0.00142206996399968
0.999999963227236
0.999999999999977
1.1304574795265e-24
1
3.7894345316153e-30
6.99433250256163e-40
0.999987585940709
1
0.014226849568994
6.54166366427204e-76
0.000267103539796223
2.75702893162951e-08
0.870113417060692
0.997454848699202
0.00367739680020705
0.190235180204824
1.09917486972634e-65
0.819936016097992
1
0.170080234971906
1.3605704403759e-72
1.52062515544722e-131
9.61892663522032e-178
1.36649263314231e-83
1
8.96773711007654e-52
3.48204300654032e-17
6.99415454951342e-16
2.71124274205861e-09
0.0207683374896641
5.53456445077882e-09
2.05770704965242e-19
1
1
1.96093071241692e-70
1.26271393120222e-80
1.86767312235855e-40
1
0.0252906437124678
0.0840587012841233
1
0.999003940074425
0.347305079404695
0.100456829188888
0.236628916487647
1
1
0.0451052478814416
2.07761275545643e-08
2.58261884222684e-06
0.0419288139326853
0.432392409213145
1.14846820067452e-05
0.00368900322630444
1
1
6.66145767357916e-62
1
1
0.0230303465756003
1
1.97993437669735e-14
1.1500719372352e-24
0.999999999999985
3.46280507292435e-17
1.34972193280225e-49
7.66944914698701e-188
0.999999999999991
1
0.943120936611562
1
4.22535688511819e-13
4.38744551264224e-37
1.26418816730711e-88
0.999999999859187
1
1
0.999984710904822
1
1.66651329906254e-50
1.01223869959671e-55
8.28899333563801e-54
4.50157728675434e-36
1
6.65966425481333e-21
2.33071199193065e-19
1
1
1
1
1
0.00213131685972768
5.39319719359518e-26
1
1
1
1.35181890059568e-20
1.46768995891776e-07
1.19903091190052e-47
0.999999825165074
7.57978962913683e-25
1.06906333292326e-100
0.00123271092920519
1
1
0.0197426944478173
0.127428519336677
1
1
0.855962087338846
4.77063501409924e-06
0.00295861300008643
0.00113728092388706
8.99644891910349e-05
0.677020871305567
0.0261700517461296
7.07239246647814e-09
9.13320836543028e-08
0.00928040649394253
0.174610598520175
0.0100567973908332
0.993833656240413
0.00110342627336857
0.0919360481893776
1
0.977881834126841
1
0.165364246889797
0.000352764523115397
0.00062024489807975
0.226692997675482
4.79961975775356e-05
0.755127923943941
0.0217777544054675
0.0386579530579604
3.12694081968056e-54
6.55737518299594e-61
1
1
1.4327882445344e-64
0.00500849951385371
0.050368447893952
9.64610253929874e-06
1
4.33207104307595e-48
1.77063297764458e-22
9.14421915476063e-29
1.22153562372533e-87
1
0.998257819564532
0.059306002630806
1.39003735955498e-59
2.67513136854653e-239
0.00178325681862016
1.09275064146293e-111
4.18320593906113e-08
2.70869596121645e-06
4.508865469134e-13
3.83523763299927e-12
0.00212282173472447
0.00397470187616539
2.91521400566338e-06
1
1
0.0109084350834618
1.92531121967769e-17
2.25756558818922e-14
5.9122446537555e-37
6.84900095104585e-59
2.10715327925223e-51
0.999989803990519
0.999999999999206
0.999999999453608
4.45466977593099e-24
4.16745374581475e-33
1.09414128007488e-15
0.999832427015833
0.00271229718295301
0.0337155153283768
1
1
0.580997898117989
1.5017032106591e-08
0.000267131531584753
1.21436796363143e-85
1.1909199243402e-31
1
1
5.12356647024889e-100
0.735786352036905
7.41341868879922e-10
1
1.19697299318199e-05
0.10373687484155
2.57297677414055e-09
9.64280085391666e-06
0.984580072206544
0.999999999988532
4.79189913487282e-37
0.999999999989433
0.509843289340418
2.38271042916252e-12
7.11368287241366e-242
1.14715416220066e-11
1
1
1
8.75457471457275e-150
1
2.9794298148997e-130
8.32100847402655e-69
0.99999976653886
0
0
8.62543602280978e-78
1
3.15122914751903e-109
1
1.79725576226112e-25
3.95637899794701e-196
6.66558236631257e-08
0.00129423219549334
0.999999999525161
0.999999769119718
0.999999799007049
1
1.47845045682105e-41
2.90087062866305e-08
4.0124908113881e-05
1.35314268344009e-43
1
1
1
0.999999166038636
0.999999913528405
0.355715895697266
0.000349543218249487
0.0191803230386347
0.000191540521979714
0.000194836660885847
0.999999959329357
0.999999999999987
0.977100523104097
0.177601112700915
0.00278196782548805
1.47924148775423e-10
1.15567409605523e-48
0.055574614340943
0.0446103091779802
0.0338586688856012
0.00824230772843905
7.64916955810916e-105
1
1.21204591660723e-123
4.26302371272113e-05
3.54156785534352e-10
6.08914186603806e-39
2.06069751502341e-22
1.22928141955258e-79
3.41360980333304e-53
1.57675780773232e-41
0.999922745574027
6.70587935952053e-05
0.00164295147632693
1
1.47315719192034e-61
9.38241439467932e-18
2.65658500504899e-06
3.97000055278079e-25
5.27338949248425e-229
1
1
0.999999999991421
1
1
1
1
0.999999999996405
2.57609671652056e-95
1
1
1
2.49290057604287e-108
1
0.874867026318228
0.014615339676563
0.00855673706974795
3.62092430598682e-40
0.00378864161856697
0.000194058259933565
1.62082648372913e-16
0.00225734097365601
0.00329337115819065
0.0380588813003769
0.999999997433842
1.13665807887565e-132
0.152175460047703
0.999999999999978
2.29498031134001e-24
0.999999999995637
0.999999990523191
1.01959340651599e-21
0.873308445032392
0.000145701031018079
1
6.79667026853279e-05
0.55505676128981
0.963558465336453
0.00986301795941113
0.744068392407834
1.68428800944085e-05
0.967784868516784
2.59869857732733e-07
0.00106779167915573
7.59324251400906e-05
4.70988737907085e-46
8.51607887539657e-24
3.36235214208386e-20
6.98042779093763e-09
1.65376260913651e-05
0.00559255855843856
0.99207865089679
0.00584163159147863
1.23162201242172e-10
3.41233323993146e-40
0.999999999999996
2.14740615456699e-13
1
1
1
1.37446802297032e-83
1
6.76745735891738e-70
4.95632556196365e-69
0.000329231010653644
5.3025086800173e-75
0.999432233888983
0.00164557731041796
0.735093715891315
1.43853078222519e-21
0.97529711472744
0.908643267890477
1
1
1
1
3.95152321613311e-38
3.95152321613311e-38
1
1
1.0771546790467e-47
2.11368909214646e-15
1.2069944988838e-08
2.00069498890925e-07
1
1
0.999999999989871
4.27099802557563e-15
5.68791255478243e-28
1.11607308256975e-38
1
1.20461764797637e-06
2.96764432534506e-60
4.45965551165343e-27
1
1
1
6.78593792415975e-23
1
1
6.1492514918106e-11
1
1
1
1
1
1
0.00407572819729973
0.999999999998401
0.644276962175771
0.0791761712778266
0
2.0843058077193e-05
1
1
2.31750106274179e-19
7.94501356918916e-36
0.999999999980356
3.1088295483218e-11
0.898162336542564
0.798567756450298
0.0575027801408714
2.19554540971408e-12
0.0213998025063136
0.0879165426571336
0.00819320574206669
1
1
0.0119159810915315
0.000287395942813711
1
1
1
1
1
1
1.4766796196959e-95
0.0570554027890969
1
1.42510907160995e-05
1
5.54356935009079e-79
3.1326551252789e-74
1
4.65252787514162e-166
1.66300621485244e-83
1
1
1
0.0344881700791807
0.86389477707768
2.53795219538852e-74
0.99969909204652
0.999999998827305
1
0.0680707434571754
0.142076452546443
1
1
0.999999999999765
1
0.999999999995212
2.18886676282343e-14
0.655593920977016
1
0.933797161308524
1.29930333238741e-40
1
1.27954626483211e-36
9.30106700577528e-15
6.20998894698259e-38
6.87249223096145e-17
4.5804157123488e-205
4.5804157123488e-205
0.999999999999912
9.8484000807667e-15
3.85054532093506e-75
7.86030874150084e-88
1
0.0228758948980895
1.57878135715207e-47
1.64170665081418e-17
8.9335791107678e-77
3.36370095054213e-23
0.00178183965866467
9.00159075912669e-57
4.276773764385e-29
2.78386844599656e-08
0.999999999924439
1.51915246544902e-221
1
1
2.09182555154832e-05
1.08738808161312e-41
1
0.999999999998535
0.999999999999456
0.0224028097535429
2.04735596038641e-53
1
5.1284487382324e-45
1
1.71460922986231e-28
