-269.482505423138
-30.6396244330372
41.7435062666806
103.888328600627
-15.7941640273077
-88.168158824523
-81.0174027607748
-12.1134937136468
36.8080338002397
54.7262891161549
-145.50538269324
44.453690664419
-208.977822382205
191.968500196485
141.272491311615
-339.067350085064
339.58474143575
215.906619178415
125.534078598002
-5.74658706783034
48.0574428083861
-165.790983243623
198.136364423229
-222.607690544927
-82.9835553168193
5.20327397157568
-52.8290871161353
-67.7909299445614
-28.0536091702315
-10.87566581591
-91.3781622177729
-5.66156435411468
-5.9970457741775
-8.25153937684191
-1.69148226822476
41.5401742638302
-10.1051071724941
-8.42959676855487
-1.85223480562185
23.1130156337712
-16.5611490075375
-5.23963943421668
-5.60101996128494
-6.97831112756368
-13.4002821299166
-14.4728511057037
-183.464340652722
-241.805238880864
-416.343843389977
316.221194581762
-163.739935649267
17.8496560801868
13.4009766421589
-20.2053425805593
808.80489161422
-4.08990996480551
-49.9699350463009
-281.449675307741
383.371960305191
87.9077996489069
217.425790275925
17.3113134504159
25.5414019183105
-25.7221081199705
-50.8362259086911
-159.195783784462
-149.096554749008
265.395056918082
-31.915726990405
-282.615023035849
38.7417113791444
268.532014212647
-120.692869849984
-16.1613839722472
-20.9017636390153
-5.32353985158513
-0.315748316721871
388.653030532371
13.3212767605693
-48.4996155840451
102.070678660417
27.2580900910471
-142.115776237246
-280.172929635217
-13.5607410419598
-261.778418858122
364.622428600216
-127.279628308065
130.330186782904
-38.1820535618806
100.798565955718
-155.389118442583
205.892696029154
89.282139690694
-181.91041866245
-76.6829485542775
113.627281939622
47.6518361905313
-43.8909516557142
191.224744084201
217.563367330216
53.2076518000746
-37.3824450721758
-222.968281878812
-217.632209135809
124.707582105742
-18.6789331764841
8.86481030487707
-9.10655408487457
-257.825578676413
32.9991813429751
-69.6538583280214
176.091051164191
-17.908625209971
-124.428946080086
-66.255478235166
76.1923596649069
10.2948537308896
-95.7537162678535
-43.0078349008665
-47.2121524759204
-155.23074591272
-63.4972252134183
-569.567084777144
16.4514384904613
-106.386452585348
399.971614034222
2.05080405050738
-4.28045633942027
8.66370054278364
5.26541302839624
-19.2712002272301
-118.051208036714
-104.133719081161
-20.854740033856
-9.17515645370695
-12.4340706402813
-0.573303616599869
-14.4780579972077
-8.8203448031548
0.439535538988324
-101.390354690693
-107.997726348217
-2.65634053202511
-7.49419027214893
-9.82849175180467
-76.4374890139389
40.5679230198202
8.85346899195865
7.98848771393464
-78.398998797618
-376.882956390411
116.848783610536
112.807440315113
-60.2346221257943
-137.510809590439
-5.8171950115591
-93.2203988147508
-44.2833142724628
-112.559848108852
60.1954690083492
-83.530286617458
-1.56841708080059
126.768211950391
-283.905836821923
-127.393017898279
92.1787822596699
142.945957909897
-20.7535910717511
0.0607795844910827
-2.815839555469
-2.815839555469
-8.79803332025261
-132.778147254017
-106.914613356546
-3.65691674954289
-19.1660082847679
-2.0390082161766
59.7700976289351
-230.658335813207
-213.453504839959
127.439869426854
418.383539639436
107.207760205269
-11.2527590713104
-7.1491642306264
282.062377464479
-141.788286206098
-108.111266527312
-603.074752952378
-143.397429258257
23.4312347765845
-2.42603088833065
3.29462102696599
-4.47939403863074
-20.0184978533801
11.6620731959192
1.9948400870695
28.0975495659907
-6.83434349462899
-3.96307679923883
-16.5531561487558
-1.67229886987391
-4.87701907678092
-1.83865960175878
-3.57099178215172
-3.96333712692577
-0.767760811666695
-8.36694862463317
-1.43140882944126
220.401318204812
1.83773603724649
-3.53752478580788
-3.69847796847385
-3.13374335986985
-9.79987577937743
-10.4112048466428
45.864558724844
-45.2107151881666
-12.3104657361801
-10.0845145417024
-2.17576109578376
-1.40355316175489
-1.34127465509712
-5.21631983958336
-1.69084433625944
-2.11514093462015
-3.8920120916287
-14.9138308803612
-3.75060276190056
-4.66377597885435
-154.745402662586
-177.149795983261
-0.763006839503104
1.0746754683857
-7.87349033862906
15.0981807519351
2.84283249233644
-37.7149704275314
-40.3637484880299
-62.471986147474
-52.7497223313198
-4.05265569115089
-75.8065167484391
-171.861422560196
-14.2489163600555
-81.8266772367122
-28.8692818275846
-27.5807849156749
9.07967874057915
-69.3614382857823
-1.09206629382516
135.118668216536
415.08313814449
-81.6755277734483
1.66307463760823
7.97859651455046
154.081708045708
-49.2793240922128
-39.6027912697461
-260.34708066476
19.1348558640867
275.963097017795
-70.7427728990402
-80.8213204955559
70.4743753133839
848.51514433815
63.7907386296114
-160.715436971941
90.7490941847028
-354.344877146746
-309.369306667062
-76.1875649729376
546.674221064752
518.675646898637
-159.507264818762
-10.1510209153453
244.904737952598
-7.94724263611079
-13.4349445474383
346.874904903694
-19.6845130406471
-2.03632133313805
10.2947068159119
-52.9395422017934
0.921011403107339
-2.91294524590097
-71.7348811539242
-14.0777999509228
-72.9235735768833
-8.09373353953045
-3.9534051475913
-719.340162566733
-15.3792507162053
-34.9638030255748
125.908835798998
26.3411856903677
20.9437785422139
612.719536266688
-45.6890494062157
-11.2775655208802
-3.99970287967153
565.75780920266
505.228410745913
437.784989101065
-384.330020160767
-407.37183692527
-3.92661740820004
-0.866820938716946
29.4030704627212
55.3070063528898
208.089065453483
136.530977507721
-27.5889829770279
30.1350059931717
-40.7556062209165
-20.4259394486061
-22.8232160521087
150.760788743196
169.537875162884
-97.1484048664917
-261.53859326726
-10.2807312211608
107.342304830241
74.5629758021045
92.4658527154805
103.367655016847
-101.564635086969
181.586911300385
-160.898535415571
107.738655906064
-71.9776708737572
-36.7864768050368
44.3165972492265
-2.53512127420776
-1.98006467262303
-221.639125630712
-139.302330749996
37.3789889981011
84.1407372675273
-1.98591018823384
-1.6912285688017
-3.50679908758673
-104.594437500232
58.1512572963953
4.12437690977496
-24.1343655053739
-208.82535319434
-108.892835086902
-260.062921751162
-245.245160141883
-3.72689391328703
-305.767229918514
-71.1217954472688
10.6702391764745
256.233291123439
-91.3781034315825
-165.309334692314
-206.76580001598
423.121138295888
-0.780658042135937
43.9123885678251
60.6956321861049
399.741804038801
170.640842611197
-44.6799126553947
172.50328076232
-225.024679362816
-208.801602922597
92.7722473131145
-75.8409089999755
-278.417885809983
-216.197551945437
882.321112764514
-2.80945959453125
-228.815103161443
111.359240907815
233.933617484176
-2.75318300915085
-2.29388032779463
-112.876811680193
-74.5344610422676
62.0777848543455
-2.47004907112496
863.824855030337
863.824855030337
1199.30560526378
1199.30560526378
-1.61222932546522
-1.34245307676367
7.49053129005418
1.14656551034347
-47.3323703228057
-9.5165668715986
-52.2996036111259
-36.1840527228761
-4.07857178112457
-23.4719988203277
-1578.76157952438
71.4805577459773
-25.2512540043981
62.2145841534926
-226.241200682768
-42.4226150217513
-42.4226150217513
-1111.96861480003
-480.66150848208
-2.62066183707622
-0.335275470455717
-1.21689688831269
465.525376120684
455.814980758068
-11.6246254691114
-1.35350018919196
-3.12556519246965
78.1594829248533
-296.913661436904
-3.81277107741937
25.9747307055482
19.3675066398346
-101.296220555347
83.851421052034
-89.4633048155594
20.031278544397
15.3391244953521
402.429528870454
-178.864806508191
-385.818380946991
0.609557514604183
-7.28112963828471
-10.1944594019398
-7.44339698756023
-12.3900945754548
-22.422013809256
16.4935098727623
-45.5711838071271
-142.266891219471
168.712115839248
-1.13243666126509
34.8652733705795
-82.2166101725147
-74.237358448746
63.593768790176
-212.344321542033
-155.061483889481
303.402490156599
324.056424803976
-18.7594034535121
-27.7588048623993
-20.7810875368562
367.76727996202
-229.178587016515
-433.927575196047
59.7153908242521
-6.98996363894418
242.018854281465
-17.2597766570412
-416.605256251163
-155.65409122759
297.887091751885
-126.650315483828
-610.316869867282
234.753379888733
416.773800907324
536.012490690885
138.04665502562
-23.316375825448
245.724954938034
-244.136837587122
94.2368237481176
-151.716951926543
120.290421304014
278.074412708746
-280.285124502612
-210.874420109891
114.253023631955
8.21115628441677
-40.9191202275556
-49.8496425405901
38.1392229151375
-143.541194786141
-402.017163449552
-553.389560889931
-16.8686667794247
3.40605989535079
389.676322154679
-180.111268191451
487.531483668064
-45.2603922172947
6.21006147237261
-158.005667765525
-52.4642605070637
-474.485447007973
-366.541925931367
115.037003097197
-4.26060021851532
201.173201814578
282.545628307954
227.909179124671
9.2737833533045
-58.5628566008617
-32.9640155959306
-7.0039709428781
-21.6306903659138
-142.299179955611
-3.15996102181204
-12.4407594676837
1.79445391448421
-5.79122902347008
-42.2735165575229
-70.0746019065065
-3.2048739982434
-6.41287887627033
298.478734810195
-36.2847213857042
0.461882491989115
132.47426426621
130.366316607212
-6.58133495694546
13.9053956258962
-3.89185081325277
-115.297874474537
-42.499554165442
245.20812682353
-107.261245983718
7.20191201974823
-0.0304697907322167
-115.13095681136
-34.1007390110307
156.084797986765
-355.92976590308
178.814185780992
-0.687287965748802
-113.220382594773
22.8661492355815
-35.7411648325751
-72.9481324729135
-3.86512487491829
86.5964709349719
25.4872140815689
9.74193178216611
-2.77755978984247
-49.0289529908141
10.3440334556474
18.1526823604227
-2.52898263954554
-1.48817944329192
11.3766856524956
305.94155711776
-112.784893927628
42.6496003498638
-110.169850505516
49.768114853764
-99.0183683564612
-276.717150652239
671.427897084391
-323.015722373557
-323.015722373557
-150.61091044816
-150.61091044816
-210.34513303895
-210.34513303895
-592.390262271253
10.6238351011201
-227.010385536179
-121.883325235511
-357.860449393687
217.912169386236
95.5165934242787
95.5165934242787
-47.7822553062819
35.2228596958025
-160.714607234521
-26.7189838094488
350.326481563555
410.002277768799
68.2977334558121
-82.0031859921144
59.0458296216395
-67.116517284757
78.8223474741133
177.774412440608
271.600288546731
-91.4846002751741
41.159691099761
-15.518532320119
-10.9233933670816
-366.516720240249
61.6100497807027
-43.9557759283974
43.1797162606972
-29.7674582336486
7.83108067924789
-342.238843387374
-555.923847696259
-572.5580934689
238.954817534485
153.749391166989
252.614869511363
-415.359975813201
-108.283779746022
-131.003798514845
93.3137382739747
117.460094674553
327.728489063341
-604.294194698487
71.7194062246394
98.3379432434119
-119.665603992255
-22.8944070969956
21.6460970351923
-3.08525748094898
-15.1808269497554
127.13246045462
585.670708394907
-590.488510508891
-590.488510508891
-26.2261716428844
342.043537282375
300.972541623916
-160.666509932626
60.5997893144253
35.2180938079797
-59.6288643076808
-88.3223940034639
-86.1673534878543
-4.44430899684285
-3.89734164845638
-11.5157239618075
-5.23363248312407
-113.167867830512
43.4341168270621
100.314021796393
-323.438444309821
-106.492305543252
-92.7110441244391
53.2300118835955
27.1053352013871
-37.161937528815
60.7619587608908
-31.0747421113938
-108.034174031926
219.192466799164
14.8364123434732
14.8364123434732
7.99730311826146
8.73583317416909
-112.704848850759
50.7165908139205
50.7165908139205
40.4215633045998
139.030126504983
-194.464858399692
39.2288808088768
188.689606275697
-144.459957849753
345.305644853142
345.305644853142
79.4774504534171
53.8809659504114
-0.0751423481762742
31.476730416279
82.5019373983351
-2.7584199070292
5.85304218199346
-82.1582669375838
79.9585745414711
3.16757223866743
15.65743365126
10.8699774626527
-391.117097354725
177.845229657794
19.7890704224543
-194.364621595119
195.276386550249
-260.305114712955
-46.9752670632802
407.342488949379
-392.617978457351
12.0111252542692
160.888135744964
243.586319180807
-103.339550822781
-22.4993184046062
-85.5274203157278
37.752197469038
82.4698637314043
-73.8831135889386
-174.334038707848
45.6383568271841
-27.1318646326006
-99.3821966993225
199.581531012981
-29.2900648640102
6.19507189117531
-1298.08270402679
-1.95396693499222
-47.9702648134788
-862.014476513314
132.384599613621
715.31330657544
119.177050221886
99.7226344397684
-367.669966880704
-70.0583165763525
59.9957671921308
93.3807022295595
117.338403670174
-2.36025377004234
-136.367483625735
25.9629717120235
54.5405013005296
-20.4532210062397
-11.2272880981353
-45.1870974285456
-32.9197980529336
35.5545158310863
72.7414531165862
43.1872020865514
14.6863034697243
-104.658996935216
4.03410970334886
5.03957965190015
0.365509048153662
-17.3362881269194
13.2236979137378
47.6878906730163
47.6878906730163
-185.18335498091
-30.3753297422907
-125.364385432902
134.898649930521
14.5110423870727
58.077967992941
77.1209158483471
65.1382347534725
53.6416992101539
190.563761003446
79.1390451623656
-136.242737194645
25.6101434443124
-188.03621478394
109.800826584414
251.068769607098
-2.87501389572839
-3.31037136304412
-1.7627998692832
39.6566066179807
163.346399876887
-195.292072083485
-37.5197206818248
14.3946967107323
23.7478061267199
4.17456362809854
5.50302101245549
6.8358589698961
-1.70091777195478
-2.91090602889931
-3.83542747999317
14.6238999622956
-41.4774654535753
-36.4876838217278
-4.30172964026272
163.819246209319
136.615126812514
-140.226307440575
-269.089269583711
68.9687402117032
-4.74993489403034
-5.59144187171174
-1.38211342434551
50.519755494336
67.4018294565881
62.7119129795186
180.781467357272
-572.104102107857
162.311628140335
166.268883446321
-19.411826642102
146.194995129338
-256.3277044663
-6.31931737835546
-1.46810484554043
-66.3015053269548
51.0304433723477
80.604736580842
-81.4315016819165
-7.32581362772341
83.9556808016179
-1.88332663324985
3.32111175984959
-33.7565714199033
-38.3950970640668
-155.296939524162
31.6711017965323
-15.7564901853055
-60.7272069695731
150.145856832848
-58.8987456978297
34.6661315849288
155.264419533889
-119.347926491057
-7.70049663897472
118.578301800071
288.41020139384
122.897580670147
125.73584353578
171.904047628663
97.8451942877765
-3.77974887224229
-3.62430852256409
53.386441226031
-4.40421078364017
-6.26598225369409
-59.296069246838
-6.3273642292193
-1.07812972667241
20.8385315582803
185.78792907352
5.07820552748112
-34.5582615755193
72.9595502960494
217.263617581803
169.464654983847
28.69506242183
68.2476311813869
-70.3511627479909
-363.030294558989
104.190870088397
119.584793486688
92.603678319065
-104.657279974959
-3.31223784922867
-8.59063997823892
-3.2390035933201
0.27634092803592
545.961740634812
-1002.05843479262
-6.7177857584928
-69.8151438386711
163.814236861727
151.227337805635
-11.342496163647
-221.469212296846
-146.682367874291
42.2459876941643
-130.463573606619
-83.602694142583
-64.0306158448705
19.794206701105
-63.2656022415502
32.2197031100591
-97.5151710013364
59.3359149056836
-12.6011520118556
24.9786064303459
-29.6553387714389
-2.79031971171798
-2.79031971171798
-2.09579207255143
110.772392288599
22.0071047314789
-24.9435512146739
143.687240382102
178.659727428728
-25.0906918018728
-15.7902444217416
-60.8598847367761
42.1084750637519
-3.096572950327
-4.06063377566293
18.2688397482501
-8.26640328051439
-26.586341000916
-16.384660021293
2.20488114824129
111.400878576509
88.8893149752776
-126.706909677056
-34.2154979107634
174.528520719158
164.99659953593
148.801035471827
-30.0028132352219
276.751423183357
28.803379056333
98.5511981616206
-32.8410427882489
336.818340823394
43.0309337763308
10.8649101926154
0.437727885788898
62.037132697658
-140.719152428841
-74.4396125803629
-239.834004346235
51.9052806084185
-152.30697918935
-102.056735211115
-25.8143887135604
25.4940909892486
38.7533550818095
-20.9614163829383
193.326553290491
215.398267792963
119.314542731911
-16.2447004908443
-117.800890973941
-111.316089033548
-140.856274509251
-140.856274509251
254.709684833855
29.0741764283816
-310.367257507006
0.636232527920746
-34.2827671902344
52.8050900735794
94.8397862180129
-20.9943040593091
17.4988479988213
16.810304380793
-28.301400294928
19.5418031379773
11.1454451509825
9.65080831386059
-3.51297044940154
-21.4497684548948
-116.961359088447
83.6026601954859
35.7515780043301
-8.38633472881427
29.0823320919918
22.6391143328686
-183.530210144137
10.6539234378192
91.748543090117
68.2284301243353
-11.4503889638959
40.5426184057814
73.8659138597873
32.8378919862176
204.36173569996
204.36173569996
152.785522905276
-157.80496312932
20.6320982445303
19.9734800835086
18.0832427531995
-67.9177616146858
34.3849015836257
-7.31110139308233
243.392476528667
51.8140111547812
-21.5437416311332
-0.110630944912984
-20.7743108789539
-64.111502648406
-23.8993875039978
66.369755835261
66.369755835261
-7.87801823950984
-8.76822992369553
-7.36644406719739
1.78558713732216
7.06478923410005
4.12410505397424
49.6824102834332
3.49587819993755
2.93942697532336
-4.37966422902879
28.1448701567986
-63.4549547582286
-105.14551795304
-1.4204566391611
-34.0756482426293
26.6752051183364
4.91652243501704
-12.8875137215815
-34.8349942834213
36.8334985639253
46.9474352749789
52.9531157769644
174.23216538791
175.221891523187
151.223243080228
136.881542185303
417.63593810566
128.481856463473
175.984429492785
176.599430810455
47.0482576765723
-79.8567592654532
-204.563646013026
-2.41278132112724
-4.86389251465795
-50.7352291024018
194.390688495558
-227.100314666688
35.1042543266569
-158.280476846374
-78.4601136192187
-60.1628651845509
-26.8602849515618
-28.1492606708165
-40.8067117210053
81.5872938314034
-2.11304778093037
-2.11304778093037
-14.14568198287
-47.513217281325
-2.83895825577288
-45.6172055225886
46.3911266297049
40.5734530048038
18.6234467733901
22.1560850938038
15.9281692813906
28.9133413570231
-425.065582833011
141.420181112207
141.420181112207
72.4548216503581
81.1500226178604
-145.353786691211
-93.0655989657052
-48.0636185368755
136.182245082541
29.1793278321992
-23.9694630160861
65.4897476476354
-25.0694639574702
43.2769968923634
22.117834047946
34.3004086939886
-143.599323373517
57.356000624044
88.6707280818492
93.8602857855416
20.9462216470479
27.9522264459657
47.582164333143
-12.4679378721169
-84.3298116425451
25.1890117204655
-12.457255096266
-243.533981575715
-49.5726233807867
-92.2313097116861
-113.238167490523
-108.86760691815
-125.211714567262
-303.286973231222
-491.233638852766
-3.36146929350207
5.76593278263646
-268.24201011726
28.895149224033
110.7704855805
111.617459881353
3.40766351776286
156.717160662607
-65.0899877791356
92.4297839981405
82.8220009111612
73.9661445019376
-63.0550206651985
44.1110301821996
-138.799864125195
-9.80563067096441
5.51046137436921
5.71139366217596
56.7649817645998
-30.8194887583627
-217.346574522861
65.579534341273
-23.4681353478614
-86.3045582850414
29.7227179556137
60.5423733339048
-324.300867918955
-108.634085087325
28.5178073242423
22.4551194562745
27.9823369785538
71.7399885700758
184.58490597976
-191.050380065119
107.583261557088
-140.411213278931
99.7286430429178
67.2650785226561
-55.6068159381294
-54.7738985841317
-36.664376166605
66.2990785186631
109.021008452592
268.733326769689
156.086259975175
146.687064044622
195.87956442462
182.838877862769
-39.027243855712
-15.7307425680434
-356.831451539904
-356.831451539904
-63.6664129799653
1.76247373520228
-31.2949235251427
171.465910637614
-41.8334509731891
334.131798825191
-488.114701086007
-20.2625890166256
316.625091844541
-18.8351398714646
-372.383870939698
70.4227216015034
66.0831523767013
-37.2996356987724
268.41728499141
446.613884378472
65.7888504893602
29.1652590991812
53.4388336987454
223.384560683666
-1.0926850850154
-18.8840057099379
-20.0126008683547
189.095472411079
-2.47770162576796
-2.80945959453125
-2.56702107889654
114.706736994761
-77.1844582630212
453.763058113024
311.945362438571
285.306963574129
8.0253645930957
151.410360729912
16.0394311211409
47.9470367322924
-252.959537928483
-197.587502375774
-18.0559985487091
-10.5232911197234
-140.857707157606
-191.083284391029
-623.655366660376
-16.5565146989544
-242.896597065561
-68.2565985905095
-136.446306290969
109.405197575563
269.961590958519
14.1224271215932
-213.717011843784
-7.57594835537853
-13.8106895113598
-31.1727854576654
16.8395691264489
8.53259010853807
248.957034990772
287.82173875548
-32.7294401156023
16.6342179314183
197.711873737304
-27.3324358062508
-3.13501190427102
-1.1655075927441
-8.09689851196091
-2.84773936015778
-1.56746637603761
-22.1617842239182
-1.81115106088366
-5.32809887413385
-1001.05239941915
-3.58681706842006
-310.841934492417
-510.776231208642
12.0849759670222
25.5887734480317
37.3750574805096
31.9740163963059
38.8995227546727
-37.421338975056
1.76652910386889
-2.49748166255404
-247.797880146553
18.9853964798035
70.1606394257597
-12.9271924894937
-39.0321510680318
-648.521793989318
-22.9219620708103
-41.7625099801094
39.2174579831996
158.623008273104
-56.6993247658838
25.9900447379606
-145.227975953143
14.9797110284728
-2.49481231078685
37.4286000058228
14.3219834448194
85.9864716457115
-100.647465676441
221.386155570963
-12.2742373563727
506.107102718922
294.804490582947
-53.6810678650579
-7.82418098637533
-12.1838234092318
-4.6828663209087
-86.7378864197727
-152.483383888915
83.414087360155
-195.575851494864
-7.79693958460314
-10.06599184436
38.550004379958
-98.1028689909259
83.0286413820035
-114.69334298729
199.548828776956
-107.31730538393
-371.971797988307
204.411702214844
74.0060860238254
-111.043421915317
-123.079301338509
60.0131587465555
14.6291011743774
-60.3241781755027
-33.8777671424043
-52.7890239729658
6.25921689634632
302.502247920746
-0.845110757958912
93.7798580014623
-61.907881685963
-278.092276534885
91.6596932346384
-22.3517512996151
-36.8306195235753
-89.2456467825269
-94.908948187131
170.302097255727
33.9408879763269
-57.5654410199012
-510.966437232358
210.338392303101
42.4464326653503
113.66726710174
-441.979966963084
-28.4356762829459
0.0127437383989354
-12.1709345357341
18.5530200391052
-52.3710069752357
-42.1753150474919
50.4402915928643
195.311762814141
3.43435725704857
-69.9108867169229
197.553931713887
295.383620489208
107.868361378255
-6.34386408824042
-198.114659124456
-82.26978573144
-2.82315037030986
-330.2210605357
26.2150616677346
-4.69309805940906
-5.88746600139358
-5.99318995615538
4.66851186948267
-1.70214493537877
-4.46448742122492
-3.18891310407851
-0.400576868924311
94.525330632298
-3.22320405842201
6.34338856755186
-6.14460062512312
-3.93796602565465
-41.0061242109702
-24.8165746269284
-13.7430386964499
7.78806927241658
-15.8378998835526
985.087519041053
-4.27919334341413
-16.5745250863429
-24.4834852848774
-245.619156313885
-26.4110658001876
-5.04208208962336
-135.314303548492
-147.581368335282
0.779692127157206
-2.74691254542094
-3.89332249013623
-7.31132174358492
5.64764364170733
-3.00383202616816
-11.6656745110441
-17.6388143414486
-5.35631123388941
-5.30194516724548
-8.50760588491249
-3.5386630021156
102.703178436474
93.8753983672691
-4.46481359715052
42.1063253390337
43.2159055521406
51.0858674611797
62.051847926875
-4.72240110181644
-2.46686239684703
9.45645779279939
-49.3304643492049
-13.0676020104559
-7.32418056978302
-132.170470824053
-8.34756686571586
28.6492042298176
-14.2159926547787
-3.79733822754155
-0.82175493739968
-2.91359765737649
-5.06379560978469
20.9787114437328
-43.9739688903064
-217.077014518021
1.63553661874643
-304.951886264273
-92.490981330846
-1.95577513347438
-7.47939528932569
-3.2164468197914
-1312.99145857272
260.816935551689
121.564300243259
-12.6282721795871
0.489129381259277
5.68969899826379
28.2115095034214
-1.39569533633792
0.367285123049639
-38.0059373460188
-11.5955071652302
35.0074404939323
7.85747372639416
63.7504743871768
67.3434113906564
-216.396086110033
-44.534046519278
94.403652907096
-7.99449074622478
-5.21225335664702
-2.24154550394448
353.537765462271
502.236720385036
-50.0517259089537
-447.939674551832
-147.753958947799
-267.52116659929
49.3061504043582
100.015205314838
-191.283042810105
74.6642177637025
36.2619012035439
133.360534005304
-21.4434208628717
-21.4434208628717
-22.5450347092667
-7.38861164149158
43.956774200113
-71.8807649077091
-116.401963338638
44.9245629961734
134.935833691503
106.782639305574
-191.097647500857
146.543429886736
-295.907646341261
-88.7765892822876
-88.7765892822876
-101.364424539672
-94.5613347372756
578.903295744608
-33.046533449736
-8.60056293091266
-19.2114827452344
8.23113084063205
39.0694708223694
21.5074770199028
-4.5587748196401
-15.8773838446557
300.13661774704
-63.1374598811261
-51.5389407275192
-15.7738625764541
21.2030301436837
-172.356958899926
-12.7592609575941
-769.719491515976
13.2924459824196
164.558173273339
-1001.85973819834
69.1469980049053
-9.83673983258244
11.4377748387235
151.206995548727
-460.969361139098
-460.969361139098
-299.324102767285
-299.324102767285
53.8517818381122
-48.8643789999815
-2.66748347982264
3.87732574946094
-102.771274539427
8.4149088504066
-86.4926347610612
-20.0275292241348
-12.4240275981467
-14.0151411914667
-1.2478764201331
561.456456935464
-261.948904381905
-369.812495098819
-12.0393192103327
-5.5398417217566
-4.47179514307165
1.46685082744376
-23.9728397827164
61.6727740682241
-14.1185046583925
-2.64720372661284
42.1674041340849
-53.0073000583055
24.4493078804783
-67.1353223830026
-13.1491760254393
-13.9629783255169
9.6986357581764
-128.286180903066
31.9274985979301
5.07041190168623
-9.05228165411394
344.342804043534
359.685642302713
-19.7047965815164
-2.24304267042144
-33.2014590545567
-167.427604437062
-90.4502761297445
-122.086212057669
-45.4138790411823
-176.670566251908
118.894551344922
-21.1372609993912
83.1584080489038
65.0014463567816
82.4200848605693
50.0324373254286
39.2605394129441
20.730385563424
20.5670688539613
-120.773859342707
-140.528434623986
11.6370571519379
31.7993383834041
46.1929060686744
-72.7137123988812
-138.380693174295
39.5749298581715
21.1772431938933
277.277547757518
0.894847216184045
33.745817653459
-12.0290694213555
-40.4385191859969
135.746289273636
-143.721516960321
-279.303342833262
-62.887395368387
-253.138983409905
8.59645275351953
106.779947366352
-2.84773936015778
143.002031349634
-35.8916735444175
87.277397755352
-6.24620704262458
-8.29783483362178
0.0276413128156532
-4.54090138597746
-88.0835560330582
-5.11310959689231
-14.7058331566959
-17.0026149903675
43.3158334542404
-53.622677609061
160.08801426702
-11.7212897934461
15.5526976328811
-28.0475065113099
-2.55033152019888
-44.2572936240151
-104.365194516752
769.901025561265
-6.7481722829472
239.856713609949
175.7318661833
-6.25626491702613
-121.578126230672
1.60969107016107
-7.53305116359785
-7.14210475477231
4.57810467067336
-20.5887078181724
-314.228267693374
553.205555938773
-432.998484131518
201.802897587682
-0.730443853038201
-588.014407288991
7.53570723706311
-70.6877388927875
-87.8633834760568
248.674933475234
12.0880770511795
3.73330368670105
-59.3612319945278
-35.3410626678803
-12.4001039538199
-253.68118819747
-77.1704677432731
138.141449723402
-28.0465482850501
431.700073769021
370.285552553306
-7.18401181132309
-4.31505385508705
205.72422362655
-285.544322807628
-1106.31283718126
-331.168577950114
105.979784893093
23.5485613594722
15.1737578513597
45.3832713442969
-271.219838800871
-129.264016872715
-10.4604811162653
-142.281784202473
-118.23119328419
-126.67355226822
-364.633403421765
3.8587200639951
99.2584261605443
130.117380387954
136.054889859358
157.393853656031
223.92545623676
-3.41525487191071
-2.97288286241112
-54.983288819394
-53.8522519599819
237.306703494582
274.907038083572
-10.5848161636586
-24.101641350672
100.768068976252
138.855104267293
232.326377902512
68.3979024375163
53.23578021666
-5.64167306260324
-5.73106667314997
-75.3994393344219
-3.04897739273204
-24.8611311640086
-66.0022905368471
-1.22147219560004
86.212769702018
-67.8565089445959
-20.2266437970854
-52.7671640038231
-110.593151479864
-9.70904003963076
-1.0624146146998
38.6309896556445
-2.82221951640676
17.2664240826356
-2.42058797887262
1.08885470268498
-339.196800382924
217.426302615345
206.876928363713
21.2034120039504
-16.2538118863407
-4.17232452406491
-0.369965931157204
1.26566893662455
-2.29870077229984
-58.4746532168408
51.6257709244909
10.5139985112337
10.4609029246076
332.513995318062
-46.7204576820706
161.435700756122
-104.259373675969
880.052181198255
1030.44953784533
-167.675927551049
389.987903442093
263.179304798774
-527.543841453814
285.220617571763
-1.62677007713385
154.862566957862
162.471842899035
-1.3743634062666
-5.72573961077055
-9.17906274339947
405.827358057099
532.311095787997
-25.1830449089805
20.5996871250325
8.59064988912567
-17.0469316878299
-2.46658217813311
87.4627267087535
-48.1686236150991
58.7481545040939
404.892202010309
17.2333493433792
-9.73993035518134
-3.13920638119341
-4.66221508786924
-40.635032479181
-4.90675883673675
-3.35173611653124
-3.49188908166442
0.365124146047805
-1.59490505973273
-1.24851997576529
-1.2996793830401
-3.55796255146862
-3.07881762594543
-1.90593860517697
9.01632383571918
12.661055717956
-356.077710984687
-74.6822598732884
57.4300049299948
67.0588482819815
38.9556865395029
-4.83390508382834
12.838402897856
-12.085075989302
138.137434813233
73.9473246752978
6.1028410777719
-3.2855339814664
-24.5976124443905
59.945099187414
-88.9932855823096
-96.1666541352235
-12.4134770114734
-688.459512237618
-6.3390264374425
-9.67390106313709
346.340234005075
86.6132288227869
105.134456768879
-141.707850852078
-45.3941639219521
-150.517784118072
359.587638004083
-307.679734672351
7.61877438355147
-39.8557021938077
10.3925281154018
-3.76228341243411
3.03566393860874
-531.593937573361
8.24592057459142
113.220144791367
2.95054981813759
-35.3293759257268
-14.3414573570992
-17.0515497766352
136.150537444699
153.654587441906
198.753581755931
4.46345318465637
-68.6273202124764
-147.694197197434
6.83235714409743
-0.556260763918796
-223.684168804238
-2.02369287490994
-261.988368388223
-11.693308050571
-7.20893861222895
-10.7062357157061
-20.8623187573237
62.5899558870675
20.4542709685501
20.1448701708744
-88.7201675205029
-785.591832877943
51.4007331052608
-86.3384524719074
12.7302349262943
-4.18374167582065
111.730126245892
-1.82750882988001
-8.90139432506688
-161.960374157108
-7.33037283164095
20.6934048987712
-116.017281719941
166.924030217209
-5.88190382212693
-4.27553359706829
-15.2259394320631
289.926856937386
10.2544980994377
-15.2728718449362
-46.0389200815737
42.8551074707651
16.1362003085443
16.5160105224107
-602.801059681193
-23.4788689185045
-67.5793579098255
-21.2444115854822
-0.0354796158223993
11.4111186570351
-20.0779908422127
-1.16678352947194
12.5537503215749
-4.71245644980762
-0.589214403482681
-418.615905139595
93.9279026787431
-22.8816641536602
101.329432158845
-36.6606985412782
158.169995038709
-45.3002360802774
415.100041759414
252.401404750127
362.545569991108
203.435941261232
-58.2262576995249
-86.1138843335702
-57.1644514298542
-7.26486117604525
83.4483949066486
13.9367049703121
427.385347231431
-41.8515788728625
67.6707031194207
-4.72634013074591
-1.0751440797491
50.0823057434428
-25.8477254997226
-121.233344644888
280.266878423629
281.101998505383
-16.7265094600936
-120.415577465973
-8.02223105566593
-13.4983299325747
90.9941468707253
-182.777630204826
-3.61939269744584
-12.1547254418433
-2.77575427445293
-127.231204686081
43.1253334485716
61.9645572944492
-253.464703461954
288.790231846357
74.2465370724714
-75.2353575164293
-6.43568046202846
8.34612320491929
40.3961109353669
19.0909126198035
29.5919205885711
150.129634571857
121.221310160603
581.779411610123
-61.8106975166776
-42.1037923619475
700.405694856026
-284.179492398175
310.363533328667
-557.250456361173
47.2219237744959
239.553543201805
-45.0795189558615
-294.266992427077
-41.7944661533923
-346.880754461157
-70.2447453243717
-274.909039185598
-181.760927699096
-18.1108803243839
-372.769507072793
-1939.21221631629
824.804366806779
-174.096803741082
-6.39253872674101
-13.8612969413591
372.406411809393
-5.74611245703383
-3.42568774650319
61.0066569158703
-10.914205671233
-30.2380301904915
-3.24852089173621
-12.7936035924203
265.253506366114
-96.2608161676581
0.827057772887162
-54.2276345125808
-36.7037826737603
-0.961662938439694
-17.4143400526559
-113.925978053239
-110.195079043094
-516.276028517879
-72.4869868441041
-445.035243829814
99.8571846270224
-384.406104701897
-461.430555336918
-87.6700952493572
-15.2586761757738
-12.0720364371431
-20.8594428686895
-0.486559906503445
0.405952685482022
-359.483454045851
203.491191971042
-5.68432286497466
-216.082301469096
-8.77590584478938
-6.37148806379613
-27.9786062340631
-12.3376752753331
-1.83732702623135
0.327377330331234
-44.970553504895
-12.586893407943
-0.871239175366087
-3.01967939198587
-8.93359301380024
-1.20238565427455
-4.09754396306086
-38.2856971234104
21.2858931066104
1043.54954544337
767.444440963527
767.444440963527
178.067196899469
148.472820747215
13.3853106189263
-49.869406473009
-115.53597229367
-16.7841269382764
-104.056741467427
-264.785910072474
-25.5970520323016
42.6038110378502
-34.0109296241369
-479.636704714904
89.6541345294987
89.6541345294987
203.680835241706
203.680835241706
-13.9080464545779
508.923722002029
16.2536681724584
530.993237315252
-622.406923702492
139.119112560762
436.4266042863
427.330288659129
0.824855729378037
-348.774964779876
360.582674075851
108.44939831959
-12.8973512993748
114.992873278439
-289.862335624418
464.524707266239
-183.188908999322
-25.9301154967604
187.250350439503
7.42372407444763
-28.1657890552263
-0.917431756713449
-33.7502721744401
-0.0634817399322252
-54.5879776009852
6.57031544242276
-2.72267354042502
97.5746712200131
-70.7482069414193
79.6526987392802
-15.3923201765155
18.3105004519672
99.8754213127192
108.088646398981
127.353814716895
-244.209939946541
49.338688721715
-186.997072530364
947.317308063601
-301.779787550962
-482.304426928499
23.671996399315
137.18082740149
196.852411645955
213.126359585614
-71.683389839634
154.097351894349
22.5288200090625
-91.0481428978431
-68.7163887092152
11.3590638940447
-37.724223554306
-50.8526308027421
-70.6213497365468
-89.0326547778447
46.7741617510773
76.1488852847447
-103.454994486237
-53.4501040027955
47.9878916166201
-147.73737506016
-2.68186037577614
-212.918202369768
-5.48287677279497
16.1389997891764
35.2244014232064
-25.1083542428347
-42.5163016656594
3.30491575792093
-80.4863974770202
27.2628608467324
147.142429365968
168.713284978467
95.8238135784605
144.645795373802
36.6330136785269
-121.586947971748
122.60007761261
-3.66964072962822
84.9399094742013
-147.207290457017
-107.824700006991
-349.246586538425
-8.80480701089406
121.249969731336
-21.1146056326774
-256.977589083391
-32.3480212042894
-214.9066136526
32.1851450489459
-57.3559045400112
60.4170470964458
-112.89736021999
190.83743266459
-26.3601997186137
-5.9403818904117
-23.0157424860341
-52.9522308191024
23.1382475710486
-16.7864139959493
-18.0072187426921
-30.7192056670082
17.3277133645998
-95.2052052635028
23.4201525148318
1.71848593735127
-239.86981669514
-163.655495014089
-50.0274021900477
-255.017189470174
133.940186204273
-254.725411159645
21.6884097604781
25.5953388298411
-178.73468329
38.6077272919709
140.58971545852
-31.0158383770448
99.6359863266921
-32.3999195535164
93.7034523518622
53.9659290814703
-15.9454413935211
-66.0954458588419
6.52793975913409
16.6928803951481
-191.838218122627
-103.887916027339
87.6888375962349
17.7025372139978
-50.8980823670424
-1479.247506695
-55.7930874682272
-7.99562133015822
31.8794277929117
-36.4073393601431
0.749248148642604
-1.25015841546338
-3.48491568984187
-15.5207054387105
-18.1118210900587
-1.59305462958082
-5.51048830239992
-5.98130621430794
-23.524734155355
-23.4846468306132
97.7376114438311
18.7531844135656
-144.04140986364
-985.920301424223
-664.147291513932
-476.586513032144
-157.930316267901
-663.251734920376
-57.949084642866
-4.05950973487808
115.88378261221
-8.4556305388257
-4.64509227467826
-7.90363850347775
2.68129861097004
0.829164894358593
-5.54897324214234
8.55351681967909
7.05669580801018
2.49199475042595
-24.8147012603753
3.85535695724859
-7.74075317980632
-131.072239536037
-114.897435591277
67.8790761662252
-2.73082595722054
-1.79188358337924
-13.9608051070846
-5.15898151868567
10.0724947303894
-6.65352910341
-1.53175123446409
-101.161726245621
-32.4772707366798
-276.57320077237
-70.5355655086772
-0.37162670929653
-8.32992765069379
-55.051622195365
-8.02656454405507
-2.60588142975878
-78.0916058388415
-75.2512567819453
202.643608456539
149.767357320345
461.788034852411
-12.1339173434433
-11.3077224531634
6.38958933064697
8.31708668460382
44.1857104428233
34.5547029388096
1.3969298229294
-81.363674615593
-5.45696969162417
-2.70453692668655
204.009302167821
-261.259646898904
-35.0474650325617
-7.37434163358455
48.4948626835049
29.5971879009567
28.6093209598995
-41.7928398997592
-41.0436029889397
109.889596263142
-4.54583615205563
-7.29940334995726
-1.65030229779014
5.23839521463037
-318.691715517442
107.661026944189
-4.61197174126075
18.3317208238231
2.6565641482594
-9.16835652449603
-8.04842605655674
-10.7897678061282
-2.68939150823912
-6.55421866562135
17.1185083296434
31.3872842200038
-55.1394198319237
112.271571787087
-67.74533598196
-90.1583035411352
11.2966684997243
54.9149864372723
-4.23829526359046
-173.118275551512
-8.22760704601768
-17.4065270905146
1.90196193685866
5.97101678482705
-5.60186599332217
-1.44848276229503
-149.573471264719
1.51591405421571
44.9886582539491
-1.58505873134685
-165.478222642311
-301.219525645438
-407.596413870868
-190.802315383175
100.267540748811
-117.54079146457
-37.8963273885261
-34.8962867520651
-19.7258587280522
-3.85333865546031
-19.0122529583603
-43.027524486715
227.308352972051
132.868428975386
-160.507537295774
-183.973544121254
-91.4787103832981
298.554846337861
-3.65170481684396
-2.38843689865938
41.9424161088338
6.91070657962713
-0.630906238415447
-2.19215897156817
-1.17125110019449
80.0539263809851
45.8418944269169
-3.05260252645498
-17.6894612023137
-12.866704036102
-3.12894880822997
-0.272096788076037
-11.3744849251603
-5.59870316141435
363.985586154983
272.338520263595
-140.86393743512
88.8931318214172
52.7092310770115
-3.74764282798753
109.439149300854
-31.5531276008416
-55.1222177373208
31.8569267720521
-37.9018676055628
-112.526770961176
-430.848752689248
32.3727481346031
96.4288869914865
2.808267202171
398.154091993874
-28.49250248183
-83.7169012708358
-202.39305803229
22.6835881602715
38.7556612937151
146.940029086628
11.0883554279437
67.9942044495122
-114.618521050733
-126.630015702453
-122.22466649107
-81.3886355042554
116.88896143202
-46.4582178817836
-42.9029429700522
94.6624425802002
94.6624425802002
156.277060479293
156.277060479293
148.9497675534
-6.14888165494344
-58.1820740374274
984.185406260942
85.6061987828399
80.7126071975685
-45.7502508404957
-15.7344057959501
-108.039985713606
15.5594234146954
-55.539141878994
-230.191726424099
-6.69730605603324
39.1428500659492
78.2662061913257
-3.90503157234814
-1.92388900225078
460.189639257186
71.481238457384
1.78214953737648
-12.2530263646327
-5.8200717031691
-6.77797709195428
-9.3160055615029
0.740114397454471
-3.6166210034373
-18.767067010253
-16.2087636106051
-4.67052619215429
-1.55329693348816
-4.58939880720559
5.08246376607083
-6.80823111063108
-2.29022160067165
60.1481893422904
3.78898958264412
42.8412074966183
-1.61884480812265
-7.94935697019172
-7.38477572368353
-1.22707945772365
-9.94434076997947
1.12615123494753
-3.80484788052738
-3.21357774868899
-123.199539868972
-138.577100274295
439.910985673606
467.746135275527
-147.005823584429
-5.2915978228917
-2.93670912429072
-11.5489469599845
119.896448576091
-109.058038735108
-50.0855349487236
-64.561845803566
-200.124794315274
55.8922646097442
6.35087412663082
-2.76390737224833
-135.52318986249
-549.333838736698
-6.32752906439559
-255.498247280561
-16.9896027784884
-12.8190405253076
-28.4275606460041
-26.286789718749
-6.15288399024264
-5.5238229113979
-12.7455644103164
52.8358680738382
45.5156210234118
-4.50725055984312
-38.4888589536668
-31.4219042425682
-83.4186228754197
-133.928417691574
-116.686501862892
11.4935039455024
27.8623268374023
21.3276836740331
-53.7680892980518
-74.558002832007
-34.4488065584126
8.6939239882027
-5.90724335204706
-3.35550016153667
1096.09932613876
902.001519507044
0.326871202813873
-18.0140807912172
-8.22750222598938
-195.525509157592
-71.2054118286738
105.141208456317
48.4973402236635
-228.624658526629
1.02418174558089
-21.0225592347743
35.2008724963194
-11.3331176309342
-2.15637639277813
-19.7782023278769
-11.5492893036824
4.15655454216881
25.1914732942163
-83.6287216288373
25.2733044623714
0.0393782450498672
-26.7627824404418
-555.263572409983
-25.1911517890988
191.262818660388
149.115029156995
249.060476819415
-343.21818756084
259.949536230299
-298.244330144298
-156.759587958281
15.2702499642642
-1045.27761663382
-720.782943978495
-177.446921738527
283.376169859909
-249.833982554062
509.335405582848
-56.97836639982
-449.931349014338
-16.5237233506919
-6.64854258846052
21.4680450392643
15.2813662890393
15.4199957966543
90.6840413127286
-94.0149942620897
-17.3556698062269
-10.1234731408003
-98.7087291980275
177.550394297153
140.6825366148
39.6279578436781
13.9970779273011
16.2634497712396
-0.594007418123586
-7.95853374224643
-3.93450371534885
-8.5602196098329
-8.54315413125282
17.0177592679328
31.9458302922093
3.75347546898845
-1.53268544596133
-5.88181090610304
-22.6343214816679
-110.37940065704
-2.8328501646562
-3.06415433066253
-3.35111506537778
-4.79019844678338
-239.736837676924
77.953862499833
-283.025656666349
-10.0629041336076
-21.7612814035008
-87.9943114636711
-49.9338275208535
-181.697792559609
-120.809239603951
-93.9506180944181
9.46832909226348
-9.6098737459772
-6.40961667134263
52.4315047411974
-140.070282825358
-39.2076945458425
-12.8384664360897
-56.1858610909126
-525.629312972372
589.556186021351
189.731287883026
25.4816900673543
144.379873228837
137.292774403539
73.7467907401921
73.7467907401921
26.3514537356585
-217.799308481664
757.697248684243
708.226261197148
532.550964464716
-247.765743120861
301.503607609959
1.94469494355356
-4.21096044310186
-4.75244278880917
-90.8166743933706
-5.57195189942031
-8.54715805795707
-36.3584252936141
-6.09130782610917
-5.71254476443444
-3.22981877323719
19.7808561731828
-303.813139827857
-1.71763950642493
31.4553190793239
-54.4313179673182
26.1577527590474
18.4744182040176
-48.334883026112
1.9305333782887
-8.83380805683368
135.765533704672
-9.59642467009362
0.221123660540844
3.27492397986443
-4.60905109639708
1.06722270494412
-10.9915656937677
3.40257355529841
-15.1630846185583
-6.84109425226567
-9.48559082078535
-104.369250281009
-53.1200862228447
-44.8390610885342
-18.7801556269698
-11.0098558662171
-5.18071013830195
4.83024085668591
-5.13688637839772
-22.8175189198805
-90.8760074278642
33.1428088879217
-29.1693455348534
737.305046740759
253.464021885531
50.0320618239405
-190.796495954635
228.105191316063
-159.268831067959
-157.277706764511
-8.01842160833738
-171.025701930131
7.47323307307381
-6.40801707499054
1.02062187713261
-47.9906646502587
3.67582210816381
2.29718059669719
284.441868373234
296.24802846776
70.5281421367063
110.506726059803
-86.1241324048572
-86.1241324048572
100.957406762812
154.235037531737
-108.147176362574
-33.7903415891649
-18.2325473474545
-15.4246008362364
98.0380021153731
37.31529927772
25.3156590020946
-33.0869288653377
-62.7340392850823
-87.3884171857851
43.745658872
-13.629347141339
-137.067337097993
-60.67472598733
139.899533393245
230.248446044953
268.242569226741
-51.0446046201763
38.0633198162745
36.1756082058882
-23.5121056571104
235.250064207028
127.232508844178
55.5401923147844
55.5401923147844
65.1673475513917
65.1673475513917
-5.49862179291542
27.1615035424656
0.593976254717123
-2.45359334950855
-719.939182374634
-10.778468767821
54.8889762852177
60.4948395810942
-42.9086272898566
-80.820518839908
24.6532437818864
-24.194189718572
2.17697081690765
1.37736675418116
-2.79669967265573
-26.8445906220352
-3.82274148735919
-2.3393435105457
-4.79622308168571
45.3387629429241
45.3387629429241
-4.41788728547689
-8.15436226403257
120.697490573365
55.5391819076884
74.3092977208417
88.5595290983082
87.4277676773031
63.814059976907
-218.355787767281
-2.80498475475023
159.723351037178
-11.1586628615058
54.2823762004961
-180.191583766214
-169.249415953759
106.440831295898
-380.691714736062
-190.605935781169
180.232954157328
133.159032550927
193.606110740037
-3.33204198545098
1.84802269105353
-169.459939347989
8.10840518913763
20.5639609924419
164.130792236508
-2.6167093974569
-1.79814967905452
84.6942585903413
70.3691277647997
29.0787497854369
46.0069777154602
26.0649152097366
-31.4528073519148
0.643720150917662
68.3370592906055
2.64653590003752
-91.8415754971026
157.280907586299
-82.6465578132971
-32.3086472695289
-85.6720744177039
-37.2164197702952
-470.508154302884
-470.508154302884
30.0627154247925
-32.2514673812681
-171.345667194483
-200.565662297717
90.6542614771055
-3.75452993906763
-107.764846114222
-38.6482102394135
-175.109235049672
-51.746415297689
-6.32832550326124
-129.049948987929
-65.3217687648467
-17.3968392283512
23.3060795724724
-508.453152960857
50.8104474842717
64.6535932159222
-10.7748673921315
-94.3222102475303
63.4310486931895
27.249261396
28.2397201051065
-3.7759113278584
-121.320460743432
95.2629509118371
-101.981525961487
88.8093693396086
-63.9331974034858
