0.00104185578156519
0.00107263504691758
0.00117403517247129
0.00103978627197395
0.00105738316710708
0.000931087852845319
0.00106366274548784
0.00111309202330748
0.00108155061352374
0.00101424300742517
0.00102808071555506
0.00107630244472866
0.00120803736241141
0.0011799397193701
0.00108126593569843
0.00114542752936104
0.000986858054267743
0.00110677285421651
0.00109872836769895
0.00107751378563191
0.00125622497800796
0.00115362273180899
0.00115694371663059
0.00115348103134245
0.00120091362896875
0.00110026741700423
0.00118457919347093
0.0010996516640369
0.00113458529508604
0.0010266349649128
0.00105569717014392
0.00106735212648793
0.00117719613289864
0.0011613938729081
0.00119838648227435
0.00134082313515657
0.00125139007862818
0.00113191914138461
0.00125522908642509
0.00115705371068041
0.0012800616969339
0.00122699546723069
0.00113878577827435
0.00108952866493594
0.00119816427840777
0.00122130981184105
0.00118726634153373
0.00126092943886127
0.00107619302408234
0.00124550699645956
0.00129278615813019
0.00114782945223434
0.00130719664815218
0.00110521485754909
0.00142200856459813
0.00110668122197602
0.00129236678857545
0.00108998161456992
0.00113090397362141
0.00115853512499367
0.00120603011535586
0.00129621871324968
0.0012939529117415
0.00122778109628695
0.00121312768878124
0.00117724625957504
0.00131603932980957
0.00124854000946681
0.00131426708664679
0.00119071042142226
0.00127111539671519
0.00113626518098986
0.00122157537164124
0.00128123280835215
0.00114976513007464
0.00141254238776445
0.00134763322593358
0.00131175314537698
0.00137997216115942
0.00126766519799841
0.00148071147396149
0.00128629420201356
0.00132836145233434
0.00142403824604094
0.00132695451012387
0.00139057286901516
0.00137497135633437
0.00138524258803649
0.00139194280599413
0.00132774012168801
0.00141498127285684
0.00133977439962733
0.00124631736836654
0.00132639483172843
0.00136739285396161
0.00131717891899062
0.00140417243368134
0.00132766743345416
0.00144950940599924
0.00134535619439569
0.00145862003291024
0.00142045652742644
0.00135225495226236
0.00141618865017333
0.00125685184376971
0.00138133141448597
0.00132220807371175
0.00152418144738318
0.00144623794011011
0.00153899875511718
0.00150460612878101
0.0012866195378669
0.00142237269425104
0.00154152510039385
0.00166090215882659
0.00148425739747524
0.00142650366372908
0.00151369375456511
0.0014087597755328
0.00144277562428552
0.00148698552563616
0.0014747398192234
0.00172643140885346
0.00148113524864536
0.00152983017419926
0.00137949901659784
0.00160503417208508
0.00150293788608238
0.00153699226904971
0.00143339209147121
0.00138514573776796
0.00147189969868101
0.00153772611028234
0.00134591243491074
0.00151504215650912
0.00132875124895867
0.00136180932045217
0.00150664683164145
0.00163256344404041
0.001519199608094
0.00142452000696848
0.00156892189955559
0.00146786790022994
0.00145935710765807
0.00150324933466581
0.00160708787678062
0.00160042279708094
0.00153543619550499
0.00160303954875413
0.00138974220556335
0.00156290545749274
0.00162658955146113
0.00157173244022684
0.0015732008366053
0.00142488157542971
0.00156848080442391
0.0014337120453242
0.00158769982863925
0.00162495946942625
0.00129410327778442
0.00163664980872699
0.00144488401577255
0.00163617660372809
0.00161071179299733
0.00143544779522362
0.00167106961490932
0.00154166502843989
0.00170132501904304
0.00162803082333776
0.00156390735217872
0.00160607357328942
0.00160699252466508
0.00158618970452847
0.00158371368536417
0.00156834040375409
0.00160452629894525
0.00171456010742387
0.0016630894624981
0.00156806658399206
0.0014656989285965
0.00167272898021177
0.0016689370481834
0.00176047761487243
0.00172621248436933
0.00143212270158827
0.00166899469588948
0.00164245028481589
0.00165909019103649
0.00165502177343386
0.00163396372606642
0.00174699560589013
0.00172037476851083
0.00184101601452576
0.00175155279229603
0.00167096671985693
0.001663280712771
0.00165746407436614
0.00168012055130267
0.0015549518656342
0.00173351030088704
0.00153093234876226
0.00176598659525152
0.00160369476395131
0.00181197707975309
0.00174980838044515
0.00157961637873217
0.00173782863881363
0.00172329321260191
0.00174976388044195
0.0016167270311196
0.00174165252812243
0.00175497149745399
0.001986858025167
0.0018587829714819
0.00186857055221993
0.00186548319032822
0.00188298624882121
0.00187917414467023
0.00175979554200157
0.00193691966028836
0.00178051899962003
0.00181936154855858
0.00191258633620625
0.00158303666259886
0.00178065081920016
0.00143669834474025
0.00166569637111888
0.00190683505768299
0.0017892186826268
0.00186071085663241
0.00176430079919701
0.00181318471594509
0.00182962927724368
0.0012908112730347
0.00121691682906164
0.00119886056649803
0.00103010776224313
0.00127886516569237
0.00149183596449839
0.00130364611391059
0.000966063163345232
0.00101987895060997
0.00104376575699223
0.00105828045266437
0.000885611134181042
0.000600716421949262
0.000811986678102255
0.000910403378711839
0.00152725157689937
0.00162163786897871
0.00139301823451851
0.00172341277326181
0.0012027108606233
0.00147743974736792
0.00100418565210867
0.000520829365865915
0.000692261456929515
0.000605605139787594
0.000860772593708523
0.000775601390491621
0.000861701106524026
0.000872513720373447
0.000892811775628793
0.00128017683850494
0.00114223658831108
0.00122568529653959
0.00123281449532456
0.000871669135182602
0.00100025389186124
0.000939164951796661
0.000895455484706053
0.000839115904828954
0.000873202891876635
0.000954103816560219
0.000950961496622659
0.000990443744143061
0.000964205969177575
0.00090205201618367
0.000935672896044307
0.00106502630851636
0.000948200400206567
0.00105290015334921
0.000974861400567156
0.00112370140068069
0.00113145467825208
0.00136579529782298
0.00127562459139742
0.00101345102214973
0.00101275719399611
0.000902289568960775
0.00097199111522586
0.00093295005061684
0.000966496126927155
0.000992292248030554
0.000887207687811297
0.000819096138005561
0.000878765742804281
0.000948382570278037
0.000886275929402467
0.000789702095554995
0.000893362284165795
0.000837611206187944
0.00081071847160384
0.000766781133669405
0.000756785825123099
0.000826201432884116
0.000799921180650697
0.000811224472151125
0.000730404706221275
0.000677978575782169
0.000663728138794914
0.000758393015285188
0.000682779855195328
0.000681100643663677
0.000615708759695545
0.000670375858316921
0.000652221606516761
0.000661188034804379
0.000624540414443324
0.000643323270847936
0.000615193336315642
0.000570829815457458
0.000525313069811189
0.000577910429567617
0.000603186649169239
0.000639191084792904
0.000574818969720101
0.000553319490572075
0.000493952405030976
0.000504936749838781
0.00055089103822374
0.000573376868532615
0.000517434661669828
0.000500687376926655
0.000442586560419087
0.000506303092961578
0.000465589028821957
0.000465187738522561
0.000483226858000306
0.000402978228122362
0.000533998106935177
0.000462909963841192
0.000450974538295022
0.000400482288321555
0.000355976314773207
0.000392272350719284
0.000362966571973513
0.000429179323516505
0.000469762378593695
0.000336999681944588
0.000399008533004768
0.000379607015571118
0.000387151173627643
0.000358897193064888
0.000340759758677428
0.000333475971361062
0.000319465042019301
0.000347481261327735
0.000356445631299244
0.000366570226302321
0.000367705440091023
0.000337492077939084
0.000310929862935317
0.000324592003289218
0.000345780661068891
0.000342887349381701
0.000330257371321654
0.000308578843664973
0.000310007843923523
0.00026982233952549
0.000259909702160756
0.000308691763932607
0.00030905927806653
0.000260423270665399
0.000305238448417733
0.000263848390137626
0.00031025354609191
0.000288028019931664
0.000248097422384463
0.000270436252629634
0.000223675241087988
0.00024077814189296
0.00026039619004043
0.000228778719217192
0.000242615735071854
0.000250943631645493
0.000234145732274149
0.000252471939502049
0.000256914841417511
0.000277247478538775
0.000247370635907713
0.000221349958494773
0.000243966687463818
0.000187268456936341
0.000211431423309347
0.00023892259624759
0.000205453031648291
0.000202726468114907
0.000181223230153025
0.000250697957038367
0.000204245629962823
0.000200756230120153
0.000203326210679756
0.000195410201648327
0.000209064457342024
0.000194084882406183
0.000193340440913176
0.00018811506752287
0.000185724475866166
0.000197303216013316
0.000161127020529411
0.000186113236101819
0.000155053369523021
0.000172344962206065
0.000183688603798986
0.000216060137432693
0.000174909713408175
0.00015200843437281
0.000219546811176785
0.000166594972555837
0.000177263605807772
0.000175363604896521
0.000170514153079212
0.000182952444485331
0.000154930479445776
0.000178059209111829
0.000140479123189758
0.00014568973631266
0.000157752539395265
0.000145985326897153
0.00015395367093861
0.000169137365020057
0.000132837316320641
0.000163302576162551
0.000138841202971468
0.00017611270045187
0.000155077487730883
0.000150741096699802
0.000153613304318149
0.000179844886861837
0.000154304350442498
0.000151437342728213
0.000171437182585591
0.00014980672834132
0.000170033460408765
0.000145265701937638
0.000170093509813524
0.000148568513222552
0.000129350348686486
0.000152576279247291
0.000145046178415983
0.000147334436621573
0.000143856225737577
0.000154939274868519
0.000154168366591898
0.000170952298846284
0.000140569572652287
0.000163802925818073
0.000150180709219295
0.000143622986940158
0.000164493920980211
0.00015462133491822
0.000149402537534986
0.000137152069683617
0.000151635270831725
0.000178542150894162
0.000141765534136693
0.000145920881552457
0.000158334811997099
0.000151202347025148
0.000186138486795512
0.000160759494835325
0.000148493558474264
0.000134427653980829
0.000168472133436866
0.000160428625942296
0.000158896692891102
0.000134184493004703
0.000177570352251503
0.00015343788791613
0.000175179511918788
0.000157744109858837
0.000139302027736012
0.000163887540988028
0.000159131262466305
0.000158087235471767
0.000164029166719112
0.000140746842533782
0.000141143245688436
0.000155254149704811
0.000161633942999396
0.00018710565968081
0.000162273607198166
0.000169840479256282
0.00015023922509687
0.000162870397827123
0.000147240622638221
0.000158896828082196
0.00014575348278616
0.00015779785335276
0.000144692376960527
0.000154842277284822
0.000131820955935671
0.000168573432436943
0.000141323132954441
0.00013757864960776
0.000131995388547996
0.000136254114803645
0.000134990930283383
0.00015228421047964
0.000163054596102113
0.000185922811305155
0.000143183819507976
0.000158059618599845
0.000185477067270179
0.000165312080872145
0.000372346838006213
0.000353003697648896
0.000348872480730091
0.000430018336477875
0.000444017936350248
0.000449415783080793
0.000368952932913248
0.00036450761447666
0.00040422255244155
0.000389939394949104
0.000508559326438757
0.000371201513573518
0.000371805494024519
0.000369007535641934
0.000384342375518582
0.0004928521568727
0.000414907389082955
0.000401869548252351
0.000403815113539264
0.000458170157798778
0.000502021259979282
0.000501912173398972
0.000431290077327768
0.000466413460934652
0.000447572147228592
0.000453307227607714
0.000467696959660091
0.000509901379281799
0.000540694013085433
0.000493875033820903
0.000453830997070433
0.000464002755279227
0.000518402492041464
0.000443116161880966
0.000543502039470391
0.00042861023963462
0.000461650750038015
0.00042970955001989
0.000440170101724276
0.000506037834198218
0.000497423507186371
0.000532284459045857
0.000582678671456032
0.000619644964134504
0.000560571346547962
0.000488295444223244
0.000577106001327444
0.000555525111325153
0.000585239990968613
0.000534596083836206
0.000501226913570809
0.000488252300491128
0.000521448272311874
0.00054493372900677
0.000572580561583637
0.000577777157251144
0.000473373682288418
0.000501776055507436
0.000612032443627372
0.00053099357719238
0.000625247360888085
0.000523352568562754
0.000673795644074528
0.000565608309813469
0.000594848137066688
0.000586651186451533
0.000584903084211516
0.000624346354874057
0.000586200717783542
0.000670694594777569
0.000729203361047941
0.000592060253868595
0.000632793315326315
0.000591079946833464
0.000554895169290755
0.000668459261009682
0.000724270750828911
0.00063270039431496
0.000651692002604343
0.000581753455817632
0.00063994063178003
0.000657143745295812
0.000616030980740133
0.000715864691617091
0.000681224020748277
0.000723410793457051
0.000699919936618324
0.000687077404041404
0.000797903390405936
0.000624585282761028
0.000700031570765392
0.00073164240027593
0.000708538538826755
0.000756189837631951
0.000746826436317626
0.000694182070345094
0.000780333052969867
0.000778623122143592
0.000814565032901747
0.000750184770963711
0.000766237130591373
0.000672707233131515
0.000760018949960791
0.000752097652966535
0.000859757129243407
0.000811425576460867
0.000847509796042521
0.000730691935627447
0.000806953094413089
0.000815261885666854
0.000795275331445723
0.000922000702650928
0.000749335750057648
0.000882274383460964
0.000827924999076468
0.000836999329076697
0.000856689983577479
0.000868443744103964
0.000997951964748652
0.000778170944124937
0.000920933891578055
0.001030042025085
0.00107982015325761
0.0009373330654707
0.000882863634511144
0.000988687877984069
0.000922623202271733
0.000958876319651451
0.00099768905013056
0.000941186427780129
0.00107106795829734
0.000976427845907211
0.000982765672255356
0.000943553162717394
0.0011084315202526
0.000934043275802409
0.00105892994606525
0.00111910842412094
0.000942544361760814
0.00100719156970831
0.00102959399015515
0.000958584853318504
0.00107936336366343
0.00102033218100258
0.000990352881574881
0.00102703618639522
0.00118056869472217
0.00119664970459028
0.00100349703449277
0.00108577333508095
0.00107072735866627
0.00110152565498334
0.00110098063481231
0.00113835060939591
0.0012654145987952
0.00118997500961705
0.00129906273047401
0.00118142987655989
0.00115686669583255
0.00129642374177459
0.00120587462522526
0.0012754166912036
0.00105316243079313
0.00116600577529858
0.00115396245890967
0.00127840328256334
0.00121763909188026
0.00117074877101373
0.00130764154830278
0.00112255012008756
0.00134676728597006
0.00137056003037674
0.00129919503408089
0.00134372808757294
0.00126082279110869
0.00141149707780376
0.00137599993137824
0.00142299427330086
0.00131396120708375
0.00133264189832668
0.00135417135508281
0.00132839265933204
0.00128435939243563
0.00133681960754078
0.00147470252921982
0.00135594248913477
0.00125274204244549
0.00130329810630086
0.00143283827747436
0.00154218193055512
0.00144407564687686
0.00147223212742449
0.00131402586521262
0.00140447634268216
0.00164943702874758
0.00137260426085067
0.00144017277333336
0.001413185763858
0.00150794500788908
0.00156248051382353
0.00155921768944565
0.0016130704627511
0.00155986824560971
0.00147577127194387
0.00160983531595659
0.00143586877602418
0.00153564971382936
0.00147698959993723
0.00147141101528718
0.0016782624083247
0.00144291422733983
0.00179395729591398
0.00155458508993494
0.00151640494879917
0.00164132066830584
0.0015541792988417
0.00171813078505494
0.00162402724809806
0.00157400781067254
0.00164741862810238
0.00176130938396904
0.00190411747832608
0.00170806372017821
0.00184063038332584
0.00184794226966177
0.00172311246142159
0.00177419584959522
0.00204203481018389
0.00175967826517971
0.00188753821668782
0.00169047299006767
0.00171460189523312
0.00190746723850687
0.00170677424399648
0.00173608548613417
0.00183639040248167
0.00189723931254425
0.00186867255730813
0.00199819625365557
0.0019700263830009
0.00210098785427752
0.0015904149282007
0.00171169067368227
0.0015263756529446
0.00155150324911931
0.0017178835103404
0.00202125234328629
0.00169771946614332
0.00140281898680192
0.00130701948899077
0.00154203009758566
0.00155341954599724
0.00124266128460137
0.000839059295879419
0.00112121848408269
0.00118164119364113
0.00215463763667685
0.00257352444009955
0.00210983774756783
0.00248668511402113
0.00189917488181417
0.00226749458072507
0.00137566875971833
0.00080515043041261
0.0011942015723419
0.000979097046560056
0.00132914183419657
0.00125009096910251
0.00128738545488317
0.00145499824772521
0.00143821445506777
0.00202718030818468
0.0019603347399138
0.00189789733107162
0.00201685204348288
0.00147567817903359
0.00171551709489659
0.00158371548392138
0.00140789023365809
0.00154534977827988
0.00152137220386526
0.00164243357376434
0.00166375726067998
0.0017136554958673
0.00167803105938188
0.00158216423972793
0.00175382140164682
0.00189049596208924
0.00166699508182354
0.00202015161563584
0.00180300847926197
0.00207565144539571
0.00208004153150578
0.00247228790593197
0.00238776862869103
0.00200326524171902
0.00217382619576914
0.00181422162727695
0.00197627204063379
0.00200151164253113
0.00208342828660905
0.00193063865818118
0.00182302506485685
0.00179488890614736
0.00177202841946449
0.00204246639029489
0.00196034862180967
0.0017857533462376
0.00199942194973318
0.00186373418785483
0.00184171958808086
0.0017026117749079
0.00169819551904812
0.00189374428198491
0.00183890231458085
0.00181749723258417
0.00173741871579373
0.00159235631121745
0.001613237645223
0.00183523222811756
0.0016823513208822
0.00169375271800427
0.0016201812005866
0.00162012995163061
0.00167843194178479
0.00176520978856832
0.00163706634536692
0.00163833251030921
0.00150959333319547
0.00147804489422455
0.00153581374708949
0.00146607934846825
0.0015763908391869
0.00158466447430608
0.00152739098021003
0.00148269911529388
0.00147453906453468
0.00141174233670079
0.0014469347339858
0.00152139095873879
0.0014776502507974
0.00142010257078085
0.0012826211509728
0.00147363861732415
0.00143222321798343
0.00136433595100101
0.0014659653044619
0.00126103276103464
0.00146782934455031
0.00128384009019427
0.00141168398022797
0.00125906920810345
0.00117945861898563
0.00121105410275532
0.00109448774293565
0.00121581588215969
0.00136040455861583
0.00116029706394493
0.00124275326771037
0.00113237148593489
0.001157617457705
0.00118237742499266
0.00108797094532021
0.0011406454855731
0.0010572588749126
0.00111334397275036
0.00111575729355341
0.00109927185397816
0.00121635654200218
0.00108190976936128
0.000992365987567397
0.00103450787314492
0.00108188358457211
0.00109663331724
0.00107896285827247
0.00107194099510816
0.000988779707620568
0.000837990551762371
0.000902447668864027
0.000958434465196399
0.00103334471890578
0.000936607744558072
0.000935027526804804
0.000910665486685189
0.00101237391497539
0.0010178767931222
0.000842122407114214
0.000888898698317049
0.000814974693209629
0.00088097398173433
0.000881363262838493
0.000832939413918288
0.00088115343138304
0.000822348626013321
0.000849404318806209
0.00085395758602174
0.000875761689299584
0.000862339110984554
0.000766361508738702
0.000760233198564323
0.000756379019865046
0.000711648044546197
0.00075214037674793
0.000742202896510845
0.000698040205300925
0.000661480533431741
0.000672214642718162
0.000807763513168534
0.000711573238060969
0.000711933592316387
0.000660825492965876
0.000718124200864034
0.00073847097258627
0.000703821235635621
0.000655229106410036
0.000662457167605983
0.000663618275016485
0.000662113619611742
0.000506556818425884
0.000601041967217485
0.000522499922274412
0.000633993596594104
0.000646615287548008
0.000748973422954326
0.000675222154632063
0.000549348359736708
0.000729505840390066
0.000545637732430098
0.000597694691700359
0.000616287890492376
0.000564241157015012
0.000652556796526517
0.000607156370624141
0.000675685962511767
0.000537086461965357
0.000532964352998854
0.000550971938693649
0.000504122551547707
0.000565798960002074
0.000523707108785266
0.000546314086277054
0.000524262457132167
0.000453742422747342
0.000555567614806865
0.000514791171735042
0.000485933526455181
0.000516276796158988
0.000548797377702722
0.000509552470579107
0.000513000366444442
0.000498596436920669
0.000520672013374825
0.000543843602034855
0.000460033917387019
0.000548632741702196
0.000446726806001277
0.000469343666716662
0.000500571805171466
0.000504627321275764
0.000465728999547995
0.000494302805908513
0.000536634804514374
0.000567828091643213
0.000512400092071964
0.000486365897809092
0.000493626641470969
0.000528654154938018
0.000485109782115613
0.000515706302428249
0.00052164352556433
0.000467716649777979
0.000525612970201117
0.000479035708842197
0.00053932436714893
0.000466032982662097
0.000440319313577561
0.000493190604265435
0.000476509600052451
0.000634554173406024
0.000485567299227893
0.00044228025442463
0.000467416187510274
0.000515128638416187
0.000482533494016635
0.000528270578594683
0.00046001071757413
0.00053006165218163
0.000481113572729877
0.000555420269888163
0.000495210324673337
0.000507237548568337
0.000465327780335939
0.00049168537468913
0.000538626739169449
0.000505756173036487
0.000452423661030446
0.000454362223427009
0.0004990573570273
0.00050755026891811
0.000558595680317839
0.000491029133489326
0.000489571316036797
0.000484939383586809
0.000507424452534444
0.000490107197723087
0.000465179439699506
0.000447869733616962
0.000527075931356254
0.000481740043659309
0.000535035526865646
0.00045382232212844
0.000511797121264813
0.000466557961279644
0.00045657651674392
0.000448055346161803
0.000434992113595571
