0.000481733956191231
0.000459045261005118
0.000429528051191916
0.000434494243762163
0.000449477893630947
0.000383341833786655
0.000434949245370113
0.000443951100038311
0.000449399638028966
0.000488250005059866
0.000437355774311392
0.000454312524395686
0.000477813053657393
0.000495972911416368
0.000542734077402494
0.000467969933388285
0.000583261723668428
0.000472073947562127
0.000428826888406701
0.000491259586398456
0.000467036477523912
0.000480551677980286
0.000456308979751352
0.00051341793921593
0.000505073229578809
0.000504825322891124
0.000606507197660443
0.000481964152267216
0.000505963538335689
0.000552966422820285
0.000472757787118061
0.00052457194818285
0.000536674723235823
0.000533848801977313
0.000616542689020515
0.000580167032826489
0.000605403449643724
0.000529558984240888
0.000522844888985523
0.000572404445249371
0.00054526528247498
0.00058643204371479
0.000640323438947074
0.000606179698641532
0.000603402856346376
0.000597631657831656
0.000665593084512986
0.000641588371117725
0.000564368592123389
0.000687072738163902
0.000590150832585761
0.000629945455254275
0.000649111375257278
0.000647009193258537
0.000656275371161081
0.00066112958685242
0.000677029808582811
0.000769690880266902
0.000688759412949543
0.000772625626116569
0.000668179144487285
0.000710676171240638
0.000738657607702185
0.000652939668470858
0.00077904121778658
0.000698445612148801
0.000725309526889521
0.000699044988249982
0.000752866754157316
0.000660066298141148
0.000793091082701278
0.000722495667959322
0.000826927413609951
0.000667763021776421
0.000706521245769246
0.000817904409966564
0.000754019332332502
0.000794854049984921
0.00076230394140893
0.000762165045069471
0.000769770531812109
0.000847442274424212
0.000907171797317613
0.00084881428101602
0.000814918518060078
0.00085170541883848
0.00087147240400624
0.000949683894460314
0.000887500864449265
0.000855759873054253
0.00087602174809273
0.000916913482246332
0.000987914408016695
0.000956107041672373
0.000999261779033387
0.000858688785602393
0.000985604328620131
0.00101347965183459
0.0010279646445369
0.00113389802053614
0.000916551415647392
0.00102722539452868
0.00103669500052872
0.00114544127043895
0.00115643709604905
0.00108333341572449
0.00110080231932064
0.00112318072072799
0.00129846232786911
0.00109739563569324
0.00112845509051454
0.0011136718907649
0.00116311394500368
0.00113437826057879
0.00125620511747908
0.0012351696019718
0.00119343695063201
0.00116506008867819
0.00122692764375585
0.00118655173476839
0.0012641555886796
0.00118820456336269
0.00128927822453025
0.00141037394432297
0.00130613617732535
0.00134563243381617
0.00127010637560153
0.00138645771990198
0.00121197656589056
0.00144639145203049
0.00139228504941962
0.00132339066357101
0.00141980865213388
0.00141048755025463
0.00128918298108214
0.00149405716803142
0.00136890052790981
0.00162310508255106
0.00146067595114883
0.00136175191794045
0.00145718218267514
0.00144947271498635
0.0015008406262032
0.00154308922931902
0.00143414174968098
0.00149707464596138
0.00166502610480807
0.00167440992531208
0.00164116218781062
0.0014610581920143
0.00143218544582775
0.00170290487836148
0.00152963531851482
0.00161785124941337
0.001723213288031
0.00169966094287338
0.00183620678613021
0.00177573707925903
0.00172370963267045
0.00173996809013439
0.00178480085712999
0.0016588308415026
0.00168301100107003
0.00173642901958511
0.00182997224976994
0.00172663799312296
0.00181057373954177
0.00168910626979542
0.00173564582107156
0.00192874347984126
0.00185135709017149
0.00166183067677013
0.00170386057526695
0.00180431945078815
0.00197389170951467
0.00191250945963711
0.00188490359947863
0.00182597128243699
0.00166454633620113
0.00196366691492656
0.00199343178573419
0.00177799212526625
0.00192948823111701
0.00201654265768097
0.00198784601854379
0.00204468561095338
0.00206009663512912
0.00193491320073478
0.0018447442961587
0.00194988245291767
0.00193454445886921
0.00189408731401075
0.00192712075099805
0.00197701533110753
0.0019179559976344
0.00201680841562285
0.00206127467037859
0.00204905341125071
0.00196230407340593
0.00212577882435982
0.00184462804975755
0.00203331545056072
0.00196989805036869
0.00187433689288594
0.00210068663116375
0.00206587635755921
0.00210059289331267
0.00212061369992704
0.00202315737995363
0.0021477866349876
0.00213301162043043
0.00197364050092265
0.00211383525027546
0.00195834970648969
0.00218820140338404
0.00201299163527569
0.00200484419374303
0.00198673222963786
0.00188612460087284
0.00224168038341186
0.00209704551547137
0.00222423384655441
0.00197148989042002
0.00198649956887348
0.00218022010194238
0.00192971742049843
0.00225922345934991
0.00221798520051521
0.00222057740089646
0.00220441796957381
0.00210921783530564
0.00224523754091152
0.00225571445315583
0.00208281932533456
0.00213044003321887
0.00185130419476035
0.00218608270856416
0.00190029842036379
0.00164862248969729
0.00190303569545952
0.00171128670362679
0.00159623306211373
0.00133696984784236
0.00137040415389286
0.00181403001794062
0.00201073555702845
0.00232379893189913
0.00238779975417572
0.00155620291248621
0.00138658796027975
0.00107033793527455
0.00119386303508339
0.00150535978004311
0.00126638202455923
0.00128575971593478
0.00178712158693267
0.00204296659534888
0.00151349109298575
0.00152224793712301
0.00138315495972258
0.00120550474800368
0.00145347089525376
0.00178694631103751
0.00205835747885914
0.00178237693780612
0.00177555315511367
0.00171090371558452
0.00165958544298028
0.00164340601361429
0.00164971212994446
0.00162340549857467
0.00160008018131872
0.00169113671978032
0.00160708431713344
0.00163921300608507
0.00152931800690063
0.00167751534257452
0.00155510055438718
0.00160804265753801
0.00164544507307234
0.00149656820168492
0.0014654624088156
0.00154782456082817
0.00145166931413762
0.0013695205955479
0.00144981548148955
0.00143740759102469
0.00144844633779567
0.00149996765253743
0.00154796790650769
0.00146069920780726
0.00142520234499678
0.00142192571602367
0.00150826176129297
0.00126620885271165
0.00150704903695094
0.00131476358742602
0.00140874288618738
0.00132120089408798
0.00129374276570443
0.00129321686366912
0.00118387344016764
0.00134480907628821
0.00118985724491075
0.00131825047815054
0.00116077638582109
0.00126897845664745
0.0012812386286717
0.00122450075369097
0.00131766861696508
0.00108637844324129
0.0012259649375753
0.00106438112097469
0.00115356790213563
0.00121737308112284
0.00125648526862082
0.00115209926755895
0.00116133127154975
0.00117536228100335
0.00119637841752974
0.00122698247954973
0.00115052624219397
0.00105218369095988
0.00102399485273739
0.0010086642573817
0.00120961426450126
0.001014455334444
0.000967182901540049
0.000841164566940752
0.000915987122662856
0.00109625198489468
0.000991445254095997
0.000989654374171075
0.000919305122453882
0.000976864648953117
0.00103491214209126
0.000959765648259082
0.00080705521963873
0.000954046325330365
0.000863543631414961
0.000848940866916639
0.000796723664791177
0.000842901051430434
0.000729932733127668
0.00089760693151059
0.000812621707135235
0.000887730675332089
0.000781684531197049
0.000755485501093068
0.000736726521392034
0.000760239440991726
0.000819722640178987
0.000729540198977576
0.000758465771861876
0.000694963293411544
0.000613073943547983
0.000708247792787577
0.000683909092016779
0.000704898061285699
0.000639723818449706
0.00071547140665153
0.000658550963530222
0.000695175548363726
0.000691528412702377
0.000576194081927693
0.000653798707999642
0.000633825747325355
0.000591622027479487
0.000556442732575904
0.000611512602864255
0.000584884222663411
0.000564328237600783
0.000579679247569894
0.000517578720970529
0.000529425153658135
0.000505174561748845
0.000550176527563784
0.000579466017644544
0.000484110052908396
0.000587805645222324
0.000534164942309378
0.000496606787443604
0.000570252147707036
0.000430686714017202
0.000520531947754261
0.000471957925288765
0.000461968688713346
0.000453518910061503
0.000456402077542026
0.000447052584963339
0.000445718476989605
0.000458548094799013
0.000488831392457154
0.000486049829827045
0.000439868321270615
0.000441230847513424
0.000489302556514002
0.000462249274028706
0.000442263526160976
0.000477743161314721
0.000348525618928842
0.000410853213919043
0.000364011926326593
0.000433119244238139
0.000437206858248744
0.000382689869849897
0.000393608101404992
0.00044186099940212
0.000348046550967117
0.000353331268617608
0.000351238462994812
0.000290922513479602
0.000338769186360976
0.000302791718993084
0.000356401587540979
0.000318642663662629
0.000313330009957996
0.000307227944556159
0.000300196945270685
0.000322259180731903
0.000319703250307684
0.000308775387112136
0.000333616921797409
0.000293687799580011
0.000295194620866923
0.000329343968349949
0.000241118444303115
0.000311850630608616
0.000286177009936815
0.000270626158742346
0.000265496278227944
0.000265339161769875
0.000269677071139266
0.000270839441919638
0.000288800574111041
0.000287315595791405
0.000265512209520251
0.000285187983210625
0.00029010037642996
0.000267726206621323
0.000237850470506336
0.000252412892494203
0.000261682242807775
0.000243168303298577
0.000254807902018856
0.000228517963703623
0.000226483070700332
0.000263878089756492
0.00023583350442503
0.000194617663724939
0.000208771029542
0.000276882783263708
0.000241313140489697
0.000223573192526176
0.000195340782653558
0.000168200685941623
0.000196772785983724
0.000179454540151178
0.000224748067846559
0.000181729237757265
0.000188671551561966
0.000188611320500394
0.000213376064100962
0.000198167265930075
0.000187766826087924
0.000161648436531878
0.000188634669512533
0.000196352208032278
0.000175361496625638
0.000191990047798863
0.000157211102830586
0.00019712928483368
0.000176227281592565
0.000182454174077619
0.00018597464304985
0.000176415133176941
0.000188507324025818
0.000167420492112517
0.000181965068988482
0.00019773983270264
0.000173881318918267
0.000184028481084311
0.000160764602308486
0.000153816379681779
0.000180988047590165
0.000144239092170997
0.000163234040013084
0.000169432138666489
0.000172305818514848
0.000152464580991628
0.000198876057780757
0.000162643955345284
0.000157201615984174
0.00016683172015088
0.000164683842561842
0.000170465151850494
0.000159901734891234
0.000146961560506988
0.000176712774115238
0.000160647907628575
0.000204434256300158
0.000138153024734846
0.000172741207054217
0.000167352094535406
0.00018139276305152
0.00015100057167938
0.000134809431611055
0.000147643678731924
0.00013853685621651
0.000122486924466682
0.000138977124367827
0.000145068262371507
0.000143158086513285
0.000142895223855099
0.000111653204452902
0.000137222243121908
0.000148386660304462
0.000134921262711461
0.000127503521884121
0.000113889698635995
0.000133332246771208
0.000121946471038907
0.000149445355502847
0.000133551588966221
0.000128579840753989
0.000156378340040621
0.000132950936144443
0.000132867376251152
0.000123902966649793
0.000159047018518684
0.000161966118758399
0.000116375827556679
0.000153975613301435
0.000129963860504579
0.000127865313375713
0.000133045710122357
0.000127989337928204
0.000135151990353565
0.00013454123223614
0.000149065788473534
0.000131303280443901
0.000154668462590116
0.000156434589813463
0.000148706624648836
0.000149374780362154
0.000158689589157828
0.000132386081367101
0.000135179981676147
0.000168724644366741
0.000143577340864552
0.000151529843768524
0.000150745799184901
0.000171196154775686
0.000156368543931644
0.000143018889950245
0.000152410059935317
0.000144987338732928
0.000138421707869447
0.000176983445632831
0.000161838940493036
0.000160565302615532
0.000162894045821431
0.000176679405439807
0.000177454867904418
0.000130881865585463
0.000173169827642913
0.000143554767196343
0.000156935984485628
0.000146345405751971
0.000157525249192435
0.000183420427239868
0.000174281166734855
0.0001466167407249
0.000169581954821309
0.000168536122879951
0.000208587367745038
0.000169481030013943
0.000195446018897532
0.000176159217502195
0.00017726689043066
0.000177765242149762
0.000189437221267141
0.000198820989158593
0.000192511228458036
0.000203066542493847
0.000183940762111432
0.000200827261987906
0.00021474887681573
0.00020686685065753
0.000180725106133347
0.000191721936424338
0.000191819656433696
0.00019763473152188
0.000223082924964668
0.000191992518810777
0.000220102907883679
0.000202218985957644
0.00021999607728292
0.000245797125394144
0.000213878089178229
0.000237740764802349
0.000242188064079745
0.00022305543225384
0.000245783580851733
0.000224466841531738
0.000229006600493178
0.000238631368914313
0.000254168387068008
0.00028066541879523
0.000252848341545739
0.000261406120677726
0.000246816415974534
0.000255289247283336
0.000279758731027757
0.000294243139382138
0.000286359828319379
0.000266074388285201
0.000307531083747172
0.000283516597688294
0.000297798584973786
0.000316980624054327
0.000301189151981426
0.000320433946448143
0.000309608422895027
0.000348988615749515
0.000286878507962994
0.000324262432938385
0.000345290282175715
0.000327166948847588
0.000314513634436219
0.000348534238448581
0.00035070514768614
0.000340684422774236
0.000360459392974624
0.000387447336995456
0.000348343724221793
0.000378787862535765
0.000377180814763676
0.00038238880515217
0.000406033619905224
0.000420044065940168
0.000388456011977438
0.000387313938039161
0.000415747717586633
0.000373026825560699
0.000452022806371623
0.000411693362996357
0.000433444507201084
0.000462792034528831
0.00041247531065506
0.000415543479450064
0.000452906941149665
0.000449123194851482
0.000484748229733426
0.000457981825587372
0.000455627191354309
0.000506518242566158
0.000488174132156767
0.000484888414413358
0.000558544933796277
0.000476391925712284
0.000528375942913965
0.000574792544771483
0.000559259138299477
0.000572405081757519
0.000525452014135139
0.000472835236053141
0.000632756988428739
0.00053166639228136
0.000611440697986848
0.000627423814012995
0.00058823058268099
0.000671643235142547
0.000665322233943524
0.000658232876692164
0.000615630141454545
0.000659831728136049
0.000620070044807324
0.000650182028349532
0.000687680626113092
0.000707707606413451
0.000623314401080839
0.00073036283109279
0.000694445964532035
0.000696704407635513
0.000802401771453477
0.000753745069238881
0.000716017400420173
0.000709772906073801
0.000779555892755924
0.000828368915485444
0.000774773536251292
0.00086072549463861
0.00085500801592016
0.000751759227833391
0.000875939882661764
0.000880581132018422
0.000817058432857719
0.000945341059553154
0.000910012037835811
0.000964185760280049
0.000923941512541388
0.000926173006418931
0.00092911551629534
0.000846855279820912
0.000984035226873468
0.000960698597994368
0.000953595853600637
0.00093525995038019
0.00107642491922796
0.000947249005021513
0.00104691710986834
0.00103731132178489
0.00110210667045623
0.00103916016020309
0.00112148567524767
0.000979253927828456
0.00115793868659021
0.00107536463588365
0.00106800299406095
0.00108259529647451
0.00116308687468166
0.00121404245382742
0.00122450650949549
0.00107663828494727
0.00123863379709277
0.00115745979569512
0.00121985065606967
0.00125805814127849
0.00118543499425954
0.00126294124015219
0.00122246749526481
0.00126716597284107
0.00127917901098099
0.00115138170968526
0.00141892118724175
0.00141529225215846
0.00144784657771156
0.00127150458151999
0.00126318960174184
0.00133225960010012
0.00136391554921437
0.0015761368313423
0.00154200996133168
0.00145398945071671
0.00153671229436424
0.00148269348280959
0.00154776510472951
0.00163418138507363
0.00151857338858193
0.00164446713117974
0.00135827716030506
0.00154070222835154
0.00151731197844878
0.0011917034501455
0.00153097487579562
0.00128596310485085
0.001291899033401
0.00111059492513249
0.00102913749571407
0.00155836600569649
0.00167366586453889
0.00155508857116536
0.00163093133508541
0.00164779587959486
0.00114313097713668
0.000993986398069619
0.000989367605428451
0.00124051986475111
0.00131017274498105
0.00119975524713821
0.00150748424139683
0.00175721434577128
0.00153101852365003
0.00157153289529519
0.00140041324966838
0.00121807385743528
0.00147079445701683
0.001735275854759
0.00230852028491889
0.00193615971824486
0.00194475340837067
0.00190738452447688
0.00189697463019883
0.00188766056853315
0.0018628702848196
0.00190967388663088
0.00197679608469275
0.00192721091601755
0.00191657716757265
0.00202608115861017
0.00192445525446486
0.0020740676917634
0.00207846741201335
0.00202149669090424
0.00200231744997964
0.00183558408600458
0.00193257323245846
0.00186445321289612
0.00202465550317944
0.00176006251569351
0.00195063005971539
0.00190014076712635
0.00193913531975007
0.00203314603203357
0.00212735542727571
0.00208908217314743
0.00218899086965646
0.0020638958482066
0.00214495522396455
0.00192820636196466
0.00228057706796456
0.00195297900855359
0.0021768006110234
0.00197610454299125
0.00204763977385318
0.00199177045877784
0.00196405492912581
0.00219065714764854
0.00182596124499928
0.0020013196055369
0.00191347980666791
0.0020305260216549
0.00205265107666588
0.00211598708093449
0.00205907248378808
0.00186377044444705
0.00209128659313968
0.00190197084224639
0.00188776344586869
0.00201915083603374
0.0022857260669541
0.00202936793933312
0.0019959809906794
0.00210158198333164
0.00205308734382412
0.0021767113900914
0.00193813785871469
0.00184542761261745
0.0020303888264176
0.00182019259238643
0.00232238734041614
0.00202363057613918
0.00197438138006264
0.00176881698899565
0.00184758494435278
0.00202500473698313
0.00210575092298661
0.00196157916151392
0.00176468695481211
0.00201038518146582
0.00189353461538984
0.00197284792029871
0.00182387821936168
0.00190559554609011
0.00186197521256848
0.00178161585697991
0.00185530103018501
0.00177768569880391
0.0017025457897571
0.00190273920620239
0.00182656833753328
0.0018919288992338
0.00171486167422699
0.00176598456909375
0.00168476428909113
0.00169822753597132
0.0019051529408901
0.00174482587724942
0.0018964954427022
0.00160820214468846
0.00152845053795402
0.00172083261305055
0.00174148239442848
0.00169965587201053
0.00165021944901228
0.00168917842166207
0.00157574012793212
0.0016843926386486
0.00166061061282042
0.00154909652952389
0.00162982639234573
0.00165675561528183
0.00147722791089852
0.00157320080017536
0.00158110403069092
0.00150929808259951
0.00141501270452028
0.00162367444940113
0.00138909961053447
0.00145734070769506
0.00153804720454156
0.00146363266509281
0.00152987930666895
0.00147154019536824
0.00153530835694211
0.0013964031159664
0.00151122366812009
0.00155771681935567
0.00141301094402901
0.00148618734112935
0.00136920445473326
0.00135092145676514
0.00136656513522532
0.00133143809075479
0.00139373911410026
0.00136758896373484
0.00139222907824349
0.00140780871077084
0.00138802344747614
0.00133273200421273
0.00135416036225739
0.00137023365343248
0.00145053554339101
0.00128512567816468
0.00135606999320167
0.00123858199921613
0.00127148902730303
0.00121727128309082
0.00118906414594226
0.0013461372283415
0.00125562064473524
0.00132613831311856
0.0012977891477615
0.00109260826060663
0.00124488720661673
0.00117136533073711
0.0010732243871661
0.00107937795121603
0.00105972747898183
0.00117125988711734
0.00103303293873851
0.0011097008147618
0.00101630009750738
0.000986746319923171
0.000990656288735704
0.00104703322953149
0.00111987295369823
0.00103888547483937
0.00104448003364884
0.000953817945788079
0.00103956392470453
0.000909252307251095
0.00101055781989725
0.000986866617577675
0.000960883210311379
0.000924629001008616
0.00100465814095146
0.00103381294690998
0.000950480044113897
0.00100297171191376
0.000910944146077216
0.000847077792930571
0.000925456110881634
0.000906304702482388
0.000941407629013828
0.000761799282572174
0.000861106864544544
0.000847239665891656
0.000778284168049022
0.000849688363904393
0.000829954286610128
0.00077752817010822
0.000846856514812391
0.00075458495071965
0.000712004567566715
0.000730627611616311
0.000826951139407183
0.000809299262217009
0.000808517363711972
0.000716386442506288
0.000630968062103878
0.000768573829481928
0.000700947454844517
0.000727431458369303
0.000592940532753966
0.000655310124794239
0.000734581221113014
0.000712705673194692
0.000688141208592865
0.00069762596245196
0.000594506540171747
0.000695672383767304
0.000678314336563732
0.000667957469947245
0.000710062833537739
0.000616459003795163
0.000732167180774263
0.00060873187150096
0.000636007621957415
0.000647037940343679
0.000605979472677698
0.000634896581909778
0.00065233079683117
0.000623581944423613
0.000670022083345789
0.000627755874044057
0.000609235941691455
0.000618194557254812
0.000555913144683956
0.000625858260845056
0.000585138415128893
0.000595898079046416
0.000609548251224405
0.000558419598033323
0.000561915212570979
0.000575698091150915
0.000536391869098338
0.000605021216034011
0.000545747352854755
0.000574010454021016
0.000595361482173827
0.000649450381391461
0.000585853482708575
0.000650558536844912
0.000532416253827937
