[0.0, 0.0, 0.6635172367095947, 0.0, 0.6792153716087341, 1.1180193424224854, 0.0, 0.0, 0.0, 1.13563871383667, 0.0, 1.1047070026397705, 0.0, 0.0, 0.6792153716087341, 1.1180193424224854, 0.0, 1.046502709388733, 0.0, 1.7777521014213562, 0.0]
[0.0, 0.7889921069145203, 0.3555465340614319, 1.5424017906188965, 1.071878731250763, 1.6901694536209106, 0.6447914838790894, 0.0, 1.9113153219223022, 1.8337477445602417, 0.0, 0.7889921069145203, 2.3952579498291016, 0.49330413341522217, 1.1350669860839844, 0.45718881487846375, 0.0, 0.0, 0.0, 0.0, 0.0]
[1.3798472881317139, 1.3462233543395996, 0.5533304810523987, 0.49330413341522217, 0.3926633596420288, 0.658295750617981, 0.0, 0.0, 0.0, 1.1027417182922363, 1.3798472881317139, 1.4934042692184448, 2.376438319683075, 0.5317150950431824, 0.5461755394935608, 0.45718881487846375, 1.1027417182922363, 0.0, 0.0, 0.0, 1.4407854676246643]
[2.3557647466659546, 0.0, 0.5533304810523987, 0.0, 0.5620980858802795, 0.0, 0.0, 0.0, 2.7360503673553467, 0.0, 0.9759174585342407, 0.9212541580200195, 0.0, 0.5317150950431824, 1.1082736253738403, 1.1027417182922363, 0.0, 1.430141568183899, 0.0, 0.0, 0.6983818411827087]
[0.9759174585342407, 0.0, 0.0, 0.0, 0.9380342960357666, 0.0, 0.7806758880615234, 0.0, 0.0, 0.0, 0.0, 0.0, 0.0, 0.5030291080474854, 1.4093549847602844, 0.0, 1.086258441209793, 1.9083872735500336, 0.589562177658081, 0.0, 0.0]
[0.0, 0.0, 0.7061672210693359, 0.3860675096511841, 0.683240681886673, 0.0, 0.7806758880615234, 0.0, 0.7478703260421753, 0.5138087868690491, 0.0, 0.35621997714042664, 0.4279109537601471, 1.3002915978431702, 1.5519121438264847, 0.0, 0.30558255314826965, 0.47824570536613464, 2.3012933135032654, 0.5138087868690491, 0.5400846004486084]
[0.0, 0.0, 0.4279109537601471, 0.3860675096511841, 1.0357775390148163, 0.5259641408920288, 0.0, 0.0, 0.7478703260421753, 0.5138087868690491, 0.0, 1.2006485760211945, 0.5259641408920288, 0.41119498014450073, 0.9396619647741318, 0.0, 0.6281423568725586, 0.0, 0.963860809803009, 0.0, 0.5400846004486084]
[1.3386179208755493, 0.0, 0.7845919728279114, 0.0, 0.7284730672836304, 0.0, 0.0, 0.0, 0.0, 0.0, 0.0, 1.3703927397727966, 0.0, 0.0, 0.0, 0.0, 0.0, 0.0, 1.3588865995407104, 1.1676476001739502, 0.0]
[0.0, 0.0, 0.0, 0.0, 0.7727137804031372, 0.0, 0.0, 0.0, 0.0, 1.3737937211990356, 0.0, 0.0, 0.0, 0.0, 0.7727137804031372, 0.0, 0.0, 0.0, 2.570695400238037, 3.2501842975616455, 0.7228575348854065]
[0.0, 0.0, 0.7044349312782288, 0.9773704409599304, 0.7727137804031372, 1.280579686164856, 1.615553855895996, 0.0, 0.0, 1.3007608652114868, 1.7912849187850952, 0.9018082618713379, 0.0, 2.0183536410331726, 0.0, 1.280579686164856, 2.247935473918915, 0.0, 1.2118088006973267, 3.383297562599182, 1.7912849187850952]
[0.0, 0.0, 2.7065818309783936, 1.6032463312149048, 1.2735500633716583, 2.10588538646698, 3.6846489906311035, 0.9825019240379333, 0.0, 1.3007608652114868, 2.364824891090393, 1.479296624660492, 0.0, 1.6668590903282166, 1.1829291880130768, 1.1601096391677856, 2.701476752758026, 0.9825019240379333, 0.0, 0.0, 1.4491016268730164]
[0.0, 0.0, 1.9610680937767029, 1.3949602246284485, 0.49818864464759827, 0.5070731043815613, 2.0690951347351074, 1.5861574411392212, 0.0, 1.023557424545288, 1.2783132791519165, 0.577488362789154, 2.2735959887504578, 1.5882250666618347, 0.6847405433654785, 1.872888445854187, 0.0, 0.6036555171012878, 0.0, 1.023557424545288, 1.5803349614143372]
[0.0, 0.7544962763786316, 0.8524405360221863, 0.7690843343734741, 1.9134958386421204, 0.8856527805328369, 0.0, 1.134211540222168, 0.0, 2.8797547221183777, 0.7047733068466187, 0.6236933469772339, 2.6702165603637695, 1.5390878915786743, 1.0760976076126099, 1.5984315872192383, 0.0, 1.8995092511177063, 0.0, 1.624656319618225, 0.0]
[0.0, 0.0, 0.0, 0.0, 1.0760976076126099, 1.8805757761001587, 1.985073447227478, 1.1265711188316345, 0.0, 0.8996101021766663, 0.0, 1.844248116016388, 1.249061107635498, 0.7199471592903137, 0.41538408398628235, 1.6986802220344543, 0.0, 1.9649683237075806, 0.5199112892150879, 0.7250462174415588, 0.0]
[0.0, 1.2677197456359863, 1.2588452100753784, 0.0, 0.0, 0.9949229955673218, 1.4845223426818848, 0.5960150957107544, 0.0, 0.0, 0.0, 1.7485854029655457, 1.2588452100753784, 0.0, 0.41538408398628235, 1.756356418132782, 0.0, 0.5199112892150879, 0.0, 0.0, 0.0]
[0.0, 0.0, 2.8521485328674316, 2.7235599160194397, 0.6933615803718567, 0.0, 0.0, 0.0, 0.8436983823776245, 0.0, 0.0, 1.8516700863838196, 0.9654822945594788, 0.8710722327232361, 1.1698605716228485, 2.6671993732452393, 0.0, 0.0, 0.8436983823776245, 0.0, 0.0]
[0.0, 0.43108314275741577, 0.9654822945594788, 1.5450361967086792, 0.6933615803718567, 1.8648962676525116, 0.8284571170806885, 4.399479269981384, 1.8886828422546387, 0.0, 0.5808191895484924, 0.8037281632423401, 1.1712055206298828, 0.0, 0.4764989912509918, 2.789433717727661, 0.0, 1.4924575090408325, 0.6139013171195984, 0.0, 0.5808191895484924]
[1.006816565990448, 1.2331558465957642, 0.277850866317749, 0.3855050206184387, 2.709022641181946, 0.0, 1.9984504580497742, 2.2261241674423218, 1.3606820106506348, 1.0586152076721191, 1.4668543636798859, 1.2331558465957642, 1.1712055206298828, 2.701258599758148, 0.30685675144195557, 1.1748335361480713, 0.7482923865318298, 1.0833166241645813, 0.7467806935310364, 2.164510816335678, 0.8925667107105255]
[1.844348132610321, 1.7628191709518433, 0.34201139211654663, 1.3646097779273987, 0.6845719516277313, 0.6217364072799683, 0.7843702435493469, 1.7924043536186218, 2.5853349566459656, 1.8161278367042542, 1.6648509800434113, 0.43783846497535706, 1.494561791419983, 1.2957165241241455, 0.6372924745082855, 0.6217364072799683, 1.5326626300811768, 2.75106281042099, 0.0, 1.0450385510921478, 0.5392976999282837]
[1.8314517140388489, 2.028519630432129, 0.30470651388168335, 0.47452473640441895, 0.7142311632633209, 0.6217364072799683, 0.7843702435493469, 2.485309898853302, 0.8189607262611389, 1.1941845417022705, 0.7748283743858337, 2.466358095407486, 0.7812097668647766, 0.0, 1.0586210489273071, 0.0, 0.0, 1.904095321893692, 1.3467020392417908, 1.0161211490631104, 1.3662518858909607]
[0.0, 2.028519630432129, 0.43458235263824463, 1.045093297958374, 0.33651596307754517, 0.0, 0.0, 0.9954890608787537, 0.8189607262611389, 0.5626499652862549, 2.690233051776886, 0.0, 0.7812097668647766, 1.045093297958374, 0.4625278115272522, 0.0, 0.6761999130249023, 1.4863701164722443, 0.5277413129806519, 0.45347118377685547, 2.506828188896179]
