[0.0, 0.0, 0.11058620611826578, 0.0, 0.11320256193478902, 0.18633655707041422, 0.0, 0.0, 0.0, 0.18927311897277832, 0.0, 0.18411783377329508, 0.0, 0.0, 0.11320256193478902, 0.18633655707041422, 0.0, 0.17441711823145548, 0.0, 0.29629201690355933, 0.0]
[0.0, 0.13149868448575336, 0.05925775567690531, 0.2570669651031494, 0.17864645520846048, 0.2816949089368184, 0.10746524731318155, 0.0, 0.31855255365371704, 0.3056246240933736, 0.0, 0.13149868448575336, 0.3992096583048502, 0.08221735556920369, 0.18917783101399738, 0.07619813581307729, 0.0, 0.0, 0.0, 0.0, 0.0]
[0.2299745480219523, 0.22437055905659992, 0.09222174684206644, 0.08221735556920369, 0.06544389327367146, 0.10971595843633015, 0.0, 0.0, 0.0, 0.18379028638203937, 0.2299745480219523, 0.24890071153640747, 0.39607305328051245, 0.08861918250719705, 0.09102925658226013, 0.07619813581307729, 0.18379028638203937, 0.0, 0.0, 0.0, 0.24013091127077738]
[0.39262745777765906, 0.0, 0.09222174684206644, 0.0, 0.09368301431337991, 0.0, 0.0, 0.0, 0.45600839455922443, 0.0, 0.1626529097557068, 0.15354235967000324, 0.0, 0.08861918250719705, 0.18471227089564005, 0.18379028638203937, 0.0, 0.2383569280306498, 0.0, 0.0, 0.11639697353045145]
[0.1626529097557068, 0.0, 0.0, 0.0, 0.15633904933929443, 0.0, 0.1301126480102539, 0.0, 0.0, 0.0, 0.0, 0.0, 0.0, 0.08383818467458089, 0.2348924974600474, 0.0, 0.18104307353496552, 0.31806454559167224, 0.0982603629430135, 0.0, 0.0]
[0.0, 0.0, 0.11769453684488931, 0.06434458494186401, 0.11387344698111215, 0.0, 0.1301126480102539, 0.0, 0.12464505434036255, 0.08563479781150818, 0.0, 0.059369996190071106, 0.07131849229335785, 0.216715266307195, 0.2586520239710808, 0.0, 0.05093042552471161, 0.07970761756102243, 0.38354888558387756, 0.08563479781150818, 0.09001410007476807]
[0.0, 0.0, 0.07131849229335785, 0.06434458494186401, 0.1726295898358027, 0.08766069014867146, 0.0, 0.0, 0.12464505434036255, 0.08563479781150818, 0.0, 0.2001080960035324, 0.08766069014867146, 0.06853249669075012, 0.1566103274623553, 0.0, 0.1046903928120931, 0.0, 0.1606434683005015, 0.0, 0.09001410007476807]
[0.22310298681259155, 0.0, 0.1307653288046519, 0.0, 0.12141217788060506, 0.0, 0.0, 0.0, 0.0, 0.0, 0.0, 0.22839878996213275, 0.0, 0.0, 0.0, 0.0, 0.0, 0.0, 0.22648109992345172, 0.19460793336232501, 0.0]
[0.0, 0.0, 0.0, 0.0, 0.12878563006718952, 0.0, 0.0, 0.0, 0.0, 0.22896562019983926, 0.0, 0.0, 0.0, 0.0, 0.12878563006718952, 0.0, 0.0, 0.0, 0.42844923337300617, 0.5416973829269409, 0.1204762558142344]
[0.0, 0.0, 0.11740582187970479, 0.16289507349332172, 0.12878563006718952, 0.21342994769414264, 0.269258975982666, 0.0, 0.0, 0.2167934775352478, 0.2985474864641825, 0.1503013769785563, 0.0, 0.33639227350552875, 0.0, 0.21342994769414264, 0.3746559123198191, 0.0, 0.20196813344955444, 0.5638829270998637, 0.2985474864641825]
[0.0, 0.0, 0.45109697182973224, 0.26720772186915076, 0.21225834389527637, 0.35098089774449664, 0.6141081651051838, 0.1637503206729889, 0.0, 0.2167934775352478, 0.3941374818483988, 0.24654943744341531, 0.0, 0.2778098483880361, 0.19715486466884613, 0.19335160652796426, 0.450246125459671, 0.1637503206729889, 0.0, 0.0, 0.24151693781216937]
[0.0, 0.0, 0.32684468229611713, 0.23249337077140808, 0.0830314407745997, 0.08451218406359354, 0.3448491891225179, 0.2643595735232035, 0.0, 0.17059290409088135, 0.21305221319198608, 0.09624806046485901, 0.3789326647917429, 0.2647041777769724, 0.11412342389424641, 0.31214807430903113, 0.0, 0.10060925285021463, 0.0, 0.17059290409088135, 0.26338916023572284]
[0.0, 0.1257493793964386, 0.14207342267036438, 0.128180722395579, 0.31891597310702, 0.1476087967554728, 0.0, 0.18903525670369464, 0.0, 0.47995912035306293, 0.11746221780776978, 0.10394889116287231, 0.44503609339396155, 0.2565146485964457, 0.1793496012687683, 0.2664052645365397, 0.0, 0.31658487518628436, 0.0, 0.27077605326970416, 0.0]
[0.0, 0.0, 0.0, 0.0, 0.1793496012687683, 0.3134292960166931, 0.33084557453791297, 0.18776185313860574, 0.0, 0.14993501702944437, 0.0, 0.3073746860027313, 0.208176851272583, 0.11999119321505228, 0.06923068066438039, 0.2831133703390757, 0.0, 0.32749472061793006, 0.08665188153584798, 0.1208410362402598, 0.0]
[0.0, 0.21128662427266437, 0.20980753501256305, 0.0, 0.0, 0.16582049926122028, 0.24742039044698078, 0.09933584928512573, 0.0, 0.0, 0.0, 0.29143090049425757, 0.20980753501256305, 0.0, 0.06923068066438039, 0.292726069688797, 0.0, 0.08665188153584798, 0.0, 0.0, 0.0]
[0.0, 0.0, 0.4753580888112386, 0.4539266526699066, 0.11556026339530945, 0.0, 0.0, 0.0, 0.1406163970629374, 0.0, 0.0, 0.3086116810639699, 0.16091371575991312, 0.14517870545387268, 0.19497676193714142, 0.44453322887420654, 0.0, 0.0, 0.1406163970629374, 0.0, 0.0]
[0.0, 0.07184719045956929, 0.16091371575991312, 0.25750603278477985, 0.11556026339530945, 0.3108160446087519, 0.13807618618011475, 0.7332465449968973, 0.31478047370910645, 0.0, 0.09680319825808206, 0.13395469387372333, 0.19520092010498047, 0.0, 0.07941649854183197, 0.46490561962127686, 0.0, 0.24874291817347208, 0.10231688618659973, 0.0, 0.09680319825808206]
[0.167802760998408, 0.20552597443262735, 0.04630847771962483, 0.06425083676973978, 0.4515037735303243, 0.0, 0.33307507634162903, 0.3710206945737203, 0.22678033510843912, 0.17643586794535318, 0.24447572727998096, 0.20552597443262735, 0.19520092010498047, 0.45020976662635803, 0.05114279190699259, 0.19580558935801187, 0.12471539775530496, 0.18055277069409686, 0.12446344892183939, 0.360751802722613, 0.14876111845175424]
[0.30739135543505347, 0.2938031951586405, 0.0570018986860911, 0.22743496298789978, 0.11409532527128854, 0.10362273454666138, 0.13072837392489114, 0.29873405893643695, 0.43088915944099426, 0.30268797278404236, 0.27747516334056854, 0.07297307749589284, 0.24909363190333048, 0.21595275402069092, 0.10621541241804758, 0.10362273454666138, 0.2554437716801961, 0.4585104684034983, 0.0, 0.17417309184869129, 0.08988294998804727]
[0.3052419523398081, 0.3380866050720215, 0.050784418980280556, 0.07908745606740315, 0.11903852721055348, 0.10362273454666138, 0.13072837392489114, 0.4142183164755503, 0.13649345437685648, 0.19903075695037842, 0.12913806239763895, 0.4110596825679143, 0.13020162781079608, 0.0, 0.17643684148788452, 0.0, 0.0, 0.3173492203156153, 0.22445033987363178, 0.16935352484385172, 0.22770864764849344]
[0.0, 0.3380866050720215, 0.0724303921063741, 0.17418221632639566, 0.05608599384625752, 0.0, 0.0, 0.16591484347979227, 0.13649345437685648, 0.09377499421437581, 0.44837217529614765, 0.0, 0.13020162781079608, 0.17418221632639566, 0.07708796858787537, 0.0, 0.11269998550415039, 0.24772835274537403, 0.0879568854967753, 0.0755785306294759, 0.41780469814936316]
