[0.0, 0.0, 1.553819864988327, 0.0, 1.8421365022659302, 0.3675479292869568, 0.0, 0.0, 0.0, 1.1778620481491089, 1.238326609134674, 0.0, 0.0, 0.0, 0.0, 0.0, 0.2969265878200531, 0.0, 0.0, 0.0, 1.6478758454322815]
[0.7372913956642151, 0.0, 0.0, 0.0, 0.0, 0.0, 0.0, 1.1407866179943085, 0.0, 0.0, 0.0, 0.0, 0.0, 0.0, 2.0020675659179688, 0.0, 0.05103953182697296, 0.1390112340450287, 0.0, 0.0, 0.0]
[0.0, 0.0, 0.0, 0.0, 0.0, 0.8741299510002136, 0.0, 1.330308735370636, 0.0, 0.0, 0.8323727250099182, 0.0, 0.0, 0.4228978455066681, 0.0, 0.0, 0.0, 0.0, 0.0, 0.0, 0.0]
[4.546642303466797, 2.2361273765563965, 0.6589708924293518, 0.23543675243854523, 1.1985505819320679, 0.0, 0.0, 0.0, 0.43662896752357483, 0.0, 0.5024101734161377, 0.0, 0.0, 0.0, 0.5029522180557251, 0.0, 0.0, 2.5907208919525146, 0.4083576202392578, 0.0, 2.5907208919525146]
[0.0, 0.6452216506004333, 0.0, 0.0, 0.0, 0.0, 1.711107611656189, 0.0, 0.0, 0.0, 0.0, 0.0, 0.0, 0.0, 0.0, 0.0, 0.4199599623680115, 5.473911285400391, 2.4919307231903076, 0.0, 0.0]
[0.0, 2.3020344972610474, 0.0, 0.0, 0.0, 0.0, 0.0, 1.5472171306610107, 0.0, 1.8341161012649536, 0.0, 1.1565603017807007, 0.5101253986358643, 3.3398325443267822, 0.0, 0.0, 3.4453611373901367, 4.042317986488342, 0.0, 1.920046329498291, 0.0]
[4.564497947692871, 0.0, 0.0, 0.6429675221443176, 0.0, 0.0, 0.0, 0.0, 0.0, 0.0, 0.0, 0.0, 1.2816407680511475, 0.0, 0.0, 0.0, 0.0, 0.0, 0.0, 2.646806001663208, 1.9191999435424805]
[0.0, 6.931139945983887, 0.0, 0.0, 0.0, 0.0, 0.16233192384243011, 6.4819865226745605, 0.5425549745559692, 0.0, 0.0, 1.2854684591293335, 1.0737924575805664, 0.6246044635772705, 0.6170924305915833, 0.0, 0.0, 0.0, 0.0, 0.0, 0.0]
[0.0, 0.0, 1.7042171955108643, 3.1764586567878723, 1.98109769821167, 0.0, 0.0, 1.98109769821167, 0.0, 0.0, 0.6141684651374817, 0.0, 0.0, 1.3798606395721436, 0.0, 10.870476722717285, 1.3798606395721436, 0.0, 0.0, 0.0, 1.9191999435424805]
[0.34329840540885925, 0.0, 6.645082950592041, 0.0, 2.652540922164917, 8.157027244567871, 0.0, 0.0, 1.725168228149414, 1.7282159328460693, 0.0, 0.0, 0.0, 0.4673193693161011, 0.0, 0.0, 0.0, 0.0, 0.0, 1.7042171955108643, 1.0155662298202515]
[0.0, 0.5347132086753845, 0.0, 0.0, 1.98109769821167, 0.0, 0.0, 1.1277011632919312, 0.0, 1.1650575399398804, 4.525720626115799, 0.0, 9.099171340465546, 1.6769112050533295, 0.0, 0.0, 0.0, 0.8192757368087769, 0.0, 0.0, 0.30011647939682007]
[0.4443637728691101, 0.0, 6.645082950592041, 0.0, 0.0, 0.0, 0.8466465473175049, 1.083896279335022, 0.0, 5.1069254875183105, 0.0, 0.0, 5.1069254875183105, 0.0, 1.7911714315414429, 7.3987202644348145, 0.0, 0.0, 0.0, 0.0, 0.0]
[0.0, 0.32299885153770447, 1.5499640554189682, 0.825400173664093, 0.0, 0.4127216041088104, 0.0, 0.0, 2.277465343475342, 0.8126658797264099, 1.2826870679855347, 0.0, 2.180626153945923, 0.0, 0.0, 0.0, 0.0, 0.0, 0.0, 0.0, 0.0]
[0.47317424416542053, 0.0, 0.0, 0.0, 2.171050548553467, 0.0, 0.0, 1.3977322280406952, 1.259467363357544, 5.1069254875183105, 0.0, 0.0, 0.7244899868965149, 0.0, 1.5808954238891602, 0.0, 0.8408709168434143, 1.5808954238891602, 0.0, 0.0, 0.0]
[0.0, 0.7124471664428711, 0.0, 0.0, 0.0, 0.7408331036567688, 0.0, 1.708630919456482, 0.0, 0.0, 4.9395140409469604, 0.0, 0.0, 0.0, 0.0, 0.0, 0.0, 0.0, 0.0, 0.0, 0.0]
[0.0, 0.5140733122825623, 0.0, 0.9488730430603027, 0.0, 0.0, 0.6800603866577148, 0.0, 0.6384161710739136, 0.0, 0.0, 2.1301599740982056, 0.5570133924484253, 23.795345306396484, 1.5808954238891602, 0.0, 0.0, 0.0, 0.0, 0.0, 0.0]
[0.0, 1.9478904604911804, 0.0, 0.0, 0.557614266872406, 0.0, 0.0, 1.5511858463287354, 0.0, 0.0, 1.5511858463287354, 3.815129518508911, 0.2399420589208603, 2.1542155742645264, 0.0, 0.0, 0.24738624691963196, 0.0, 0.49631690979003906, 0.0, 0.0]
[0.3977830410003662, 0.9439435005187988, 0.5190073847770691, 0.0, 0.0, 0.0, 2.2567076683044434, 2.5399357974529266, 1.2662919759750366, 0.0, 2.127661943435669, 0.23109646141529083, 0.0, 0.0, 0.0, 0.7731430530548096, 0.0, 0.745566725730896, 0.7731430530548096, 0.0, 0.0]
[0.0, 0.557614266872406, 0.0, 0.0, 0.0, 1.326212763786316, 0.39286643266677856, 1.5511858463287354, 0.0, 0.0, 1.243825912475586, 0.0, 0.9649448394775391, 1.243825912475586, 1.0146877765655518, 0.0, 0.0, 0.0, 0.0, 0.0, 0.0]
[0.48589828610420227, 0.0, 0.0, 0.0, 0.0, 2.7582523822784424, 0.31515538692474365, 4.245900392532349, 4.958786338567734, 0.0, 1.0218617916107178, 1.1195144653320312, 0.49371469020843506, 0.40458938479423523, 3.235518753528595, 0.7731430530548096, 0.0, 0.0, 0.0, 0.0, 0.0]
[1.3568959534168243, 1.911350131034851, 1.8722735941410065, 0.0, 0.0, 0.7503335475921631, 0.5377034544944763, 2.238994300365448, 0.3815114498138428, 0.40871334075927734, 3.425284117460251, 0.0, 0.24270246922969818, 0.0, 0.0, 0.0, 0.0, 0.2806187868118286, 0.0, 1.3513829708099365, 0.0]
