[3.9939913749694824, 6.863674223423004, 3.2908589839935303, 2.7158278226852417, 2.580079674720764, 3.035269796848297, 2.80252867937088, 2.9513849318027496, 5.419622719287872, 3.0279622673988342, 4.990806996822357, 3.414257764816284, 5.595175862312317, 1.3810944259166718, 7.298387169837952, 0.479103147983551, 3.47795033454895, 3.328116625547409, 0.3371506929397583, 1.3707398772239685, 3.138647496700287]
[2.2962531447410583, 9.24345326423645, 1.0158509016036987, 1.26910001039505, 5.678140997886658, 0.0, 4.332791030406952, 5.064236164093018, 2.644462466239929, 3.97461074590683, 2.5457695722579956, 5.987318575382233, 3.355935215950012, 2.216853439807892, 1.7048414945602417, 4.586244583129883, 5.277428299188614, 0.7850877642631531, 0.7226699590682983, 2.342486321926117, 4.325695991516113]
[4.3485910296440125, 6.300236225128174, 2.2112302780151367, 4.661929726600647, 3.3342259526252747, 2.523121953010559, 8.051227450370789, 0.0, 5.124405264854431, 1.0783836245536804, 7.587089538574219, 2.413984179496765, 7.566912800073624, 3.4223815202713013, 1.3529064655303955, 2.423614799976349, 3.930917263031006, 1.2399449944496155, 0.6467131972312927, 4.646449029445648, 0.0]
[7.109472244977951, 2.787901610136032, 0.8235393166542053, 40.65639537572861, 5.073494464159012, 4.5508052706718445, 6.733120977878571, 2.2109276056289673, 2.879997134208679, 2.6547150015830994, 2.957177758216858, 3.00720351934433, 1.198022723197937, 4.192100435495377, 3.131933182477951, 2.5901823341846466, 2.576977014541626, 5.063340872526169, 1.5186231136322021, 2.700956851243973, 0.6761590838432312]
[3.499531239271164, 3.6801441311836243, 8.13639509677887, 1.2364157438278198, 2.0183025002479553, 2.1923317909240723, 2.63478684425354, 6.247770071029663, 7.82926470041275, 0.6731151938438416, 4.882609516382217, 3.3845006823539734, 5.666067719459534, 7.8189297914505005, 1.0003492832183838, 4.028023540973663, 3.442120850086212, 1.7616971731185913, 2.1675310134887695, 1.6540457606315613, 4.189151048660278]
[4.142391562461853, 2.4640376567840576, 2.0933988094329834, 4.664401888847351, 0.753486692905426, 0.0, 5.569131672382355, 2.0181273818016052, 1.8715325593948364, 2.7036419808864594, 5.075027942657471, 3.109355181455612, 3.165860027074814, 3.245825946331024, 3.897677421569824, 2.721635937690735, 1.3690541982650757, 2.8253459334373474, 0.7058084607124329, 2.4868675470352173, 0.9307682514190674]
[6.348980784416199, 1.0319185256958008, 3.086507499217987, 3.439290404319763, 7.19156277179718, 2.977032244205475, 4.510856509208679, 2.534935235977173, 6.657338738441467, 0.0, 4.527618169784546, 6.531643927097321, 1.5526890754699707, 3.1693283319473267, 4.1714670062065125, 4.133042097091675, 0.8574641346931458, 0.9350354671478271, 2.5760196447372437, 2.991811156272888, 1.5685110092163086]
[7.979841589927673, 5.742817521095276, 8.826745927333832, 2.2411292791366577, 6.310663014650345, 3.244371175765991, 2.1343584656715393, 4.449497044086456, 3.949700653553009, 3.59211003780365, 3.294043004512787, 12.708134114742279, 6.003702819347382, 3.450640380382538, 5.68940544128418, 4.825547277927399, 5.145326137542725, 4.882199227809906, 0.559059739112854, 1.613058090209961, 2.60937762260437]
[5.4304404854774475, 3.867738127708435, 6.652754187583923, 4.480236053466797, 3.0308507680892944, 3.2913845777511597, 4.842026889324188, 0.5454496145248413, 4.83420717716217, 8.541664600372314, 9.032874763011932, 8.645929634571075, 5.733555853366852, 5.326997607946396, 2.432904839515686, 3.158801943063736, 5.811572313308716, 6.00370329618454, 0.5239121913909912, 1.8789604306221008, 5.548763036727905]
[6.391144812107086, 8.72649472951889, 3.4218037724494934, 0.9799758493900299, 5.755462944507599, 4.98255854845047, 5.244470238685608, 6.190502882003784, 5.607194423675537, 6.512351751327515, 18.11310052871704, 11.591968953609467, 3.00603324174881, 5.525287926197052, 3.731425642967224, 1.5428616404533386, 1.5729683637619019, 2.6800193786621094, 1.9359059929847717, 0.8399802446365356, 1.8112044930458069]
[6.8504579067230225, 2.7596994936466217, 4.688556581735611, 6.852102994918823, 9.398626148700714, 3.976470708847046, 4.075887382030487, 3.3650448322296143, 6.360730826854706, 9.60904574394226, 12.714460253715515, 5.950142860412598, 8.690690666437149, 5.620318114757538, 10.929240494966507, 4.915005296468735, 1.3285042643547058, 10.267075449228287, 3.1560823023319244, 3.054463565349579, 3.6549586057662964]
[8.102931827306747, 8.991066634654999, 6.536593854427338, 3.4681409001350403, 2.7239926159381866, 4.277507543563843, 6.713652849197388, 3.236627519130707, 4.555034786462784, 3.589160770177841, 9.081742137670517, 13.61674278974533, 6.799603700637817, 8.169206351041794, 2.3692171573638916, 4.346363812685013, 1.6580854654312134, 5.791970133781433, 11.777315497398376, 4.1554436683654785, 1.3926094472408295]
[8.072420418262482, 4.229491710662842, 3.914465308189392, 1.9354574084281921, 1.4867011308670044, 1.006985068321228, 7.985903799533844, 3.438810408115387, 5.757995396852493, 7.721879839897156, 7.041391849517822, 6.264778196811676, 4.251713812351227, 3.7841618359088898, 3.4239631295204163, 2.1345907747745514, 3.4589617252349854, 4.207240700721741, 2.6447012424468994, 3.3898991346359253, 4.917266607284546]
[3.897223949432373, 4.069540441036224, 2.993851900100708, 3.4909679293632507, 3.318685531616211, 4.969142913818359, 9.246915340423584, 5.479176372289658, 12.845315277576447, 2.5979717075824738, 13.106366574764252, 4.806363999843597, 8.01582932472229, 6.939044177532196, 4.651135265827179, 4.9459468722343445, 4.6399155259132385, 1.7139793634414673, 5.871189653873444, 2.0505927205085754, 1.1557750701904297]
[8.397966623306274, 6.901945948600769, 4.681979119777679, 4.9610172510147095, 4.867112576961517, 7.7046217918396, 1.8729819059371948, 7.682391047477722, 6.86321884393692, 4.567308962345123, 5.4751041531562805, 6.348137140274048, 13.616893827915192, 4.492160320281982, 5.383334994316101, 4.771882057189941, 6.18961489200592, 4.33352792263031, 0.0, 3.4045075178146362, 3.1405798196792603]
[13.294249922037125, 3.4336183667182922, 1.49857497215271, 5.124410927295685, 6.3211541175842285, 7.370891690254211, 3.721146881580353, 2.1144240498542786, 5.3040341436862946, 5.913474768400192, 6.135932147502899, 9.76432591676712, 1.3310787677764893, 2.1516851484775543, 7.636098325252533, 2.808332085609436, 1.0499714612960815, 2.549015998840332, 6.1453041434288025, 0.0, 1.4136090278625488]
[6.3021721839904785, 5.014473736286163, 3.868607521057129, 10.054168850183487, 2.343897223472595, 4.073377847671509, 9.792556285858154, 8.21609503030777, 7.55227118730545, 2.0356079936027527, 13.584833681583405, 9.20753687620163, 7.062789618968964, 4.270434558391571, 9.73871386051178, 4.992803573608398, 2.346983253955841, 5.041900157928467, 1.2648125886917114, 1.7131866812705994, 2.095513343811035]
[4.166448533535004, 2.2721437215805054, 3.9349552989006042, 11.13282036781311, 8.18304193019867, 5.541106820106506, 6.079215586185455, 6.35489621758461, 4.559312224388123, 5.38521420955658, 9.135222494602203, 5.448600590229034, 4.544200986623764, 3.8086243271827698, 6.692707598209381, 2.939119875431061, 3.4924930930137634, 4.234580397605896, 5.5839504301548, 0.6686222553253174, 3.113090753555298]
[4.306248724460602, 5.829224318265915, 6.724018812179565, 1.4168780446052551, 4.604659080505371, 2.3361156582832336, 2.0513026118278503, 2.083932399749756, 1.3076021671295166, 7.166275143623352, 5.166232585906982, 1.2316306829452515, 5.643025994300842, 4.369233250617981, 3.5661072731018066, 5.570655584335327, 2.8409993648529053, 2.0634795129299164, 5.114657819271088, 2.240112066268921, 0.0]
[5.032832741737366, 4.780912935733795, 10.169121205806732, 5.132479310035706, 8.180787861347198, 8.107060432434082, 8.562240540981293, 6.892365574836731, 5.065263867378235, 6.8098098039627075, 9.79503047466278, 4.7354782819747925, 7.139707088470459, 4.153017103672028, 9.987420201301575, 4.122958242893219, 1.9532521963119507, 2.805125117301941, 4.203727066516876, 1.2101942896842957, 3.2449991703033447]
[7.922288656234741, 9.267750144004822, 8.015795916318893, 2.745664358139038, 5.752598226070404, 8.023173391819, 1.6928805708885193, 9.248351454734802, 5.83751904964447, 1.4378945231437683, 3.199388086795807, 11.002329587936401, 14.159266412258148, 3.2392756044864655, 2.3075223565101624, 1.0265268683433533, 14.875603258609772, 4.748141288757324, 0.4453427195549011, 1.0035240650177002, 0.0]
