[0.3953554471525087, 0.5295255346310668, 0.32772749780337146, 0.12766702165676108, 0.28313346642382675, 0.13644532867989315, 0.41053976979781037, 0.1488777902353823, 0.24634053609750117, 0.18703581084005338, 0.29163812660765626, 0.3328671520847747, 0.20896755677765247, 0.11514279574897215, 0.45588222815943635, 0.049976087630440855, 0.22661818303076245, 0.2325308020202237, 0.042012199918905674, 0.11250104876205139, 0.19898330513222806]
[0.22956600090608736, 0.6773093228009982, 0.026982062752325897, 0.10047184680563498, 0.6012704623977638, 0.0, 0.20827377848365292, 0.2192417686027396, 0.20027530039565994, 0.3915646793232062, 0.16984329976320092, 0.46401023674634767, 0.225775981413633, 0.15383451514928387, 0.14442934498297821, 0.1895282181339211, 0.27926501284766847, 0.08189387832147849, 0.04560834778955592, 0.08823953081559002, 0.14264309218996257]
[0.18816173458344781, 0.6225695243464061, 0.196652676095766, 0.17883093256126537, 0.22930083678183247, 0.2010114717271672, 0.2933504960399528, 0.0, 0.41870476162279957, 0.025000525885366002, 0.4176581126046419, 0.1529258464181318, 0.44244623896227103, 0.09073396315730092, 0.1411240405363782, 0.09121710476778251, 0.2997458188600828, 0.02248846418542677, 0.03712337998035186, 0.14933994783003213, 0.0]
[0.6324409625085409, 0.2797856050870501, 0.10262087291197558, 6.058483627463852, 0.39353376422171704, 0.3770379507309358, 0.5626954048801478, 0.2663193560181805, 0.2419277076408159, 0.24948623559356758, 0.32713253500494355, 0.26029428442740676, 0.07046647882199333, 0.26809151892565675, 0.23146126074694087, 0.25647249310112463, 0.06844720559670214, 0.2944150922136298, 0.1274743678735471, 0.18816469961905471, 0.005211492184586699]
[0.3483704814425299, 0.4099434096412933, 0.35538126796305036, 0.15282454543429205, 0.20613464436986642, 0.2670412129945986, 0.07198188175075804, 0.6334933855577785, 0.34407170318790065, 0.054265042426780964, 0.21730021129186894, 0.35923902186728124, 0.3410148979216335, 0.3281687636895323, 0.15437038489091362, 0.2613442920614324, 0.2090415153771062, 0.048129235908642806, 0.016706232610882183, 0.14530950271624554, 0.42280782496380154]
[0.3765001107163766, 0.1499734650043949, 0.11129505326953923, 0.19374898080129602, 0.11627541774186445, 0.0, 0.4726853006845633, 0.1283531817613614, 0.1585509400904376, 0.24308003387592142, 0.26413000400452413, 0.2423391036395346, 0.26541301994220023, 0.2110350954103423, 0.34414740458584614, 0.22199054717947342, 0.08247895622794418, 0.2936710053643404, 0.018747011148979493, 0.2604950437029284, 0.024722178548067436]
[0.42155523588769755, 0.007953506002206954, 0.2628513455571415, 0.1727687331128577, 0.5555364926943572, 0.20607729074595862, 0.2588490836025795, 0.10995248702906874, 0.5915282472796477, 0.0, 0.1634339370156039, 0.3739951966795805, 0.21686740186522116, 0.22634662293581712, 0.3359757710114347, 0.12357321678163326, 0.05411532883223062, 0.04121280358219949, 0.11910201979672053, 0.09957342102855707, 0.04166129341577224]
[0.5925711777017515, 0.6912380332052297, 0.7148902628411161, 0.18047562445962845, 0.4404364015881799, 0.17768235352459594, 0.18235702298910889, 0.10391500862483795, 0.32619556495829, 0.1153073559969552, 0.20431773636412826, 0.6648787013391646, 0.18772334968730908, 0.12558227981629427, 0.5025692538811286, 0.21067903160754767, 0.3461492008866019, 0.22293712772138166, 0.024641224882147816, 0.012432635797232902, 0.27479739719669405]
[0.6283188387150918, 0.2706407888609009, 0.4649978016296817, 0.2977926819118968, 0.26401647936523, 0.09697472472661484, 0.36361925309248777, 0.020670839864515, 0.4658012701769017, 0.654675075868925, 0.8341274338750755, 0.5767006297619447, 0.5196097437801084, 0.3158627486534873, 0.07990733836826097, 0.10825466081428409, 0.12738128806288834, 0.3875131680067878, 0.03007421441314835, 0.15301192516851778, 0.21158694430548014]
[0.33252252869889154, 0.36464253540809966, 0.18789435468239593, 0.06527413751663058, 0.3802981214859008, 0.28809532619742195, 0.3864595025041709, 0.4417005036684969, 0.5667074868335846, 0.422947234229894, 1.7209390542418632, 0.6715412380784347, 0.1605066700123608, 0.36493851372809494, 0.16950134087573746, 0.07502421680151031, 0.09029335185210581, 0.11903612894756889, 0.12823505575921781, 0.07851659717934849, 0.1324817124940553]
[0.7229085112040736, 0.2814950336213858, 0.24672313359272352, 0.5958284806248983, 0.70612343831557, 0.09375418809387862, 0.18837769608435953, 0.25488633108409586, 0.6413459404339811, 0.6199911383002604, 0.3333333333333333, 0.4308344429528762, 0.7260465049360888, 0.1686704576635374, 0.32782104486604263, 0.3431553061553688, 0.05226076297843735, 0.41505769028775785, 0.21038837750470388, 0.13641197147178669, 0.0648988057920406]
[0.5113648249218494, 0.9207583777484616, 0.3920975603804056, 0.16003176745619277, 0.20582821261890716, 0.4295275938360623, 0.36053666831282005, 0.08148846661841858, 0.30903327105531636, 0.19414735613777845, 0.8053552263718673, 0.9977378796120561, 0.4222489396325829, 0.5066601705577705, 0.19903937898482327, 0.6100144678843069, 0.045298583513739145, 0.1830358903451697, 0.9988920567911037, 0.23991875665081874, 0.07441884416291389]
[0.5531855991772316, 0.2533156154269665, 0.25986478614117237, 0.0904608172611136, 0.04895355276981099, 0.0381615946531718, 0.5286848262381665, 0.26997899034879874, 0.4081696782308676, 0.5217128671658668, 0.44757282278791877, 0.47500848098831955, 0.2424613338930898, 0.20159382033770085, 0.2432687830577436, 0.037779609824365776, 0.2668052896139215, 0.295918712731605, 0.15488610404836012, 0.15914874313426547, 0.4247093666890072]
[0.3411896738078333, 0.42800578970972025, 0.11459260778593668, 0.3122666489203927, 0.1761041923319953, 0.34319481271872765, 0.3023624138890787, 0.5199092621223298, 1.0288387235350838, 0.17556665442448807, 0.7343787623925857, 0.30408439551980315, 0.4511977184222862, 0.34582443889258174, 0.25954628609687685, 0.2352873011369562, 0.2846689721191921, 0.055981958301426216, 0.35968433881241424, 0.12076927542831724, 0.03157555785370997]
[0.574401736754311, 0.3021855832452498, 0.4596997010307311, 0.38546299442016263, 0.2868121413655348, 0.33510541038568953, 0.014435997086932733, 0.44300257562685874, 0.504882238420567, 0.18707037871407245, 0.28054675885723956, 0.2458004057713611, 0.45779775259444844, 0.2835845164943596, 0.4913799843695347, 0.20513564966731385, 0.2511735541381884, 0.28723657212166537, 0.0, 0.15428813586297252, 0.13150570824239066]
[0.786267128683849, 0.27451163580508403, 0.04942813019148157, 0.3063130584859024, 0.3622156383955087, 0.3658350431781819, 0.290041476993122, 0.08911819405746142, 0.5075808662234103, 0.25400325744375596, 0.18653010102508977, 0.7055709027756458, 0.16452516771818745, 0.1585895513166148, 0.35791891993257074, 0.17611720042700896, 0.06027167791394142, 0.15330520812472875, 0.2429038483749362, 0.0, 0.08114562268044889]
[0.6738467197444664, 0.28866905758667866, 0.331258733083717, 0.6743727909590949, 0.05681696531657382, 0.2525818767884994, 0.6616778795997039, 0.7621298193761188, 0.6575146980596718, 0.238236920613813, 0.5259493380367073, 0.688354629367705, 0.6636810929390302, 0.4269004358744948, 0.5300363455219418, 0.15801961927808975, 0.1328767098492424, 0.6394109681540732, 0.1741327765626669, 0.10469778602736564, 0.0836975474859083]
[0.3924550366405807, 0.15218974632821378, 0.31605210918564697, 0.7509024622646419, 0.6877998084610395, 0.29027335230552676, 0.359341483919115, 0.42716491360042985, 0.3957295042509592, 0.4176206737089705, 0.5587503333775641, 0.40598953473095734, 0.4788286575614971, 0.21778100472866302, 0.23026895956891147, 0.32874678041484934, 0.22402054272951016, 0.3002514505250234, 0.32851995502610215, 0.018266634442828125, 0.14943840493495078]
[0.2033319207658985, 0.5615858555521565, 0.5365933182147031, 0.04693504330204521, 0.3507142927627497, 0.18482067810118935, 0.11404925640341645, 0.1222393359982998, 0.20178456985999532, 0.6869783505788685, 0.39523011317276563, 0.03271339949834798, 0.27905306638104765, 0.2776500567205572, 0.2152126657967194, 0.3539048527799402, 0.09615152498327358, 0.1278469564846645, 0.23157215629430933, 0.18494211135133434, 0.0]
[0.4089699849130971, 0.4314149456642229, 0.7543572598842563, 0.32583068102336943, 0.6764075822382736, 0.7298489867460664, 0.4090097918262086, 0.5474942150414192, 0.5107013128732767, 0.29946285648108895, 0.4437142154684729, 0.41368136684031775, 0.7325899721368027, 0.15061565033248564, 0.45358300448056404, 0.23092002089195574, 0.015054679880580648, 0.08012396261546559, 0.12186039650967752, 0.07778940462640205, 0.0633186154146901]
[0.4526334616560069, 0.4457229502942718, 0.7551694014865977, 0.07501103460641725, 0.2852875627872101, 0.667861872927321, 0.2443032170552089, 0.5916348556387607, 0.4450272731670058, 0.10686808156738004, 0.36847800359756544, 0.9378738196969718, 0.36658515223034854, 0.2792988981798017, 0.08891999450012722, 0.07686247188099349, 0.6389645158229216, 0.3854018105053274, 0.0687237229829135, 0.02665464907599209, 0.0]
