[0.16641630729039508, 0.28598642597595847, 0.13711912433306375, 0.11315949261188507, 0.10750331978003183, 0.12646957486867905, 0.11677202830712, 0.12297437215844789, 0.22581761330366135, 0.12616509447495142, 0.20795029153426486, 0.1422607402006785, 0.23313232759634653, 0.05754560107986132, 0.3040994654099146, 0.019962631165981293, 0.14491459727287292, 0.13867152606447536, 0.014047945539156595, 0.05711416155099869, 0.13077697902917862]
[0.09567721436421076, 0.38514388600985205, 0.042327120900154114, 0.05287916709979375, 0.2365892082452774, 0.0, 0.18053295960028964, 0.2110098401705424, 0.11018593609333038, 0.16560878107945123, 0.10607373217741647, 0.24947160730759302, 0.13983063399791718, 0.09236889332532883, 0.0710350622733434, 0.19109352429707843, 0.21989284579952556, 0.03271199017763138, 0.03011124829451243, 0.09760359674692154, 0.18023733297983804]
[0.18119129290183383, 0.2625098427136739, 0.09213459491729736, 0.1942470719416936, 0.13892608135938644, 0.10513008137543996, 0.33546781043211615, 0.0, 0.2135168860356013, 0.044932651023070015, 0.3161287307739258, 0.10058267414569855, 0.315288033336401, 0.1425992300113042, 0.056371102730433144, 0.10098394999901453, 0.16378821929295856, 0.05166437476873398, 0.026946383217970528, 0.19360204289356867, 0.0]
[0.2962280102074146, 0.11616256708900133, 0.03431413819392522, 1.6940164739886918, 0.21139560267329216, 0.1896168862779935, 0.2805467074116071, 0.09212198356787363, 0.11999988059202829, 0.11061312506596246, 0.12321573992570241, 0.12530014663934708, 0.049917613466580704, 0.17467085147897402, 0.13049721593658128, 0.10792426392436028, 0.10737404227256775, 0.21097253635525703, 0.06327596306800842, 0.1125398688018322, 0.028173295160134632]
[0.14581380163629848, 0.15333933879931766, 0.3390164623657862, 0.05151732265949249, 0.08409593751033147, 0.09134715795516968, 0.10978278517723083, 0.2603237529595693, 0.3262193625171979, 0.028046466410160065, 0.2034420631825924, 0.14102086176474887, 0.23608615497748056, 0.3257887413104375, 0.04168122013409932, 0.16783431420723596, 0.1434217020869255, 0.0734040488799413, 0.09031379222869873, 0.06891857335964838, 0.1745479603608449]
[0.17259964843591052, 0.10266823569933572, 0.08722495039304097, 0.19435007870197296, 0.03139527887105942, 0.0, 0.23204715301593143, 0.08408864090840021, 0.07798052330811818, 0.11265174920360246, 0.21145949761072794, 0.12955646589398384, 0.13191083446145058, 0.13524274776379266, 0.16240322589874268, 0.11340149740378061, 0.05704392492771149, 0.11772274722655614, 0.029408685863018036, 0.10361948112646738, 0.03878201047579447]
[0.2645408660173416, 0.04299660523732503, 0.1286044791340828, 0.1433037668466568, 0.2996484488248825, 0.12404301017522812, 0.18795235455036163, 0.10562230149904886, 0.2773891141017278, 0.0, 0.18865075707435608, 0.27215183029572165, 0.06469537814458211, 0.13205534716447193, 0.17381112525860468, 0.17221008737881977, 0.03572767227888107, 0.03895981113115946, 0.10733415186405182, 0.124658798178037, 0.06535462538401285]
[0.3324933995803197, 0.23928406337896982, 0.3677810803055763, 0.09338038663069406, 0.2629442922770977, 0.13518213232358295, 0.08893160273631413, 0.185395710170269, 0.1645708605647087, 0.14967125157515207, 0.13725179185469943, 0.5295055881142616, 0.2501542841394742, 0.14377668251593906, 0.23705856005350748, 0.2010644699136416, 0.21438858906428018, 0.20342496782541275, 0.023294155796368916, 0.06721075375874837, 0.10872406760851541]
[0.2262683535615603, 0.16115575532118478, 0.27719809114933014, 0.1866765022277832, 0.12628544867038727, 0.13714102407296497, 0.20175112038850784, 0.022727067271868386, 0.20142529904842377, 0.35590269168217975, 0.37636978179216385, 0.36024706810712814, 0.23889816055695215, 0.22195823366443315, 0.10137103497982025, 0.13161674762765566, 0.24214884638786316, 0.2501543040076891, 0.021829674641291298, 0.07829001794258753, 0.23119845986366272]
[0.2662977005044619, 0.3636039470632871, 0.14257515718539554, 0.04083232705791791, 0.23981095602114993, 0.20760660618543625, 0.218519593278567, 0.25793762008349097, 0.2336331009864807, 0.2713479896386464, 0.7547125220298767, 0.48299870640039444, 0.12525138507286707, 0.23022033025821048, 0.15547606845696765, 0.06428590168555577, 0.06554034849007924, 0.11166747411092122, 0.08066274970769882, 0.03499917685985565, 0.07546685387690862]
[0.28543574611345923, 0.11498747890194257, 0.19535652423898378, 0.28550429145495093, 0.39160942286252975, 0.16568627953529358, 0.16982864091793695, 0.14021020134290058, 0.2650304511189461, 0.4003769059975942, 0.5297691772381464, 0.24792261918385822, 0.36211211110154784, 0.23417992144823074, 0.4553850206236044, 0.20479188735286394, 0.05535434434811274, 0.42779481038451195, 0.13150342926383018, 0.1272693152228991, 0.15228994190692902]
[0.33762215947111446, 0.3746277764439583, 0.2723580772678057, 0.14450587083896, 0.11349969233075777, 0.17822948098182678, 0.2797355353832245, 0.13485947996377945, 0.18979311610261598, 0.1495483654240767, 0.3784059224029382, 0.5673642829060555, 0.28331682085990906, 0.3403835979600747, 0.09871738155682881, 0.18109849219520885, 0.06908689439296722, 0.2413320889075597, 0.4907214790582657, 0.17314348618189493, 0.05802539363503456]
[0.33635085076093674, 0.1762288212776184, 0.16310272117455799, 0.080644058684508, 0.06194588045279185, 0.04195771118005116, 0.3327459916472435, 0.14328376700480777, 0.23991647486885387, 0.32174499332904816, 0.29339132706324256, 0.26103242486715317, 0.17715474218130112, 0.15767340982953706, 0.142665130396684, 0.08894128228227297, 0.1441234052181244, 0.17530169586340585, 0.11019588510195413, 0.1412457972764969, 0.20488610863685608]
[0.16238433122634888, 0.169564185043176, 0.12474382917086282, 0.1454569970568021, 0.1382785638173421, 0.2070476214090983, 0.385288139184316, 0.22829901551206905, 0.5352214698990185, 0.10824882114926973, 0.5460986072818438, 0.20026516666014987, 0.3339928885300954, 0.28912684073050815, 0.1937973027427991, 0.206081119676431, 0.19332981357971826, 0.07141580681006113, 0.2446329022447268, 0.08544136335452397, 0.0481572945912679]
[0.34991527597109473, 0.2875810811916987, 0.19508246332406998, 0.20670905212561289, 0.20279635737339655, 0.32102590799331665, 0.07804091274738312, 0.3200996269782384, 0.285967451830705, 0.19030454009771347, 0.228129339714845, 0.2645057141780853, 0.5673705761631329, 0.18717334667841592, 0.22430562476317087, 0.19882841904958087, 0.25790062050024665, 0.18056366344292957, 0.0, 0.14185447990894318, 0.13085749248663583]
[0.5539270800848801, 0.1430674319465955, 0.062440623839696244, 0.21351712197065353, 0.2633814215660095, 0.3071204870939255, 0.15504778673251468, 0.0881010020772616, 0.2210014226535956, 0.24639478201667467, 0.25566383947928745, 0.40684691319863, 0.055461615324020386, 0.08965354785323143, 0.3181707635521889, 0.11701383690039316, 0.04374881088733673, 0.1062089999516805, 0.2560543393095334, 0.0, 0.05890037616093953]
[0.2625905076662699, 0.20893640567859012, 0.16119198004404703, 0.4189237020909786, 0.09766238431135812, 0.16972407698631287, 0.4080231785774231, 0.3423372929294904, 0.3146779661377271, 0.08481699973344803, 0.5660347367326418, 0.38364736984173453, 0.29428290079037345, 0.17793477326631546, 0.4057797441879908, 0.20803348223368326, 0.0977909689148267, 0.21007917324701944, 0.052700524528821305, 0.07138277838627496, 0.08731305599212646]
[0.17360202223062515, 0.09467265506585439, 0.16395647078752518, 0.46386751532554626, 0.3409600804249445, 0.2308794508377711, 0.25330064942439395, 0.26478734239935875, 0.18997134268283844, 0.2243839253981908, 0.38063427060842514, 0.22702502459287643, 0.18934170777599016, 0.15869268029928207, 0.2788628165920575, 0.12246332814296086, 0.14552054554224014, 0.17644084990024567, 0.23266460125645, 0.02785926063855489, 0.12971211473147073]
[0.1794270301858584, 0.2428843465944131, 0.2801674505074819, 0.05903658519188563, 0.19186079502105713, 0.09733815242846806, 0.08547094215949376, 0.08683051665623982, 0.05448342363039652, 0.29859479765097297, 0.21525969107945758, 0.05131794512271881, 0.2351260830958684, 0.18205138544241586, 0.1485878030459086, 0.2321106493473053, 0.11837497353553772, 0.0859783130387465, 0.21311074246962863, 0.09333800276120503, 0.0]
[0.2097013642390569, 0.1992047056555748, 0.4237133835752805, 0.21385330458482105, 0.3408661608894666, 0.3377941846847534, 0.3567600225408872, 0.28718189895153046, 0.21105266114075977, 0.2837420751651128, 0.40812626977761585, 0.19731159508228302, 0.2974877953529358, 0.17304237931966782, 0.4161425083875656, 0.17178992678721744, 0.08138550817966461, 0.1168802132209142, 0.17515529443820316, 0.050424762070178986, 0.13520829876263935]
[0.3300953606764475, 0.38615625600020087, 0.3339914965132872, 0.11440268158912659, 0.2396915927529335, 0.33429889132579166, 0.0705366904536883, 0.38534797728061676, 0.2432299604018529, 0.05991227179765701, 0.1333078369498253, 0.45843039949735004, 0.5899694338440895, 0.1349698168536027, 0.09614676485459009, 0.04277195284763972, 0.6198168024420738, 0.1978392203648885, 0.01855594664812088, 0.04181350270907084, 0.0]
