[14.351851851851855, 15.334467120181404, 11.12055933484505, 7.568027210884353, 10.808767951625095, 10.884353741496598, 7.756991685563113, 10.657596371882086, 14.673091458805743, 12.962962962962962, 15.22108843537415, 14.918745275888131, 14.984882842025698, 7.190098261526832, 11.536281179138323, 3.6375661375661377, 10.959939531368102, 13.77551020408163, 3.221844293272865, 6.802721088435374, 10.638699924414212]
[10.63869992441421, 22.75132275132275, 3.72260015117158, 7.312925170068027, 10.988284202569917, 0.0, 15.079365079365077, 14.871504157218443, 10.808767951625095, 11.479591836734693, 13.350340136054422, 21.551398337112623, 14.323507180650036, 10.345804988662131, 4.05328798185941, 14.701436130007558, 14.984882842025698, 3.779289493575208, 3.543083900226757, 7.020030234315948, 7.9648526077097515]
[17.649281934996218, 19.472789115646258, 6.906651549508692, 17.31859410430839, 11.318972033257747, 7.936507936507937, 22.137188208616777, 0.0, 14.862055933484505, 5.857898715041571, 16.10922146636432, 7.747543461829176, 14.55026455026455, 12.972411186696903, 4.034391534391534, 10.40249433106576, 11.328420256991686, 5.489417989417989, 3.165154950869237, 9.646636432350718, 0.0]
[25.88813303099017, 13.416477702191987, 3.6281179138321993, 14.030612244897956, 13.775510204081634, 15.287226001511716, 18.89644746787604, 9.760015117157973, 12.962962962962962, 14.673091458805743, 13.246409674981104, 12.59448223733938, 7.048374905517763, 16.609977324263035, 13.255857898715039, 12.396069538926682, 4.128873771730914, 20.35147392290249, 6.5665154950869224, 10.222978080120937, 2.825018896447468]
[14.918745275888131, 14.795918367346937, 15.343915343915343, 4.024943310657596, 7.284580498866212, 7.416855631141345, 3.977702191987906, 15.532879818594104, 18.73582766439909, 4.109977324263038, 14.947089947089946, 11.800831443688583, 7.9743008314436885, 19.160997732426303, 3.524187452758881, 11.40400604686319, 11.148904006046862, 3.7320483749055176, 3.873771730914588, 7.0578231292517, 11.706349206349206]
[13.766061980347695, 10.808767951625095, 4.062736205593348, 11.64021164021164, 3.2690854119425543, 0.0, 15.447845804988663, 10.374149659863946, 4.081632653061224, 13.869992441421013, 18.35789871504157, 11.06386999244142, 13.907785336356763, 13.369236583522296, 7.889266817838246, 13.83219954648526, 6.698790627362055, 10.582010582010582, 3.429705215419501, 10.58201058201058, 3.6470143613000756]
[21.93877551020408, 3.2029478458049887, 10.704837490551776, 13.945578231292519, 18.49962207105064, 10.232426303854876, 14.370748299319729, 10.090702947845806, 25.075585789871504, 0.0, 11.526832955404382, 21.32464096749811, 6.868858654572939, 11.44179894179894, 11.53628117913832, 14.408541194255479, 3.6942554799697658, 3.524187452758881, 7.794784580498865, 7.454648526077098, 4.043839758125472]
[23.223733938019652, 11.574074074074073, 19.009826152683292, 7.7003023431594855, 18.452380952380953, 11.290627362055933, 7.558578987150415, 10.922146636432352, 14.559712773998488, 10.44973544973545, 13.936130007558578, 27.39984882842026, 15.060468631897205, 13.255857898715039, 15.835222978080122, 14.247921390778533, 15.287226001511714, 14.814814814814813, 3.1273620559334843, 3.6564625850340136, 7.605820105820105]
[18.272864701436127, 18.877551020408163, 17.913832199546484, 17.611489040060466, 11.366213151927436, 9.637188208616779, 17.479213907785336, 3.325774754346183, 18.159486016628872, 24.971655328798185, 22.411186696900984, 26.029856386999242, 15.21164021164021, 18.301209372637942, 7.218442932728647, 10.459183673469388, 11.385109599395314, 15.542328042328041, 2.985638699924414, 6.783824640967497, 8.172713529856386]
[18.584656084656082, 25.755857898715043, 14.134542705971278, 6.953892668178382, 14.994331065759635, 14.814814814814813, 14.795918367346937, 21.438019652305364, 21.80650037792895, 20.285336356764926, 44.52003023431595, 29.459561602418745, 7.473544973544973, 14.777021919879063, 7.879818594104308, 6.679894179894179, 3.9965986394557818, 7.3979591836734695, 9.76946334089191, 6.53817082388511, 7.256235827664399]
[25.90702947845805, 10.137944066515495, 17.611489040060466, 25.349584278155707, 28.930461073318217, 13.54875283446712, 14.32350718065004, 14.02116402116402, 18.187830687830687, 35.04346182917611, 29.53514739229025, 18.962585034013603, 32.27513227513228, 17.337490551776266, 21.863189720332578, 21.116780045351476, 6.150793650793652, 29.20445956160242, 13.671579743008312, 12.877928949357521, 7.350718065003779]
[24.555933484504912, 22.817460317460316, 21.60808767951625, 10.950491307634167, 13.151927437641724, 17.630385487528343, 15.77853363567649, 10.619803476946334, 20.238095238095234, 19.501133786848072, 25.878684807256235, 30.905139833711264, 24.603174603174597, 28.108465608465607, 10.468631897203325, 14.814814814814813, 3.6564625850340136, 14.767573696145124, 13.926681783824638, 11.1583522297808, 6.859410430839003]
[25.160619803476948, 14.474678760393047, 17.261904761904763, 7.2562358276643995, 6.254724111866968, 3.6848072562358274, 25.22675736961451, 16.203703703703702, 14.73922902494331, 25.14172335600907, 21.99546485260771, 20.549886621315196, 13.369236583522296, 16.15646258503401, 10.374149659863946, 9.098639455782314, 10.043461829176113, 16.921768707482993, 10.657596371882086, 12.87792894935752, 14.616402116402115]
[18.272864701436127, 14.266817838246407, 11.120559334845048, 11.45124716553288, 10.459183673469386, 17.857142857142854, 18.698034769463337, 14.909297052154194, 26.719576719576715, 13.142479213907786, 30.4421768707483, 14.465230536659107, 21.976568405139833, 21.164021164021165, 15.032123960695388, 18.017762660619802, 17.48866213151927, 6.698790627362055, 18.50907029478458, 7.284580498866212, 3.306878306878307]
[26.22826908541194, 18.8869992441421, 15.372260015117158, 7.9837490551776265, 11.933106575963716, 22.392290249433106, 3.7887377173091457, 22.23167044595616, 19.36885865457294, 14.02116402116402, 17.69652305366591, 18.291761148904005, 22.61904761904762, 11.356764928193499, 12.037037037037035, 17.101284958427815, 18.556311413454267, 18.71693121693122, 0.0, 7.218442932728647, 10.44973544973545]
[37.39606953892668, 14.040060468631896, 6.953892668178382, 18.22562358276644, 15.77853363567649, 19.255479969765684, 11.583522297808011, 6.887755102040815, 18.811413454270596, 17.280801209372637, 14.559712773998488, 28.297430083144366, 4.05328798185941, 12.670068027210883, 15.523431594860165, 7.360166288737716, 3.6470143613000756, 11.39455782312925, 11.44179894179894, 0.0, 3.91156462585034]
[22.978080120937264, 17.60204081632653, 7.530234315948602, 26.917989417989418, 7.105064247921391, 14.465230536659107, 19.8318216175359, 26.558956916099774, 25.387377173091455, 7.7286470143613, 23.89455782312925, 25.916477702191987, 19.038170823885107, 14.956538170823883, 19.359410430839, 13.681027966742253, 7.426303854875283, 11.980347694633409, 6.53817082388511, 6.651549508692366, 7.0578231292517]
[20.691609977324262, 9.533257747543463, 11.564625850340136, 33.64512471655328, 25.774754346182917, 20.493197278911566, 18.65079365079365, 24.735449735449734, 20.153061224489797, 22.949735449735446, 29.46900982615268, 18.40513983371126, 20.587679516250944, 16.203703703703702, 17.89493575207861, 10.49697656840514, 13.945578231292515, 17.110733182161756, 20.6254724111867, 2.7399848828420255, 10.478080120937262]
[11.300075585789871, 14.295162509448222, 18.6885865457294, 6.849962207105063, 11.602418745275887, 7.766439909297053, 7.237339380196522, 7.152305366591081, 3.7887377173091457, 21.18291761148904, 18.858654572940285, 3.835978835978836, 18.263416477702194, 14.569160997732425, 11.44179894179894, 18.339002267573697, 7.388510959939531, 10.034013605442176, 17.44142101284958, 7.558578987150416, 0.0]
[20.46485260770975, 17.913832199546484, 25.321239606953895, 18.197278911564624, 28.59977324263038, 25.51965230536659, 25.88813303099017, 19.07596371882086, 15.315570672713529, 24.924414210128493, 26.625094482237337, 15.02267573696145, 24.96220710506424, 13.699924414210127, 22.56235827664399, 14.408541194255479, 3.81708238851096, 12.21655328798186, 16.30763416477702, 6.264172335600906, 7.284580498866212]
[22.543461829176113, 26.27551020408163, 26.33219954648526, 4.00604686318972, 14.814814814814817, 19.642857142857142, 6.9916855631141335, 23.12925170068027, 18.641345427059715, 7.095616024187452, 10.922146636432348, 32.87037037037037, 15.721844293272863, 14.247921390778533, 7.4074074074074066, 6.859410430839003, 15.731292517006802, 15.674603174603174, 3.023431594860166, 3.7037037037037033, 0.0]
