[0.711612731218338, 0.0, 0.0, 0.0, 0.0, 0.4920473098754883, 0.0, 0.3217882812023163, 0.0, 0.7451848983764648, 0.0, 0.0, 0.0, 0.0, 0.7451848983764648, 0.0, 0.0, 0.0, 0.0, 0.0, 0.0]
[0.0, 0.0, 2.4602532386779785, 0.0, 1.3964118957519531, 0.0, 0.5902101397514343, 0.0, 0.0, 0.7950065732002258, 0.0, 0.0, 0.0, 0.0, 0.7950065732002258, 0.0, 0.0, 0.0, 0.0, 0.0, 0.0]
[0.7072996497154236, 5.06499719619751, 0.0, 0.0, 0.0, 0.0, 0.0, 0.0, 0.0, 0.0, 0.0, 0.6004787087440491, 0.17309093475341797, 0.0, 0.0, 0.0, 0.33897414803504944, 0.0, 0.0, 0.0, 0.0]
[0.0, 0.0, 0.0, 0.0, 0.4211270213127136, 0.0, 0.0, 0.0, 0.0, 0.0, 0.0, 0.0, 1.5565893054008484, 0.0, 0.0, 0.0, 0.0, 2.0892908573150635, 0.0, 0.0, 0.0]
[1.1305499076843262, 0.0, 3.472121000289917, 0.0, 0.0, 1.333715796470642, 0.0, 0.0, 0.0, 0.0, 0.0, 0.0, 1.8016217947006226, 0.0, 0.0, 0.0, 0.0, 1.0369386672973633, 1.3100651502609253, 0.9635391235351562, 0.0]
[0.3307103216648102, 0.0, 4.302866846323013, 0.0, 0.0, 0.0, 0.0, 0.0, 0.0, 0.6118637919425964, 0.0, 0.0, 2.7414504289627075, 0.0, 0.43273329734802246, 0.0, 0.0, 2.248500883579254, 0.0, 0.0, 0.0]
[0.0, 0.0, 0.0, 0.9426698088645935, 0.0, 0.3264082074165344, 0.0, 0.0, 0.0, 0.0, 0.0, 0.0, 1.306970477104187, 0.0, 0.0, 0.38291144371032715, 0.0, 0.935938835144043, 0.0, 0.6221822500228882, 0.38291144371032715]
[0.0, 0.0, 0.0, 4.159306287765503, 0.0, 0.0, 0.0, 0.0, 0.0, 0.0, 0.0, 0.0, 0.7478843331336975, 0.0, 0.0, 0.0, 0.4208935797214508, 0.0, 0.0, 1.3501893281936646, 0.0]
[0.967212975025177, 0.5486640930175781, 1.7406713366508484, 0.29410219192504883, 0.0, 0.8323705792427063, 0.0, 0.0, 0.0, 1.3039865493774414, 0.9209179282188416, 0.0, 0.6959953308105469, 0.0, 2.0810100436210632, 0.0, 0.0, 0.0, 0.0, 0.7703459858894348, 0.0]
[0.34867098927497864, 1.157253384590149, 0.0, 3.4174073934555054, 0.0, 0.0, 1.8304927349090576, 0.34397754073143005, 0.7838684320449829, 0.5895208716392517, 3.6323435306549072, 0.0, 0.0, 0.0, 18.439120948314667, 0.296517938375473, 0.0, 0.0, 0.0, 0.0, 1.2822327315807343]
[1.8370049893856049, 0.0, 0.0, 0.8894346356391907, 0.42865729331970215, 0.0, 0.0, 0.4625674784183502, 1.8179300427436829, 0.0, 0.0, 0.0, 0.0, 1.7518043518066406, 0.7262134552001953, 0.0, 1.1206505298614502, 0.0, 0.0, 0.4494144320487976, 0.0]
[0.0, 0.0, 0.0, 0.0, 0.0, 0.0, 0.0, 0.28840190172195435, 1.2226251363754272, 0.4221295416355133, 0.0, 1.2825464010238647, 0.5012849569320679, 0.0, 0.4221295416355133, 0.0, 1.2825464010238647, 0.5403781533241272, 0.46373119950294495, 0.0, 0.0]
[0.0, 0.0, 0.0, 0.0, 0.9796016812324524, 0.0, 0.0, 0.0, 0.0, 0.0, 0.0, 0.0, 0.0, 0.0, 0.0, 0.0, 0.0, 0.0, 0.0, 0.0, 1.683912992477417]
[1.3008738458156586, 2.358062982559204, 0.5308143496513367, 1.094010591506958, 0.18704402446746826, 0.556525707244873, 0.0, 0.5308143496513367, 0.0, 0.0, 0.0, 0.458078533411026, 0.0, 4.00970983505249, 3.265707492828369, 0.0, 0.0, 0.0, 0.0, 0.0, 0.0]
[0.0, 0.0, 0.0, 2.035431146621704, 0.8700029850006104, 0.0, 0.0, 0.0, 0.0, 1.7215317487716675, 0.0, 1.3076225519180298, 0.3360341787338257, 0.0, 1.7215317487716675, 0.0, 1.3076225519180298, 0.0, 0.0, 0.0, 2.079125165939331]
[1.1797901391983032, 0.0, 0.0, 0.0, 0.0, 1.5661290884017944, 2.10741925239563, 0.0, 0.0, 0.39483651518821716, 0.0, 0.0, 0.42686599493026733, 0.0, 0.0, 0.0, 0.0, 0.0, 0.2085176706314087, 0.0, 0.0]
[0.0, 0.0, 0.0, 4.721455693244934, 0.0, 0.0, 0.0, 0.0, 1.6631311178207397, 0.0, 0.0, 0.0, 0.0, 3.0027592182159424, 0.0, 0.0, 0.0, 0.0, 0.0, 0.37620827555656433, 0.0]
[0.0, 1.8430278301239014, 0.0, 0.7620936036109924, 0.0, 0.0, 0.0, 0.0, 0.0, 0.0, 0.0, 0.0, 0.1701890379190445, 0.0, 0.0, 0.0, 0.0, 0.0, 0.0, 0.09512988477945328, 0.0]
[0.0, 0.0, 0.0, 0.0, 0.0, 0.0, 0.0, 0.0, 3.137881278991699, 0.9280529022216797, 0.0, 0.8517062664031982, 0.0, 4.307115793228149, 0.0, 0.0, 3.0724380016326904, 0.0, 1.1692345142364502, 0.0, 3.0415638089179993]
[1.3368456363677979, 0.0, 0.0, 0.0, 0.0, 0.0, 0.9257230162620544, 0.0, 0.5089948177337646, 1.892087697982788, 0.0, 0.0, 0.0, 2.405802011489868, 0.23473449051380157, 0.0, 0.15776850283145905, 0.0, 0.0, 0.0, 0.0]
[0.6812989413738251, 0.0, 2.0695879459381104, 0.0, 0.0, 0.4984188973903656, 0.0, 2.0695879459381104, 0.0, 0.0, 0.0, 0.0, 1.6469435691833496, 0.0, 2.1187751293182373, 2.450345277786255, 0.0, 0.0, 0.0, 0.0, 3.093776226043701]
