[0.0474408487478892, 0.0, 0.0, 0.0, 0.0, 0.03280315399169922, 0.0, 0.021452552080154418, 0.0, 0.049678993225097653, 0.0, 0.0, 0.0, 0.0, 0.049678993225097653, 0.0, 0.0, 0.0, 0.0, 0.0, 0.0]
[0.0, 0.0, 0.1640168825785319, 0.0, 0.09309412638346354, 0.0, 0.039347342650095624, 0.0, 0.0, 0.053000438213348385, 0.0, 0.0, 0.0, 0.0, 0.053000438213348385, 0.0, 0.0, 0.0, 0.0, 0.0, 0.0]
[0.047153309981028235, 0.33766647974650066, 0.0, 0.0, 0.0, 0.0, 0.0, 0.0, 0.0, 0.0, 0.0, 0.04003191391626994, 0.011539395650227864, 0.0, 0.0, 0.0, 0.022598276535669964, 0.0, 0.0, 0.0, 0.0]
[0.0, 0.0, 0.0, 0.0, 0.028075134754180907, 0.0, 0.0, 0.0, 0.0, 0.0, 0.0, 0.0, 0.10377262036005656, 0.0, 0.0, 0.0, 0.0, 0.13928605715433756, 0.0, 0.0, 0.0]
[0.07536999384562175, 0.0, 0.23147473335266114, 0.0, 0.0, 0.08891438643137614, 0.0, 0.0, 0.0, 0.0, 0.0, 0.0, 0.12010811964670817, 0.0, 0.0, 0.0, 0.0, 0.06912924448649088, 0.08733767668406169, 0.06423594156901041, 0.0]
[0.022047354777654012, 0.0, 0.28685778975486753, 0.0, 0.0, 0.0, 0.0, 0.0, 0.0, 0.04079091946283976, 0.0, 0.0, 0.18276336193084716, 0.0, 0.028848886489868164, 0.0, 0.0, 0.1499000589052836, 0.0, 0.0, 0.0]
[0.0, 0.0, 0.0, 0.06284465392430623, 0.0, 0.021760547161102296, 0.0, 0.0, 0.0, 0.0, 0.0, 0.0, 0.08713136514027914, 0.0, 0.0, 0.025527429580688477, 0.0, 0.0623959223429362, 0.0, 0.041478816668192545, 0.025527429580688477]
[0.0, 0.0, 0.0, 0.2772870858510335, 0.0, 0.0, 0.0, 0.0, 0.0, 0.0, 0.0, 0.0, 0.0498589555422465, 0.0, 0.0, 0.0, 0.028059571981430054, 0.0, 0.0, 0.09001262187957763, 0.0]
[0.06448086500167846, 0.036577606201171876, 0.11604475577672323, 0.019606812795003255, 0.0, 0.05549137194951375, 0.0, 0.0, 0.0, 0.08693243662516276, 0.061394528547922766, 0.0, 0.046399688720703124, 0.0, 0.1387340029080709, 0.0, 0.0, 0.0, 0.0, 0.051356399059295656, 0.0]
[0.02324473261833191, 0.07715022563934326, 0.0, 0.22782715956370037, 0.0, 0.0, 0.12203284899393717, 0.022931836048762002, 0.05225789546966553, 0.03930139144261678, 0.24215623537699382, 0.0, 0.0, 0.0, 1.2292747298876445, 0.01976786255836487, 0.0, 0.0, 0.0, 0.0, 0.08548218210538228]
[0.12246699929237366, 0.0, 0.0, 0.05929564237594604, 0.028577152887980142, 0.0, 0.0, 0.030837831894556682, 0.12119533618291219, 0.0, 0.0, 0.0, 0.0, 0.11678695678710938, 0.04841423034667969, 0.0, 0.07471003532409667, 0.0, 0.0, 0.029960962136586507, 0.0]
[0.0, 0.0, 0.0, 0.0, 0.0, 0.0, 0.0, 0.01922679344813029, 0.08150834242502848, 0.02814196944236755, 0.0, 0.08550309340159098, 0.03341899712880452, 0.0, 0.02814196944236755, 0.0, 0.08550309340159098, 0.03602521022160848, 0.03091541330019633, 0.0, 0.0]
[0.0, 0.0, 0.0, 0.0, 0.06530677874883016, 0.0, 0.0, 0.0, 0.0, 0.0, 0.0, 0.0, 0.0, 0.0, 0.0, 0.0, 0.0, 0.0, 0.0, 0.0, 0.11226086616516114]
[0.08672492305437723, 0.15720419883728026, 0.035387623310089114, 0.0729340394337972, 0.012469601631164551, 0.03710171381632487, 0.0, 0.035387623310089114, 0.0, 0.0, 0.0, 0.0305385688940684, 0.0, 0.26731398900349934, 0.2177138328552246, 0.0, 0.0, 0.0, 0.0, 0.0, 0.0]
[0.0, 0.0, 0.0, 0.13569540977478028, 0.05800019900004069, 0.0, 0.0, 0.0, 0.0, 0.1147687832514445, 0.0, 0.08717483679453532, 0.022402278582255044, 0.0, 0.1147687832514445, 0.0, 0.08717483679453532, 0.0, 0.0, 0.0, 0.1386083443959554]
[0.07865267594655355, 0.0, 0.0, 0.0, 0.0, 0.10440860589345297, 0.14049461682637532, 0.0, 0.0, 0.026322434345881145, 0.0, 0.0, 0.028457732995351155, 0.0, 0.0, 0.0, 0.0, 0.0, 0.013901178042093912, 0.0, 0.0]
[0.0, 0.0, 0.0, 0.3147637128829956, 0.0, 0.0, 0.0, 0.0, 0.11087540785471599, 0.0, 0.0, 0.0, 0.0, 0.20018394788106283, 0.0, 0.0, 0.0, 0.0, 0.0, 0.025080551703770954, 0.0]
[0.0, 0.1228685220082601, 0.0, 0.050806240240732825, 0.0, 0.0, 0.0, 0.0, 0.0, 0.0, 0.0, 0.0, 0.011345935861269633, 0.0, 0.0, 0.0, 0.0, 0.0, 0.0, 0.006341992318630218, 0.0]
[0.0, 0.0, 0.0, 0.0, 0.0, 0.0, 0.0, 0.0, 0.20919208526611327, 0.06187019348144531, 0.0, 0.05678041776021322, 0.0, 0.28714105288187664, 0.0, 0.0, 0.20482920010884603, 0.0, 0.07794896761576335, 0.0, 0.20277092059453328]
[0.08912304242451985, 0.0, 0.0, 0.0, 0.0, 0.0, 0.06171486775080363, 0.0, 0.03393298784891764, 0.1261391798655192, 0.0, 0.0, 0.0, 0.1603868007659912, 0.015648966034253437, 0.0, 0.010517900188763937, 0.0, 0.0, 0.0, 0.0]
[0.04541992942492167, 0.0, 0.13797252972920734, 0.0, 0.0, 0.03322792649269104, 0.0, 0.13797252972920734, 0.0, 0.0, 0.0, 0.0, 0.10979623794555664, 0.0, 0.1412516752878825, 0.16335635185241698, 0.0, 0.0, 0.0, 0.0, 0.2062517484029134]
