4
7
9
10
11
14
15
16
19
22
24
25
28
31
33
37
38
44
48
49
50
52
55
57
60
63
67
74
75
76
78
86
90
92
97
101
106
107
114
115
122
123
124
130
135
139
140
142
145
146
148
149
153
154
159
160
164
165
166
173
184
190
194
198
201
202
207
210
211
212
216
220
221
224
225
226
232
233
234
235
236
238
239
242
243
244
245
248
249
251
253
255
257
261
262
265
270
271
272
274
276
277
278
279
280
289
291
297
300
301
311
313
314
322
324
325
328
329
334
336
337
342
346
349
350
353
356
357
358
367
370
371
372
373
374
378
382
383
384
386
389
392
393
397
398
399
400
401
405
406
411
413
415
416
422
423
425
428
429
437
438
439
441
443
444
446
451
452
454
455
456
460
461
462
463
466
470
473
474
481
484
485
486
487
489
492
495
501
509
510
511
517
526
528
529
531
532
534
537
539
545
547
549
558
563
566
567
571
572
573
574
575
576
581
584
585
586
591
601
606
608
609
611
612
628
633
640
644
648
658
667
669
671
672
673
680
683
685
693
695
696
697
701
702
703
705
706
708
709
713
714
715
720
721
723
725
726
734
735
736
737
739
742
743
744
749
753
767
771
778
779
780
782
784
788
789
802
806
810
811
815
816
820
826
828
829
831
832
833
834
841
843
844
846
850
860
863
864
865
866
877
886
891
892
895
897
901
902
903
905
909
910
916
917
924
925
932
934
937
938
939
941
943
946
947
953
954
955
959
966
968
978
982
983
987
995
996
1001
1002
1006
1007
1009
1010
1016
1018
1023
1024
1026
1041
1047
1055
1056
1057
1066
1069
1082
1095
1096
1101
1108
1111
1114
1116
1117
1119
1121
1132
1143
1148
1158
1159
1164
1165
1166
1173
1174
1182
1183
1190
1191
1194
1201
1202
1203
1212
1217
1218
1223
1225
1227
1230
1232
1237
1239
1241
1247
1249
1254
1257
1259
1265
1266
1267
1271
1274
1276
1277
1281
1282
1294
1295
1305
1333
1338
1344
1347
1348
1360
1363
1365
1366
1371
1377
1378
1381
1385
1391
1392
1393
1394
1402
1403
1406
1408
1409
1410
1413
1414
1421
1423
1425
1430
1436
1438
1440
1441
1446
1447
1448
1449
1450
1454
1459
1461
1463
1468
1469
1471
1476
1481
1484
1485
1490
1497
1501
1502
1507
1509
1510
1511
1512
1515
1519
1520
1524
1530
1531
1532
1538
1539
1540
1541
1542
1545
1546
1549
1553
1554
1558
1559
1566
1568
1569
1576
1584
1594
1604
1606
1607
1610
1611
1615
1617
1618
1619
1624
1630
1632
1633
1635
1652
1658
1660
1672
1676
1677
1680
1681
1690
1692
1697
1700
1701
1714
1717
1718
1729
1730
1731
1734
1737
1742
1743
1747
1753
1758
1763
1764
1765
1777
1778
1784
1790
1791
1801
1803
1804
1814
1823
1825
1826
1828
1829
1830
1835
1836
1852
1859
1867
1871
1880
1888
1892
1893
1902
1907
1921
1926
1927
1929
1936
1940
1953
1954
1955
1956
1958
1978
1981
1982
1991
1996
2001
2002
2008
2011
2012
2029
2033
2034
2037
2038
2039
2040
2048
2050
2053
2056
2057
2060
2067
2069
2073
2088
2091
2092
2094
2095
2097
2098
2120
2121
2128
2130
2132
2142
2143
2144
2145
2154
2159
2160
2161
2163
2167
2168
2171
2184
2185
2199
2200
2201
2202
2203
2208
2209
2210
2212
2220
2222
2226
2227
2229
2235
2237
2238
2242
2243
2245
2249
2252
2254
2255
2258
2260
2262
2264
2265
2266
2267
2276
2280
2284
2294
2296
2297
2298
2322
2326
2327
2330
2333
2335
2336
2339
2340
2344
2363
2364
2365
2367
2370
2371
2374
2375
2376
2383
2398
2404
2405
2406
2408
2413
2423
2425
2426
2427
2435
2437
2443
2444
2448
2452
2453
2455
2456
2457
2459
2465
2468
2470
2504
2507
2513
2515
2516
2517
2518
2520
2521
2522
2524
2525
2526
2530
2532
2534
2536
2538
2540
2543
2546
2547
2553
2558
2560
2562
2580
2597
2598
2601
2602
2609
2610
2611
2614
2615
2621
2625
2626
2627
2628
2630
2633
2634
2636
2637
2640
2641
2643
2645
2646
2647
2648
2668
2670
2672
2673
2675
2676
2693
2694
2695
2707
2711
2713
2715
2720
2722
2725
2726
2727
2728
2729
2730
2731
2732
2758
2761
2762
2765
2775
2778
2779
2782
2786
2789
2791
2792
2793
2797
2800
2803
2804
2805
2806
2810
2811
2815
2817
2818
2819
2822
2824
2826
2828
2830
2832
2833
2837
2842
2850
2853
2858
2859
2868
2870
2872
2873
2875
2876
2877
2889
2892
2893
2894
2898
2903
2904
2906
2909
2910
2912
2914
2915
2916
2917
2918
2919
2923
2928
2931
2932
2933
2935
2938
2940
2950
2952
2955
2956
2966
2967
2968
2970
2971
2972
2973
2975
2976
2978
2980
2982
2984
2986
2988
2991
2993
2994
2995
2999
3002
3005
3007
3031
3037
3038
3039
3040
3042
3047
3051
3052
3053
3055
3057
3058
3067
3070
3074
3075
3076
3078
3079
3080
3083
3087
3088
3089
3090
3092
3093
3094
3095
3097
3102
3105
3108
3117
3118
3119
3132
3136
3138
3141
3142
3143
3144
3145
3146
3148
3151
3152
3153
3155
3156
3159
3163
3172
3179
3180
3182
3184
3192
3194
3195
3198
3226
3230
3242
3244
3255
3257
3258
3259
3262
3268
3272
3273
3274
3275
3278
3279
3282
3290
3291
3297
3311
3313
3321
3327
3329
3330
3332
3334
3335
3337
3338
3339
3344
3347
3352
3353
3375
3387
3403
3411
3412
3414
3415
3420
3422
3429
3434
3439
3440
3442
3446
3447
3448
3452
3454
3458
3467
3468
3471
3472
3474
3478
3481
3484
3487
3503
3506
3507
3511
3514
3515
3517
3518
3519
3520
3521
3522
3525
3532
3533
3536
3543
3544
3545
3556
3562
3580
3581
3585
3587
3595
3597
3598
3602
3616
3627
3630
3632
3640
3642
3644
3657
3678
3691
3700
3704
3716
3720
3760
3814
3815
3818
3822
3825
3827
3828
3863
3866
3867
3868
3876
3884
3885
3886
3891
3919
3922
3924
3927
3941
3944
3952
3958
3982
3984
4002
4003
4013
4014
4019
4024
4027
4071
4090
4114
4115
4122
4129
4147
4148
4150
4154
4187
4205
4214
4215
4219
4236
4240
4249
4256
4262
4264
4279
4294
4297
4327
4347
4382
4501
4511
4516
4519
4538
4541
4552
4566
4567
4568
4570
4574
4575
4577
4579
4580
4581
4614
4619
4627
4630
4631
4643
4644
4647
4665
4688
4730
4742
4748
4751
4756
4837
4870
4874
4886
4892
4900
4907
4915
4928
4931
4935
4936
4938
4945
4950
4951
4969
4972
4974
4980
5011
5019
5028
5032
5036
5053
5054
5060
5064
5067
5068
5070
5071
5076
5078
5079
5085
5088
5089
5099
5175
5255
5292
5300
5303
5307
5309
5329
5331
5351
5360
5370
5386
5396
5401
5407
5419
5438
5462
5463
5474
5488
5514
5577
5597
5608
5638
5639
5641
5647
5648
5654
5657
5659
5669
5678
5681
5691
5697
5700
5701
5710
5715
5720
5728
5742
5756
5757
5759
5764
5773
5782
5785
5786
5787
5811
5828
5844
5849
5850
5853
5856
5857
5858
5859
5863
5865
5867
5869
5872
5882
5888
5892
5893
5917
5920
5922
5923
5925
5926
5950
5954
5958
5959
5967
5968
5972
5982
5990
5996
5998
6008
6017
6018
6020
6021
6032
6038
6040
6045
6059
6062
6066
6072
6082
6085
6087
6090
6094
6096
6097
6100
6104
6118
6132
6134
6141
6148
6150
6151
6183
6185
6188
6196
6252
6273
6292
6299
6313
6332
6338
6341
6348
6349
6377
6382
6393
6395
6406
6416
6432
6459
6462
6472
6485
6512
6544
6546
6547
6558
6608
6613
6625
6626
6629
6639
6659
6662
6673
6682
6700
6703
6704
6706
6710
6728
6734
6740
6749
6759
6774
6779
6806
6918
6921
6925
6949
6966
6967
6970
6978
6983
6984
7023
7084
7086
7088
7090
7092
7108
7113
7114
7123
7128
7158
7159
7188
7210
7245
7250
7255
7258
7264
7271
7279
7283
7308
7329
7338
7345
7346
7349
7350
7369
7371
7372
7377
7378
7392
7418
7419
7427
7456
7478
7486
7498
7539
7541
7543
7544
7545
7546
7556
7561
7568
7573
7595
7608
7630
7636
7653
7654
7657
7658
7659
7665
7672
7688
7700
7701
7704
7711
7714
7719
7732
7743
7746
7747
7749
7752
7753
7754
7756
7763
7764
7772
7777
7781
7782
7788
7797
7798
7801
7807
7809
7811
7812
7817
7823
7833
7843
7844
7854
7894
7902
7913
7997
7998
8002
8016
8019
8033
8036
8040
8099
8160
8172
8176
8180
8181
8184
8185
8192
8213
8214
8216
8220
8252
8253
8269
8271
8283
8284
8288
8298
8300
8303
8306
8313
8315
8320
8321
8323
8333
8348
8358
8360
8361
8362
8363
8365
8369
8370
8376
8380
8382
8383
8388
8390
8402
8409
8410
8420
8421
8422
8442
8448
8464
8490
8494
8496
8504
8511
8512
8513
8531
8555
8558
8559
8561
8562
8563
8564
8580
8591
8605
8609
8619
8624
8672
8679
8680
8685
8701
8702
8707
8711
8712
8714
8716
8717
8718
8719
8734
8736
8737
8740
8741
8747
8750
8753
8754
8755
8756
8758
8759
8780
8825
8839
8864
8887
8896
8897
8898
8917
8919
8920
8946
8954
8957
8959
8971
8973
8993
9005
9006
9007
9015
9023
9036
9061
9065
9070
9074
9081
9083
9105
9109
9111
9126
9146
9150
9152
9153
9154
9156
9177
9178
9181
9201
9205
9222
9224
9226
9257
9259
9274
9288
9292
9294
9296
9298
9304
9310
9314
9316
9319
9325
9327
9333
9334
9336
9343
9345
9352
9353
9358
9363
9377
9382
9383
9384
9385
9386
9387
9388
9391
9392
9395
9396
9398
9399
9400
9402
9406
9416
9428
9434
9435
9437
9441
9442
9443
9445
9446
9447
9451
9453
9454
9465
9470
9480
9485
9486
9496
9498
9499
9511
9562
9563
9564
9566
9571
9574
9582
9585
9592
9598
9600
9612
9613
9614
9618
9621
9632
9634
9636
9638
9641
9643
9645
9648
9649
9653
9657
9658
9659
9660
9661
9663
9666
9667
9676
9681
9684
9685
9693
9703
9705
9707
9711
9715
9759
9763
9768
9779
9780
9788
9795
9800
9802
9818
9822
9829
9830
9832
9842
9843
9845
9849
9855
9861
9875
9881
9889
9902
9904
9912
9915
9917
9920
9925
9929
9931
9940
9951
9952
9953
9962
9971
9976
9980
9983
9986
9989
9991
10001
10008
10011
10014
10018
10019
10023
10025
10028
10029
10031
10032
10034
10047
10048
10049
10057
10058
10065
10066
10077
10080
10089
10124
10134
10167
10192
10194
10206
10208
10211
10212
10213
10214
10215
10216
10223
10228
10229
10230
10231
10232
10233
10236
10238
10243
10246
10247
10253
10257
10272
10281
10285
10290
10291
10294
10298
10304
10308
10310
10317
10318
10320
10321
10323
10327
10330
10331
10333
10341
10345
10346
10348
10350
10356
10357
10359
10369
10370
10374
10375
10378
10386
10391
10393
10398
10439
10440
10443
10451
10465
10473
10474
10488
10489
10514
10518
10521
10525
10526
10535
10542
10543
10544
10546
10549
10550
10551
10552
10554
10555
10556
10557
10568
10574
10575
10590
10594
10602
10604
10606
10608
10609
10612
10617
10618
10619
10620
10622
10633
10637
10647
10650
10668
10670
10671
10674
10680
10682
10683
10697
10708
10709
10718
10721
10727
10730
10731
10732
10743
10748
10750
10753
10754
10757
10758
10759
10762
10766
10767
10775
10777
10781
10783
10787
10789
10790
10797
10799
10801
10804
10810
10811
10817
10822
10826
10827
10829
10830
10831
10833
10834
10835
10836
10843
10845
10849
10851
10852
10854
10859
10862
10866
10867
10870
10876
10881
10882
10884
10888
10897
10898
10904
10908
10909
10916
10923
10924
10926
10931
10937
10939
10942
10943
10944
10946
10952
10956
10966
10967
10968
10969
10970
10978
10987
10990
10991
10994
10995
10999
11000
11005
11006
11007
11008
11009
11012
11018
11019
11021
11025
11026
11027
11033
11035
11037
11039
11042
11043
11046
11047
11048
11049
11050
11051
11052
11054
11062
11063
11068
11070
11071
11072
11079
11084
11085
11086
11087
11092
11100
11108
11111
11112
11116
11117
11121
11127
11131
11132
11133
11136
11152
11162
11167
11169
11171
11173
11177
11178
11181
11182
11183
11192
11203
11207
11223
11227
11233
11234
11235
11236
11239
11240
11245
11249
11251
11253
11254
11255
11256
11259
11262
11263
11266
11267
11268
11269
11272
11273
11282
11284
11285
11286
11287
11307
11309
11318
11324
11326
11333
11338
11343
11346
11348
11349
11353
11360
11376
11383
11386
11389
11397
11398
11400
11410
11417
11421
11424
11451
11477
11484
11486
11489
11490
11495
11499
11507
11508
11509
11510
11511
11516
11517
11518
11519
11520
11529
11530
11532
11534
11535
11542
11544
11545
11547
11548
11549
11553
11555
11560
11566
11582
11590
11592
11602
11603
11613
11621
11624
11625
11626
11631
11638
11639
11641
11642
11671
11673
11679
11682
11684
11689
11690
11693
11698
11702
11703
11705
11717
11718
11739
11747
11752
11754
11759
11760
11762
11763
11764
11765
11766
11769
11772
11773
11774
11775
11777
11784
11785
11786
11788
11789
11790
11791
11794
11818
11823
11824
11828
11830
11832
11834
11836
11838
11839
11840
11841
11844
11852
11853
11859
11861
11862
11864
11865
11866
11867
11869
11870
11872
11874
11876
11880
11881
11882
11887
11890
11894
11897
11898
11908
11912
11924
11927
11928
11929
11930
11931
11933
11935
11936
11938
11947
11953
11955
11957
11965
11969
11973
11976
11977
11978
11979
11984
11987
11996
12006
12013
12021
12037
12042
12046
12050
12055
12056
12063
12070
12073
12076
12078
12081
12083
12085
12088
12089
12094
12096
12117
12122
12128
12131
12133
12134
12135
12136
12137
12139
12152
12156
12166
12167
12186
12188
12201
12203
12204
12205
12207
12209
12212
12213
12214
12216
12218
12219
12224
12229
12237
12252
12258
12276
12277
12278
12279
12281
12288
12289
12290
12292
12298
12303
12304
12305
12308
12314
12315
12316
12317
12319
12322
12324
12325
12336
12338
12339
12343
12345
12354
12355
12357
12362
12366
12367
12369
12370
12373
12375
12377
12380
12385
12386
12392
12395
12398
12399
12400
12405
12407
12409
12412
12417
12422
12424
12440
12441
12442
12443
12444
12451
12452
12458
12461
12472
12473
12475
12476
12478
12480
12483
12488
12500
12502
12510
12512
12517
12519
12522
12523
12533
12541
12545
12548
12559
12565
12570
12575
12593
12600
12605
12617
12618
12623
12624
12625
12626
12628
12639
12649
12650
12654
12660
12661
12663
12669
12672
12677
12678
12680
12681
12682
12683
12685
12692
12695
12696
12698
12702
12706
12714
12715
12716
12720
12721
12726
12738
12739
12741
12751
12752
12753
12754
12755
12758
12760
12764
12765
12766
12770
12773
12775
12776
12777
12779
12782
12783
12785
12786
12788
12794
12795
12796
12800
12802
12804
12806
12807
12808
12819
12823
12824
12825
12826
12830
12835
12840
12842
12843
12844
12845
12847
12848
12855
12864
12867
12868
12869
12870
12871
12872
12874
12875
12879
12883
12888
12889
12896
12897
12898
12899
12900
12901
12902
12903
12905
12908
12915
12917
12926
12930
12931
12934
12935
12936
12937
12939
12942
12943
12944
12947
12948
12949
12960
12963
12964
12966
12969
12970
12974
12975
12980
12983
12989
12995
12997
12999
13001
13005
13016
13018
13021
13022
13024
13025
13026
13036
13037
13040
13041
13043
13047
13055
13060
13065
13066
13070
13077
13089
13093
13102
13104
13116
13120
13122
13124
13126
13127
13130
13131
13132
13134
13135
13136
13137
13138
13140
13141
13142
13143
13148
13150
13154
13158
13164
13176
13180
13181
13184
