3
4
9
11
12
14
15
16
19
22
23
24
27
29
31
37
38
44
49
50
51
52
53
57
59
60
63
66
67
71
74
76
78
80
84
86
87
88
89
90
91
95
107
111
112
114
120
124
128
130
139
140
142
143
145
146
148
149
153
154
157
159
160
164
165
169
173
176
177
178
186
187
188
194
198
205
206
210
211
212
219
220
221
222
224
225
226
227
232
233
234
235
238
239
240
242
243
244
252
261
262
267
268
274
276
277
278
279
280
289
301
307
308
312
313
314
316
321
322
324
325
328
336
337
342
347
355
356
358
361
362
364
365
370
372
377
378
379
382
383
384
386
390
391
392
393
397
399
400
401
406
410
411
413
416
417
421
423
425
428
429
435
437
438
445
454
455
456
459
462
473
477
481
484
486
487
492
494
495
501
509
510
512
514
522
528
529
531
532
534
537
547
549
552
553
558
566
569
571
572
573
574
575
576
577
581
584
591
598
602
605
606
608
609
611
612
615
628
633
640
644
648
654
667
669
670
671
672
673
677
680
683
692
693
694
695
696
697
700
701
702
703
706
708
709
714
715
720
721
723
725
734
735
737
739
742
744
753
754
762
768
771
772
774
775
777
778
779
783
784
785
788
789
796
799
800
804
805
807
810
811
815
816
820
826
828
829
831
832
834
835
841
843
844
845
849
850
858
859
863
864
865
866
873
877
886
887
889
891
892
897
902
903
905
909
917
923
925
929
930
937
938
939
940
941
943
944
947
953
954
955
957
959
966
972
978
979
983
989
1002
1015
1016
1018
1020
1023
1024
1028
1047
1068
1073
1082
1095
1096
1101
1106
1108
1111
1116
1117
1118
1119
1121
1122
1128
1135
1143
1148
1150
1158
1159
1160
1161
1164
1165
1166
1173
1174
1182
1183
1190
1191
1202
1203
1205
1209
1217
1218
1221
1227
1238
1239
1241
1249
1254
1257
1263
1265
1266
1267
1273
1276
1282
1294
1295
1305
1317
1333
1338
1347
1348
1360
1361
1365
1367
1368
1373
1378
1381
1385
1386
1391
1392
1393
1394
1408
1409
1414
1418
1419
1430
1431
1436
1438
1440
1447
1448
1452
1454
1468
1469
1471
1472
1479
1481
1482
1484
1492
1494
1497
1501
1507
1509
1510
1511
1514
1519
1520
1524
1532
1538
1539
1540
1541
1542
1543
1546
1553
1558
1560
1568
1569
1576
1584
1594
1604
1605
1606
1607
1610
1615
1624
1630
1633
1634
1635
1652
1655
1672
1676
1678
1680
1681
1690
1692
1698
1705
1708
1713
1714
1717
1729
1731
1733
1734
1736
1737
1742
1743
1747
1751
1753
1758
1759
1763
1764
1765
1777
1778
1790
1791
1798
1803
1813
1814
1816
1823
1825
1826
1829
1830
1839
1844
1852
1856
1859
1862
1867
1869
1872
1892
1893
1904
1907
1911
1921
1926
1928
1929
1931
1936
1940
1942
1953
1956
1958
1978
1981
1982
1991
1996
1998
2001
2002
2008
2012
2016
2019
2033
2034
2037
2038
2039
2047
2048
2053
2057
2060
2073
2087
2088
2091
2092
2094
2095
2096
2097
2120
2130
2132
2142
2144
2160
2161
2163
2167
2168
2171
2184
2198
2199
2201
2202
2206
2208
2209
2210
2226
2227
2229
2230
2235
2237
2249
2252
2254
2255
2258
2262
2265
2267
2269
2276
2294
2296
2297
2298
2314
2322
2330
2331
2333
2335
2336
2339
2340
2344
2363
2364
2365
2367
2370
2371
2374
2375
2376
2380
2382
2383
2398
2404
2405
2406
2408
2413
2423
2425
2426
2427
2435
2443
2444
2452
2453
2455
2459
2470
2502
2504
2506
2515
2516
2517
2518
2520
2521
2522
2525
2526
2533
2535
2538
2547
2553
2560
2562
2565
2568
2580
2594
2597
2598
2601
2609
2611
2614
2615
2621
2623
2625
2626
2628
2630
2632
2633
2636
2637
2641
2642
2643
2645
2646
2647
2648
2668
2670
2672
2673
2676
2677
2681
2694
2707
2713
2715
2717
2721
2725
2726
2727
2728
2729
2730
2732
2753
2758
2762
2764
2765
2768
2773
2779
2780
2782
2786
2791
2797
2800
2803
2804
2806
2810
2811
2812
2816
2817
2818
2819
2826
2830
2831
2836
2837
2845
2848
2850
2853
2856
2858
2859
2864
2866
2868
2870
2872
2873
2875
2876
2877
2879
2892
2893
2894
2895
2896
2898
2904
2906
2909
2910
2912
2914
2915
2916
2918
2923
2931
2933
2936
2937
2938
2940
2950
2955
2956
2958
2967
2968
2970
2971
2972
2973
2975
2978
2979
2982
2984
2986
2990
2991
2994
2995
3002
3005
3007
3010
3031
3034
3036
3038
3039
3042
3043
3047
3051
3052
3055
3057
3058
3059
3067
3073
3074
3078
3079
3081
3083
3087
3088
3089
3090
3092
3093
3094
3098
3099
3106
3108
3117
3118
3121
3123
3124
3125
3126
3127
3129
3132
3134
3136
3138
3139
3143
3144
3145
3146
3147
3148
3149
3151
3152
3154
3155
3166
3182
3183
3192
3193
3194
3195
3198
3226
3237
3245
3255
3257
3259
3262
3268
3273
3274
3275
3279
3282
3285
3288
3290
3291
3297
3309
3313
3321
3327
3329
3331
3333
3334
3344
3345
3352
3353
3383
3403
3411
3414
3420
3422
3429
3439
3440
3442
3446
3447
3448
3452
3454
3458
3467
3474
3478
3481
3483
3484
3486
3487
3503
3506
3514
3515
3520
3522
3523
3525
3527
3529
3530
3536
3541
3542
3544
3545
3556
3561
3580
3581
3582
3592
3597
3598
3609
3616
3621
3630
3632
3644
3648
3678
3691
3700
3704
3720
3814
3815
3818
3822
3825
3827
3861
3866
3867
3875
3884
3885
3886
3919
3922
3924
3927
3932
3944
3954
3958
3977
3985
3999
4002
4003
4004
4009
4012
4013
4014
4020
4024
4027
4039
4065
4071
4089
4096
4129
4148
4150
4162
4187
4192
4205
4214
4215
4216
4219
4236
4252
4262
4263
4279
4294
4297
4347
4362
4382
4508
4511
4516
4519
4521
4538
4539
4541
4542
4566
4567
4568
4570
4574
4575
4577
4580
4614
4618
4619
4622
4627
4630
4640
4643
4646
4686
4688
4706
4730
4743
4748
4756
4762
4763
4837
4844
4885
4886
4894
4896
4900
4901
4907
4909
4916
4927
4928
4938
4945
4950
4951
4969
4974
4980
5001
5008
5011
5028
5032
5036
5043
5046
5048
5049
5053
5054
5060
5061
5064
5067
5068
5071
5076
5078
5079
5085
5088
5089
5098
5099
5155
5170
5175
5184
5251
5255
5282
5292
5300
5303
5309
5343
5360
5370
5406
5407
5418
5419
5473
5474
5514
5554
5577
5588
5597
5605
5608
5609
5634
5638
5639
5641
5646
5647
5648
5657
5659
5678
5681
5696
5697
5700
5701
5705
5710
5711
5715
5729
5752
5759
5773
5782
5785
5786
5802
5811
5817
5835
5850
5857
5858
5862
5863
5867
5868
5869
5872
5884
5888
5892
5893
5895
5920
5922
5923
5927
5944
5967
5971
5974
5982
5987
5990
5995
5996
6002
6008
6015
6017
6018
6021
6022
6026
6032
6038
6040
6045
6059
6061
6069
6072
6084
6085
6087
6089
6094
6097
6100
6104
6110
6111
6132
6134
6151
6155
6183
6185
6196
6204
6252
6269
6284
6292
6312
6313
6332
6338
6377
6382
6416
6432
6433
6472
6505
6512
6544
6545
6546
6547
6548
6552
6558
6587
6623
6629
6638
6639
6641
6642
6645
6659
6662
6682
6690
6699
6700
6703
6704
6714
6728
6734
6740
6741
6747
6782
6803
6806
6810
6918
6921
6937
6938
6955
6957
6967
6978
6982
6983
6984
6988
6990
7025
7030
7034
7070
7073
7086
7088
7090
7113
7128
7158
7180
7188
7210
7245
7250
7254
7255
7271
7279
7308
7329
7336
7338
7350
7369
7378
7448
7456
7470
7478
7483
7484
7486
7539
7541
7543
7545
7546
7556
7561
7568
7571
7573
7597
7608
7630
7633
7650
7652
7653
7655
7657
7658
7659
7661
7672
7688
7700
7703
7707
7717
7719
7722
7730
7745
7746
7749
7756
7763
7765
7767
7768
7772
7777
7781
7782
7784
7791
7793
7795
7797
7798
7800
7801
7806
7807
7812
7815
7817
7821
7833
7843
7844
7846
7847
7854
7855
7894
7902
7997
7998
8002
8010
8015
8017
8019
8026
8033
8040
8180
8181
8184
8186
8197
8205
8216
8217
8252
8271
8274
8277
8283
8284
8296
8298
8306
8313
8319
8320
8323
8333
8348
8355
8356
8358
8360
8361
8362
8363
8365
8367
8380
8382
8385
8388
8402
8408
8409
8442
8443
8448
8463
8464
8490
8496
8504
8513
8531
8561
8562
8563
8564
8578
8580
8589
8592
8614
8619
8685
8693
8702
8704
8711
8712
8714
8716
8718
8719
8727
8728
8734
8736
8737
8740
8741
8742
8746
8749
8753
8754
8758
8759
8767
8780
8803
8825
8847
8882
8890
8919
8920
8946
8954
8957
8966
8970
8971
8973
8993
8996
9005
9006
9007
9008
9009
9014
9015
9036
9061
9073
9080
9081
9082
9099
9101
9105
9111
9114
9146
9147
9150
9154
9169
9178
9190
9205
9222
9226
9245
9252
9257
9274
9277
9278
9292
9293
9294
9296
9298
9302
9310
9313
9314
9319
9327
9333
9340
9341
9343
9344
9351
9352
9353
9358
9363
9377
9382
9383
9384
9385
9386
9393
9395
9399
9400
9402
9403
9414
9416
9418
9434
9437
9442
9443
9445
9446
9447
9448
9451
9453
9465
9472
9479
9480
9483
9485
9486
9495
9502
9513
9524
9526
9563
9564
9566
9574
9582
9585
9600
9601
9610
9612
9614
9617
9623
9632
9634
9636
9638
9643
9644
9649
9650
9653
9657
9659
9660
9661
9662
9663
9666
9667
9676
9681
9684
9685
9686
9687
9688
9693
9701
9703
9708
9709
9711
9717
9759
9763
9768
9774
9779
9780
9795
9800
9802
9818
9824
9825
9826
9829
9830
9839
9843
9845
9861
9866
9873
9881
9886
9889
9891
9902
9904
9907
9910
9915
9918
9920
9922
9925
9929
9931
9936
9940
9953
9960
9962
9980
9983
9986
9989
9991
10001
10008
10009
10013
10016
10018
10020
10023
10029
10031
10032
10034
10035
10038
10042
10043
10049
10057
10058
10066
10080
10089
10124
10133
10134
10158
10171
10176
10192
10193
10194
10198
10206
10208
10209
10211
10212
10213
10214
10216
10219
10220
10223
10225
10228
10229
10230
10231
10232
10233
10238
10244
10246
10247
10257
10263
10272
10281
10290
10291
10298
10310
10311
10318
10323
10331
10333
10345
10346
10348
10356
10358
10369
10370
10375
10386
10391
10393
10402
10409
10440
10443
10469
10488
10514
10518
10523
10526
10528
10535
10537
10542
10543
10544
10547
10549
10550
10551
10552
10554
10555
10556
10557
10559
10565
10567
10575
10594
10602
10604
10608
10609
10612
10617
10620
10622
10623
10626
10629
10630
10637
10647
10650
10664
10665
10670
10671
10674
10677
10680
10682
10690
10692
10697
10708
10709
10721
10727
10728
10730
10731
10732
10735
10743
10747
10750
10754
10756
10757
10758
10759
10766
10773
10775
10781
10783
10787
10789
10797
10799
10801
10804
10811
10822
10826
10828
10830
10834
10836
10842
10843
10845
10851
10853
10854
10857
10859
10860
10866
10867
10878
10879
10880
10881
10882
10886
10898
10905
10909
10911
10915
10916
10923
10925
10926
10927
10931
10937
10939
10940
10941
10942
10944
10946
10948
10949
10952
10956
10960
10966
10967
10968
10969
10982
10989
10992
10995
10997
11000
11003
11004
11005
11006
11007
11008
11009
11011
11019
11021
11026
11027
11029
11031
11035
11037
11039
11043
11046
11047
11048
11050
11051
11062
11067
11068
11075
11077
11085
11092
11108
11111
11114
11116
11121
11131
11132
11133
11134
11151
11152
11161
11162
11177
11178
11181
11183
11199
11235
11236
11239
11240
11242
11251
11253
11254
11256
11257
11258
11259
11262
11264
11266
11267
11268
11269
11272
11277
11282
11284
11285
11286
11301
11302
11307
11313
11315
11317
11318
11324
11326
11330
11333
11335
11336
11341
11343
11344
11346
11349
11358
11360
11371
11374
11376
11382
11385
11386
11389
11390
11395
11398
11400
11410
11411
11417
11426
11451
11453
11473
11477
11484
11495
11497
11499
11500
11509
11511
11515
11516
11517
11518
11519
11529
11530
11531
11532
11534
11535
11536
11542
11545
11547
11548
11553
11560
11578
11587
11588
11590
11592
11593
11603
11608
11613
11616
11621
11625
11626
11628
11631
11632
11643
11658
11670
11671
11673
11684
11689
11690
11695
11696
11697
11698
11703
11705
11719
11724
11739
11747
11752
11759
11760
11763
11764
11765
11768
11769
11773
11774
11775
11777
11781
11787
11788
11789
11790
11796
11797
11801
11802
11812
11821
11824
11826
11827
11828
11829
11830
11834
11836
11839
11841
11842
11846
11853
11859
11866
11868
11870
11872
11882
11887
11890
11894
11895
11897
11912
11922
11924
11925
11927
11928
11929
11933
11938
11950
11952
11953
11955
11956
11957
11965
11969
11973
11974
11975
11976
11977
11978
11979
11984
11986
11987
11996
12002
12005
12006
12019
12021
12037
12040
12042
12046
12048
12050
12055
12056
12063
12069
12070
12073
12074
12075
12079
12081
12082
12083
12085
12087
12088
12093
12096
12124
12131
12134
12135
12136
12139
12146
12152
12156
12166
12177
12185
12188
12192
12199
12201
12204
12205
12207
12212
12213
12214
12216
12219
12237
12252
12253
12258
12268
12270
12276
12277
12278
12279
12281
12297
12298
12303
12304
12305
12315
12317
12318
12321
12324
12325
12336
12338
12346
12354
12355
12357
12362
12366
12367
12369
12370
12373
12375
12378
12380
12391
12395
12400
12405
12409
12412
12417
12422
12424
12437
12440
12444
12450
12451
12456
12461
12472
12473
12476
12478
12480
12482
12483
12491
12501
12510
12511
12512
12519
12520
12522
12523
12529
12533
12541
12545
12548
12549
12565
12575
12588
12593
12598
12605
12617
12618
12624
12625
12626
12627
12630
12639
12649
12650
12659
12660
12661
12669
12672
12677
12678
12680
12681
12682
12683
12694
12696
12701
12706
12714
12716
12720
12721
12725
12726
12735
12738
12741
12742
12752
12754
12756
12758
12760
12765
12766
12767
12769
12770
12772
12777
12782
12783
12785
12790
12794
12795
12796
12800
12803
12804
12806
12807
12808
12815
12816
12819
12823
12824
12825
12826
12827
12828
12831
12832
12835
12843
12844
12848
12851
12860
12864
12867
12869
12870
12872
12874
12875
12888
12889
12896
12897
12898
12899
12901
12902
12905
12908
12914
12915
12916
12917
12926
12928
12930
12931
12934
12935
12936
12939
12940
12941
12942
12943
12944
12947
12949
12952
12953
12960
12963
12966
12969
12970
12974
12983
12989
12992
12997
13006
13017
13018
13021
13022
13024
13025
13026
13029
13036
13037
13040
13041
13043
13044
13047
13059
13060
13065
13077
13089
13120
13121
13122
13123
13124
13126
13127
13130
13131
13133
13134
13135
13136
13137
13138
13139
13140
13141
13143
13150
13153
13179
13180
13181
13183
