16
22
24
52
57
76
78
107
124
147
164
233
235
238
342
357
360
361
362
372
390
394
398
413
426
437
438
439
463
473
481
484
486
489
492
509
510
514
518
519
528
529
531
534
537
549
553
558
563
566
571
572
574
575
581
584
586
628
640
644
648
669
672
714
735
754
778
788
807
810
820
829
843
865
871
886
892
903
925
938
940
954
962
966
983
990
1002
1006
1016
1024
1045
1057
1059
1064
1082
1086
1095
1096
1097
1101
1116
1117
1130
1142
1152
1176
1178
1182
1183
1190
1192
1203
1206
1241
1249
1257
1265
1266
1267
1268
1352
1371
1390
1391
1393
1431
1438
1447
1452
1468
1470
1471
1476
1497
1501
1507
1509
1510
1539
1545
1546
1553
1554
1575
1580
1584
1596
1600
1606
1610
1615
1618
1619
1620
1630
1633
1639
1641
1644
1652
1658
1671
1672
1715
1731
1752
1766
1768
1777
1784
1791
1816
1825
1829
1852
1860
1862
1872
1875
1891
1892
1895
1904
1905
1910
1927
1951
1956
1958
1975
1978
1982
2004
2012
2014
2016
2019
2037
2067
2069
2091
2092
2121
2130
2131
2132
2141
2142
2143
2149
2160
2161
2167
2171
2180
2184
2186
2195
2199
2201
2210
2220
2226
2227
2237
2250
2258
2262
2266
2269
2280
2294
2297
2322
2323
2327
2330
2333
2336
2339
2340
2344
2366
2367
2383
2395
2398
2405
2435
2452
2453
2457
2465
2466
2506
2507
2511
2513
2517
2518
2520
2522
2523
2526
2528
2532
2546
2553
2560
2580
2594
2597
2601
2609
2628
2645
2646
2647
2648
2657
2668
2673
2691
2707
2711
2727
2753
2765
2782
2786
2791
2803
2804
2815
2817
2818
2819
2826
2853
2873
2875
2877
2894
2909
2910
2914
2915
2923
2944
2945
2955
2956
2967
2969
2970
2973
2984
2986
2991
3002
3005
3037
3039
3047
3051
3053
3058
3074
3108
3117
3120
3121
3123
3146
3149
3151
3152
3153
3155
3157
3182
3226
3227
3230
3253
3259
3262
3309
3329
3333
3338
3348
3403
3420
3422
3426
3430
3446
3447
3452
3454
3473
3484
3486
3520
3525
3536
3541
3571
3580
3581
3630
3644
3647
3718
3760
3795
3821
3861
3875
3885
3886
3939
3941
3944
3955
3984
3985
3995
3999
4002
4003
4020
4024
4027
4091
4211
4214
4216
4236
4240
4241
4249
4256
4279
4297
4327
4494
4516
4519
4538
4539
4540
4548
4569
4614
4619
4742
4743
4765
4810
4891
4892
4900
4907
4928
4945
4982
5036
5037
5061
5067
5071
5080
5089
5155
5167
5178
5193
5281
5292
5309
5343
5347
5360
5370
5401
5407
5438
5462
5463
5473
5474
5496
5554
5577
5588
5605
5608
5638
5639
5641
5648
5657
5668
5681
5729
5756
5758
5773
5811
5822
5849
5852
5853
5867
5868
5872
5884
5888
5917
5920
5927
5940
5968
5982
5995
5996
5999
6018
6038
6045
6063
6069
6084
6094
6100
6104
6111
6134
6177
6181
6313
6347
6376
6377
6406
6416
6459
6488
6514
6541
6547
6552
6558
6624
6641
6682
6703
6710
6746
6759
6782
6806
6857
6922
6933
6967
6983
6984
7086
7090
7108
7109
7110
7120
7188
7210
7264
7271
7276
7279
7337
7372
7392
7478
7486
7488
7539
7543
7556
7571
7597
7625
7653
7659
7701
7704
7710
7734
7753
7756
7781
7782
7788
7815
7817
7843
7844
7894
7902
7913
8002
8033
8042
8074
8180
8181
8182
8200
8213
8250
8283
8291
8303
8390
8391
8409
8410
8422
8437
8448
8559
8591
8605
8608
8619
8667
8672
8702
8711
8712
8713
8714
8716
8717
8718
8734
8741
8753
8759
8890
8898
8910
8920
8923
8976
9005
9007
9009
9015
9080
9083
9099
9146
9178
9190
9209
9215
9257
9292
9296
9298
9317
9333
9336
9343
9348
9352
9363
9377
9382
9383
9387
9394
9396
9402
9416
9418
9428
9434
9435
9437
9442
9443
9445
9446
9451
9455
9456
9458
9463
9465
9485
9511
9564
9582
9591
9592
9605
9630
9643
9644
9649
9660
9661
9674
9676
9678
9691
9711
9718
9768
9780
9782
9788
9822
9830
9831
9877
9889
9907
9915
9924
9931
9951
9986
10009
10013
10018
10023
10035
10049
10080
10124
10139
10192
10206
10208
10211
10216
10230
10231
10246
10247
10331
10345
10355
10362
10369
10375
10386
10391
10404
10438
10440
10451
10488
10543
10544
10552
10554
10555
10559
10585
10590
10598
10602
10608
10615
10616
10617
10618
10619
10620
10622
10648
10668
10671
10708
10712
10715
10721
10743
10757
10781
10789
10790
10799
10806
10822
10826
10828
10839
10849
10875
10886
10899
10900
10904
10905
10909
10926
10931
10939
10952
10954
10955
10960
10979
10999
11008
11027
11029
11046
11048
11050
11062
11075
11085
11086
11087
11108
11114
11121
11127
11128
11131
11132
11152
11164
11171
11178
11182
11183
11195
11207
11208
11229
11234
11235
11236
11259
11262
11273
11285
11291
11307
11314
11318
11324
11326
11346
11347
11376
11382
11395
11410
11417
11422
11447
11453
11459
11472
11484
11494
11509
11512
11517
11518
11530
11535
11553
11578
11590
11591
11592
11593
11594
11598
11603
11613
11615
11617
11626
11631
11638
11642
11657
11658
11666
11673
11684
11690
11698
11705
11716
11717
11741
11754
11760
11764
11765
11766
11769
11790
11803
11828
11830
11834
11841
11853
11860
11862
11867
11872
11897
11899
11924
11927
11933
11953
11955
11956
11960
11965
11969
11973
11974
11977
11983
11984
11987
11996
12002
12004
12005
12008
12019
12021
12036
12064
12073
12087
12089
12096
12107
12109
12131
12132
12136
12137
12156
12161
12166
12167
12185
12188
12192
12203
12205
12214
12219
12236
12237
12242
12276
12278
12281
12288
12298
12308
12338
12339
12350
12354
12355
12356
12357
12375
12379
12381
12385
12386
12392
12393
12395
12407
12417
12424
12434
12440
12443
12444
12451
12455
12466
12473
12476
12478
12482
12504
12507
12522
12529
12531
12541
12565
12605
12618
12619
12625
12626
12660
12669
12678
12688
12697
12701
12706
12716
12718
12721
12725
12738
12765
12772
12779
12786
12807
12823
12826
12827
12828
12835
12848
12855
12864
12866
12867
12869
12870
12872
12888
12889
12901
12902
12908
12917
12931
12934
12939
12948
12983
12987
13021
13022
13024
13025
13030
13037
13041
13077
13089
13114
13115
13126
13127
13135
13137
13140
13149
13153
13180
13183
