[0.0, 0.0, 1.0251577198505402, 0.8178768157958984, 0.0, 1.2766724824905396, 0.0, 0.0, 0.4127502739429474, 0.0, 0.6026076674461365, 2.1557698249816895, 1.602089285850525, 1.5023112297058105, 0.0, 0.0, 0.0, 0.0, 0.0, 0.0, 3.7937813997268677]
[0.0, 0.0, 0.0, 0.0, 0.0, 0.0, 0.0, 0.0, 0.0, 0.6830483675003052, 0.0, 0.0, 0.0, 0.0, 0.0, 0.0, 0.0, 0.0, 0.0, 1.2067378759384155, 0.0]
[0.0, 0.0, 0.0, 0.582642138004303, 0.0, 0.0, 0.0, 0.0, 0.0, 0.0, 4.2147520780563354, 0.46516281366348267, 1.5289840698242188, 2.853389024734497, 0.0, 2.853389024734497, 0.4754711091518402, 0.0, 0.3110339045524597, 0.0, 0.4565834701061249]
[2.03131365776062, 0.8178768157958984, 0.0, 1.9382202625274658, 0.0, 1.318742573261261, 0.0, 0.0, 0.6026076674461365, 0.0, 0.6026076674461365, 2.663037657737732, 2.68537437915802, 0.0, 0.0, 0.0, 0.0, 0.0, 0.9590976238250732, 0.0, 0.40577077865600586]
[0.0, 0.7650920152664185, 0.0, 0.0, 0.0, 1.1991795003414154, 0.3062986135482788, 0.8972627520561218, 0.40991902351379395, 0.0, 0.5698384642601013, 0.0, 0.0, 1.3841826915740967, 0.0, 0.8460190296173096, 1.4965429306030273, 0.0, 0.6061945557594299, 0.0, 1.0125259160995483]
[0.0, 0.0, 0.0, 0.47166216373443604, 0.0, 0.0, 0.0, 0.9166319966316223, 0.0, 0.7140544056892395, 1.1460541486740112, 2.36938214302063, 1.1493492126464844, 1.4990904927253723, 0.0, 1.3576407432556152, 0.0, 0.0, 1.403786063194275, 0.0, 0.49501585960388184]
[5.583265602588654, 0.0, 0.0, 1.1021518111228943, 1.71176677942276, 2.961392104625702, 1.156104862689972, 0.0, 3.1942083835601807, 2.3048707246780396, 0.0, 2.676105260848999, 2.6784121990203857, 0.0, 0.0, 0.0, 0.0, 0.0, 0.6042504906654358, 0.0, 0.2458311766386032]
[0.0, 0.0, 0.0, 0.0, 0.0, 1.3146597743034363, 0.0, 1.7994754314422607, 0.0, 2.193263500928879, 1.126950740814209, 0.7170119285583496, 0.0, 2.2288034558296204, 0.0, 1.075059413909912, 0.0, 0.0, 2.351570188999176, 0.0, 0.5138440728187561]
[0.47036507725715637, 0.0, 0.0, 0.0, 0.42388173937797546, 0.0, 0.0, 0.0, 0.0, 3.3916299045085907, 1.0813844203948975, 2.36938214302063, 0.0, 1.6079996824264526, 0.0, 0.6868422627449036, 1.403786063194275, 0.0, 1.6790120601654053, 1.32464200258255, 0.0]
[2.966641426086426, 0.7272459268569946, 3.9390310049057007, 0.0, 0.5166928172111511, 0.0, 0.0, 3.990187883377075, 1.2946981191635132, 4.733242154121399, 1.0532054901123047, 1.1294268369674683, 0.0, 1.8278924226760864, 0.0, 3.31921923160553, 0.814026415348053, 0.0, 0.9688379168510437, 0.5336871147155762, 0.0]
[0.0, 0.7550773024559021, 1.505798578262329, 0.8728481531143188, 1.9685933291912079, 0.7126508355140686, 0.5120883584022522, 0.0, 0.0, 0.6308068633079529, 0.9966448545455933, 0.5007781982421875, 0.0, 0.0, 3.688591241836548, 2.5901087522506714, 0.0, 0.0, 1.6332150399684906, 1.7230064868927002, 0.0]
[2.619127243757248, 0.0, 0.0, 0.0, 1.0890973806381226, 0.0, 1.5226176977157593, 1.6450952291488647, 0.0, 0.0, 2.6427174508571625, 1.6505669355392456, 0.515526533126831, 8.962721705436707, 0.0, 0.0, 0.32703232765197754, 0.8914783596992493, 0.803164154291153, 3.1732837557792664, 0.0]
[0.5998145341873169, 0.0, 0.4186873137950897, 1.0308969020843506, 0.6443172097206116, 2.3000749349594116, 1.390202522277832, 6.815391719341278, 0.0, 3.6038153171539307, 0.7011632919311523, 0.8796890377998352, 2.052072823047638, 0.0, 0.0, 0.0, 0.0, 0.0, 1.0303148031234741, 0.0, 0.0]
[2.912907838821411, 3.618499279022217, 7.231245994567871, 1.239251732826233, 1.652321457862854, 5.061973184347153, 0.3572791814804077, 0.0, 0.47583189606666565, 0.0, 1.8222996592521667, 0.0, 0.0, 1.0667790174484253, 0.0, 2.239850163459778, 0.0, 0.4066568911075592, 0.0, 0.0, 0.0]
[1.2934490442276, 0.0, 1.5078077912330627, 0.0, 2.611715078353882, 1.2375843524932861, 4.664053678512573, 1.6128461360931396, 1.668270766735077, 0.0, 0.7784794569015503, 1.099745512008667, 0.0, 0.9427191019058228, 0.0, 0.6761035323143005, 0.593421995639801, 2.7148234248161316, 0.981703370809555, 1.2247062027454376, 1.4906559586524963]
[2.3121597170829773, 0.6149178147315979, 1.8739192485809326, 0.0, 0.0, 1.9093420505523682, 0.7700723707675934, 1.2699554562568665, 0.3533450663089752, 0.8796890377998352, 0.596369743347168, 1.3350169360637665, 0.5438909530639648, 0.0, 0.0, 0.0, 0.7857019305229187, 0.0, 2.2084746658802032, 0.0, 0.0]
[0.8000903129577637, 0.6735820174217224, 0.0, 0.4541327655315399, 0.2551395297050476, 1.9003742933273315, 0.44564592838287354, 3.7187824845314026, 1.057872623205185, 0.776569664478302, 0.7459105849266052, 0.8370475172996521, 0.0, 2.282235711812973, 0.0, 1.686082899570465, 5.5769171714782715, 0.0, 0.0, 0.0, 0.0]
[0.0, 0.8127461075782776, 1.0894451141357422, 0.0, 0.0, 0.7151439189910889, 0.0, 0.0, 0.5153955221176147, 1.4079434871673584, 0.0, 0.7825012803077698, 0.4343462586402893, 0.0, 2.1597161293029785, 0.8553165793418884, 1.500229686498642, 0.8553165793418884, 0.8259327709674835, 1.1292888820171356, 0.0]
[3.0850180983543396, 6.502097308635712, 1.9351819157600403, 1.7788662910461426, 0.0, 1.3015499114990234, 1.0225089490413666, 0.47404223680496216, 0.0, 0.0, 1.0324913263320923, 1.3065120875835419, 0.7962925434112549, 2.349500745534897, 0.0, 2.690253973007202, 0.0, 0.0, 0.0, 0.0, 0.0]
[1.246048927307129, 0.6360831260681152, 0.0, 0.0, 0.7460974454879761, 3.0384369790554047, 2.291661024093628, 4.535531759262085, 0.0, 0.0, 0.0, 0.0, 1.2575567960739136, 0.32228317856788635, 0.0, 0.0, 0.0, 0.0, 0.0, 0.0, 0.4944833219051361]
[0.0, 0.0, 0.7923261523246765, 0.39779672026634216, 0.0, 0.0, 0.0, 15.776707381010056, 1.2308276891708374, 0.3309099078178406, 0.8346942067146301, 0.37968531250953674, 1.628598690032959, 0.0, 4.41656368970871, 0.0, 0.33110976219177246, 0.0, 0.0, 0.0, 0.0]
