[0.0, 0.0, 0.20221462832545525, 0.2106402387800157, 0.0, 0.41680648426745504, 0.0, 0.0, 0.04141397731202208, 0.0, 0.15519870536738478, 0.6514672948893385, 0.7085742073938687, 0.3623966755885768, 0.0, 0.0, 0.0, 0.0, 0.0, 0.0, 0.973152878275592]
[0.0, 0.0, 0.0, 0.0, 0.0, 0.0, 0.0, 0.0, 0.0, 0.22300080290524826, 0.0, 0.0, 0.0, 0.0, 0.0, 0.0, 0.0, 0.0, 0.0, 0.3355885230884794, 0.0]
[0.0, 0.0, 0.0, 0.17607273890542924, 0.0, 0.0, 0.0, 0.0, 0.0, 0.0, 1.652956668602488, 0.151865791449351, 0.4620544848315314, 0.7348766145393955, 0.0, 0.7348766145393955, 0.11469604026642509, 0.0, 0.14829346019532583, 0.0, 0.17895442177617685]
[0.5231550591043784, 0.2106402387800157, 0.0, 0.4808963166051641, 0.0, 0.24737745696563512, 0.0, 0.0, 0.15519870536738478, 0.0, 0.15519870536738478, 0.6676345680907497, 0.5687706201083116, 0.0, 0.0, 0.0, 0.0, 0.0, 0.2313593771825652, 0.0, 0.15903877346058237]
[0.0, 0.2497863135596024, 0.0, 0.0, 0.0, 0.5144945755041265, 0.1, 0.09002833335904963, 0.04112989914553776, 0.0, 0.05717567914599946, 0.0, 0.0, 0.4182959345950023, 0.0, 0.25566446021405514, 0.45225086806008996, 0.0, 0.19790966362434467, 0.0, 0.3059823511410012]
[0.0, 0.0, 0.0, 0.14253491738726567, 0.0, 0.0, 0.0, 0.3152090775765021, 0.0, 0.2798681985949874, 0.3741623690024866, 0.6102229709021587, 0.4960979692378043, 0.4166299441409601, 0.0, 0.5522654863469515, 0.0, 0.0, 0.36153834640679045, 0.0, 0.16161217769464617]
[1.4283914571338538, 0.0, 0.0, 0.33911114680797505, 0.25683243855301935, 1.0981778116557588, 0.45853619524343386, 0.0, 0.965280370305059, 0.7598273796272816, 0.0, 0.6892180341328562, 1.1678833336622745, 0.0, 0.0, 0.0, 0.0, 0.0, 0.24579896615543825, 0.0, 0.1]
[0.0, 0.0, 0.0, 0.0, 0.0, 0.578034701130341, 0.0, 0.6698134738445806, 0.0, 0.6127668609972885, 0.4584246620887069, 0.17296198958572895, 0.0, 0.31167905164963994, 0.0, 0.4373161405358926, 0.0, 0.0, 1.0165500542652903, 0.0, 0.16775918991803207]
[0.14214294167223399, 0.0, 0.0, 0.0, 0.20209658473220032, 0.0, 0.0, 0.0, 0.0, 0.9335513184246121, 0.30035497855948357, 0.6102229709021587, 0.0, 0.4859327703513867, 0.0, 0.16568427883031364, 0.36153834640679045, 0.0, 0.4927594603406039, 0.2730581485311902, 0.0]
[0.7640442256055753, 0.07296941568905933, 1.04658123698149, 0.0, 0.20251382363543216, 0.0, 0.0, 1.2058230319213035, 0.22330578026525832, 1.219023743297514, 0.2540606505371586, 0.2908784477426171, 0.0, 0.743555983284933, 0.0, 1.1302015206619607, 0.19636441566185245, 0.0, 0.31630502849087677, 0.12873926011673226, 0.0]
[0.0, 0.30715278378459804, 0.4549018719662852, 0.3550599907828186, 0.7626886346621881, 0.16910526303733858, 0.05138122733154851, 0.0, 0.0, 0.3007534905543354, 0.1, 0.1634934590271186, 0.0, 0.0, 1.5004570584873993, 0.6422106908029748, 0.0, 0.0, 0.5378125982576364, 0.5206874881005925, 0.0]
[0.6536570242706138, 0.0, 0.0, 0.0, 0.28049179030592863, 0.0, 0.39214286213189625, 0.3968399025992255, 0.0, 0.0, 0.8316656684017976, 0.39815982097995883, 0.15579060068839592, 1.514415397882714, 0.0, 0.0, 0.15592112227451305, 0.22959596228624177, 0.2528329797895562, 0.8809133391480266, 0.0]
[0.2859770958991466, 0.0, 0.1265260736845537, 0.2486792369002594, 0.21035590147033242, 0.41320276449215565, 0.3353531295688964, 1.543656256241456, 0.0, 0.9281452955548967, 0.3342977379653439, 0.22655967915412917, 0.7915015122548001, 0.0, 0.0, 0.0, 0.0, 0.0, 0.31135810043217027, 0.0, 0.0]
[0.7026693911430745, 1.725213138974668, 1.7443652533355438, 0.12434235998652228, 0.6721366591723776, 2.061614385121441, 0.14003286040914084, 0.0, 0.04774337557620912, 0.0, 0.7053020187922621, 0.0, 0.0, 0.2747438032488776, 0.0, 0.5768626327957478, 0.0, 0.04080258772749787, 0.0, 0.0, 0.0]
[0.3120136656124813, 0.0, 0.40702484377540404, 0.0, 0.6726346524378249, 0.12417506063958422, 1.156173811660312, 0.7689661184302605, 0.4151345240600954, 0.0, 0.2004936385530221, 0.35904358144779036, 0.0, 0.38348232099613455, 0.0, 0.2043164971314435, 0.1528329797895562, 0.5414844249087002, 0.2528329797895562, 0.3961728102699447, 0.49891616888167534]
[0.7865560987364681, 0.25013825469158846, 0.7379590856655536, 0.0, 0.0, 0.5188809126212812, 0.1546323195797124, 0.22765206025997023, 0.03545345813981834, 0.22655967915412917, 0.23374258941238835, 0.4436490336223499, 0.2593140818999858, 0.0, 0.0, 0.0, 0.18953181071593997, 0.0, 0.6598140977124589, 0.0, 0.0]
[0.24178493724587954, 0.27400186853108405, 0.0, 0.11695970875064406, 0.1, 0.48761512657748174, 0.04471461688186409, 1.1763281083416817, 0.22340690626481075, 0.37024967678013193, 0.19210568227757463, 0.39908405762670296, 0.0, 0.4998545776716903, 0.0, 0.35359270724957637, 1.8207451567844715, 0.0, 0.0, 0.0, 0.0]
[0.0, 0.1960555720145959, 0.35568072003826545, 0.0, 0.0, 0.07175514083370742, 0.0, 0.0, 0.12432685061219842, 0.5522143850461633, 0.0, 0.3730777280730185, 0.14180483992684728, 0.0, 0.5928363344419051, 0.22028266974380362, 0.4090742038151112, 0.22028266974380362, 0.30866162464038727, 0.17176610285153623, 0.0]
[1.1470856395406892, 1.66305165042803, 0.733735702195923, 0.45034908507938365, 0.0, 0.33520791743616196, 0.2789521342500592, 0.11435135896596615, 0.0, 0.0, 0.10359671467955783, 0.4403939583183177, 0.25997262416133765, 0.29414658015949596, 0.0, 0.8129868309921184, 0.0, 0.0, 0.0, 0.0, 0.0]
[0.5068718070446157, 0.20766764782232872, 0.0, 0.0, 0.30349992856472197, 0.8043631422348011, 0.3860364962476099, 0.8829670803009511, 0.0, 0.0, 0.0, 0.0, 0.30335551864992194, 0.10521862140818605, 0.0, 0.0, 0.0, 0.0, 0.0, 0.0, 0.1614383154323993]
[0.0, 0.0, 0.3105462149438937, 0.12021299781852451, 0.0, 0.0, 0.0, 4.843487558149182, 0.31699374934806696, 0.1, 0.08375041549732354, 0.18102479489623077, 0.4194377567868009, 0.0, 0.8492936788127523, 0.0, 0.1578651446713516, 0.0, 0.0, 0.0, 0.0]
