[0.0, 0.0, 18.684807256235825, 9.501133786848072, 0.0, 9.909297052154194, 0.0, 0.0, 9.138321995464853, 0.0, 9.410430839002267, 9.886621315192745, 19.65986394557823, 9.795918367346939, 0.0, 0.0, 0.0, 0.0, 0.0, 0.0, 19.54648526077098]
[0.0, 0.0, 0.0, 0.0, 0.0, 0.0, 0.0, 0.0, 0.0, 9.61451247165533, 0.0, 0.0, 0.0, 0.0, 0.0, 0.0, 0.0, 0.0, 0.0, 18.66213151927438, 0.0]
[0.0, 0.0, 0.0, 9.433106575963718, 0.0, 0.0, 0.0, 0.0, 0.0, 0.0, 28.571428571428573, 9.251700680272108, 9.81859410430839, 9.954648526077099, 0.0, 9.931972789115648, 8.979591836734695, 0.0, 9.183673469387756, 0.0, 9.705215419501135]
[9.863945578231293, 9.591836734693876, 0.0, 19.183673469387752, 0.0, 18.820861678004537, 0.0, 0.0, 9.47845804988662, 0.0, 9.455782312925171, 19.43310657596372, 19.727891156462587, 0.0, 0.0, 0.0, 0.0, 0.0, 9.501133786848072, 0.0, 9.65986394557823]
[0.0, 9.682539682539684, 0.0, 0.0, 0.0, 18.95691609977324, 9.0702947845805, 9.591836734693876, 9.115646258503402, 0.0, 9.342403628117914, 0.0, 0.0, 9.727891156462585, 0.0, 9.569160997732427, 9.795918367346939, 0.0, 9.47845804988662, 0.0, 9.63718820861678]
[0.0, 0.0, 0.0, 9.319727891156463, 0.0, 0.0, 0.0, 19.024943310657598, 0.0, 9.863945578231293, 9.863945578231293, 9.886621315192745, 19.297052154195015, 18.979591836734695, 0.0, 9.77324263038549, 0.0, 0.0, 9.77324263038549, 0.0, 9.319727891156463]
[28.888888888888893, 0.0, 0.0, 18.93424036281179, 18.934240362811792, 28.59410430839002, 19.27437641723356, 0.0, 9.954648526077099, 19.523809523809526, 0.0, 19.501133786848072, 19.61451247165533, 0.0, 0.0, 0.0, 0.0, 0.0, 9.433106575963718, 0.0, 9.365079365079366]
[0.0, 0.0, 0.0, 0.0, 0.0, 19.387755102040817, 0.0, 19.365079365079367, 0.0, 19.138321995464853, 9.705215419501135, 9.342403628117914, 0.0, 19.002267573696145, 0.0, 9.682539682539684, 0.0, 0.0, 19.637188208616777, 0.0, 9.365079365079366]
[9.297052154195013, 0.0, 0.0, 0.0, 9.342403628117914, 0.0, 0.0, 0.0, 0.0, 28.63945578231293, 18.820861678004537, 9.886621315192745, 0.0, 9.841269841269842, 0.0, 9.297052154195013, 9.81859410430839, 0.0, 18.934240362811792, 18.75283446712018, 0.0]
[9.954648526077099, 9.47845804988662, 29.22902494331066, 0.0, 9.727891156462585, 0.0, 0.0, 9.977324263038549, 18.662131519274375, 19.705215419501133, 9.569160997732427, 9.705215419501135, 0.0, 9.886621315192745, 0.0, 19.637188208616777, 9.410430839002267, 0.0, 9.795918367346939, 9.0702947845805, 0.0]
[0.0, 9.546485260770975, 28.027210884353742, 9.591836734693876, 28.548752834467123, 18.68480725623583, 9.27437641723356, 0.0, 0.0, 9.569160997732427, 9.61451247165533, 9.342403628117914, 0.0, 0.0, 9.977324263038549, 19.45578231292517, 0.0, 0.0, 18.820861678004537, 9.863945578231293, 0.0]
[19.0702947845805, 0.0, 0.0, 0.0, 9.65986394557823, 0.0, 9.795918367346939, 9.841269841269842, 0.0, 0.0, 28.571428571428573, 9.863945578231293, 9.410430839002267, 38.91156462585034, 0.0, 0.0, 9.206349206349207, 9.682539682539684, 18.480725623582767, 28.934240362811792, 0.0]
[9.546485260770975, 0.0, 9.229024943310659, 9.546485260770975, 9.523809523809524, 19.410430839002267, 9.750566893424036, 38.86621315192744, 0.0, 9.977324263038549, 9.591836734693876, 9.569160997732427, 19.61451247165533, 0.0, 0.0, 0.0, 0.0, 0.0, 9.65986394557823, 0.0, 0.0]
[9.954648526077099, 9.977324263038549, 9.977324263038549, 9.727891156462585, 9.863945578231293, 29.18367346938776, 9.63718820861678, 0.0, 9.229024943310659, 0.0, 19.342403628117918, 0.0, 0.0, 9.705215419501135, 0.0, 19.365079365079367, 0.0, 9.09297052154195, 0.0, 0.0, 0.0]
[9.727891156462585, 0.0, 18.979591836734695, 0.0, 19.523809523809526, 9.705215419501135, 29.501133786848072, 9.931972789115648, 19.024943310657598, 0.0, 9.523809523809524, 9.841269841269842, 0.0, 9.61451247165533, 0.0, 9.47845804988662, 9.455782312925171, 28.798185941043087, 18.775510204081634, 18.866213151927436, 19.45578231292517]
[19.27437641723356, 9.455782312925171, 28.548752834467123, 0.0, 0.0, 19.206349206349206, 18.820861678004537, 18.88888888888889, 9.04761904761905, 9.65986394557823, 9.795918367346939, 19.047619047619047, 9.501133786848072, 0.0, 0.0, 0.0, 9.365079365079366, 0.0, 28.548752834467123, 0.0, 0.0]
[9.546485260770975, 9.47845804988662, 0.0, 9.433106575963718, 9.546485260770975, 28.117913832199545, 9.183673469387756, 19.750566893424036, 18.54875283446712, 9.682539682539684, 9.501133786848072, 9.77324263038549, 0.0, 28.888888888888893, 0.0, 19.024943310657598, 9.954648526077099, 0.0, 0.0, 0.0, 0.0]
[0.0, 9.387755102040817, 9.81859410430839, 0.0, 0.0, 9.455782312925171, 0.0, 0.0, 9.04761904761905, 19.1156462585034, 0.0, 9.705215419501135, 9.229024943310659, 0.0, 19.25170068027211, 9.61451247165533, 27.845804988662135, 9.569160997732427, 18.75283446712018, 18.367346938775512, 0.0]
[19.138321995464853, 19.297052154195015, 19.319727891156464, 18.820861678004537, 0.0, 9.750566893424036, 18.367346938775512, 8.956916099773244, 0.0, 0.0, 9.65986394557823, 18.934240362811792, 9.750566893424036, 18.86621315192744, 0.0, 9.931972789115648, 0.0, 0.0, 0.0, 0.0, 0.0]
[9.727891156462585, 9.501133786848072, 0.0, 0.0, 9.523809523809524, 19.024943310657598, 19.27437641723356, 19.81859410430839, 0.0, 0.0, 0.0, 0.0, 9.705215419501135, 9.115646258503402, 0.0, 0.0, 0.0, 0.0, 0.0, 0.0, 9.297052154195013]
[0.0, 0.0, 9.909297052154194, 9.183673469387756, 0.0, 0.0, 0.0, 28.934240362811792, 9.727891156462585, 9.138321995464853, 9.569160997732427, 9.297052154195013, 9.886621315192745, 0.0, 29.38775510204082, 0.0, 9.229024943310659, 0.0, 0.0, 0.0, 0.0]
