[0.0, 1.6263160704462651, 0.0, 0.0, 0.076656277513979, 0.8543081168276249, 0.0, 0.0, 0.0, 0.0, 0.0, 0.0, 0.0, 0.3094644672344918, 0.04341096306784628, 0.7587752526329886, 0.04411906337193605, 0.0, 0.0, 0.0, 0.6450963130066383]
[0.0, 0.0, 0.0, 0.14285714285714285, 0.0, 0.9017860996211395, 0.0, 0.8430631789500469, 0.0, 0.38709523075834384, 0.0, 0.0, 0.0, 0.0, 0.16066721300710698, 0.0, 0.0, 0.31188895173555226, 0.0, 0.0, 0.0]
[0.0, 0.0, 0.8118033076949974, 0.0, 0.17409039125598405, 0.0, 0.0, 1.6190171448041042, 0.0, 0.0, 0.0, 0.0, 0.0, 0.0, 0.3834300540145835, 0.0, 0.05770211095855606, 0.0, 0.0, 0.3218656680034802, 0.0]
[1.125055447693205, 0.4671851877451866, 1.1401409935639901, 0.0, 0.5117795212049039, 0.0, 0.0, 0.0, 0.0, 0.0, 0.0, 0.2510192049594622, 0.0, 0.43095886200793354, 0.0, 0.14285714285714285, 0.1816569053301574, 0.0, 0.0, 0.7427942249094448, 0.0]
[0.0, 0.0, 0.0, 0.7708067161562333, 0.0, 0.0, 0.0, 0.2675481615102113, 0.3730360516094392, 0.0, 0.0, 4.089442444291113, 0.0, 0.0, 0.0, 0.0, 0.8810440813247289, 0.1979456051440754, 0.0, 0.6043826855322956, 0.0]
[5.8029718870647375, 2.7645587352453833, 0.3500577933518494, 0.0, 0.8517659552585899, 0.0, 0.0, 1.2794400741659515, 0.3334875093949796, 5.156282235303222, 0.537882783635459, 0.0, 0.9392103821326692, 0.0, 13.383336791861057, 0.0, 0.0, 0.0, 1.8309322666500205, 0.0, 0.0]
[0.0, 0.0, 0.0, 0.0, 0.0, 0.0, 0.0, 0.19308924672658923, 0.0, 0.5906402127435673, 1.2247530445048775, 0.15486132112927528, 0.0, 0.0, 0.0, 0.0, 0.0, 0.14285714285714285, 0.0, 0.0, 0.0]
[0.18892656717038067, 0.0, 0.0, 0.2978397957515855, 0.0, 3.7676467026537948, 0.0, 0.9429450028314116, 5.808997396236798, 0.0, 0.17736892323301987, 0.0, 0.9524934890305504, 0.0, 0.0, 0.0, 0.0, 0.0, 0.0, 0.0, 0.0]
[0.0, 0.0, 0.06544635497072034, 0.043672727225422, 0.05782193973908926, 0.0, 0.0, 0.7797886306687516, 0.0, 1.3561951214345311, 0.067583996516152, 0.7026653596837836, 0.0, 0.0, 1.3006087987315091, 0.9359716804959559, 0.0, 0.0, 0.0, 0.0, 3.4265365253092765]
[0.0, 0.6922371499292485, 0.0, 2.549499413641662, 0.0, 0.08992703281031589, 0.0, 0.516805682616723, 0.0, 0.0, 0.0, 2.5732237915049803, 0.0, 0.4310925687157205, 0.06315775793657613, 0.17435954815246535, 0.3014326076649862, 0.0, 0.0, 0.9744817524255054, 0.0]
[0.0, 0.0, 0.0, 0.0, 0.06111119195037997, 0.0, 0.0, 0.5092095359886875, 1.011410858717988, 0.6779760082694469, 0.14285714285714282, 0.0, 0.22770313039486348, 0.0, 0.0, 1.7035241669132057, 0.0, 0.0, 0.0, 0.0, 0.0]
[0.9199008782348829, 0.0, 0.0, 0.0, 0.261788328478399, 0.0, 0.0, 0.0, 0.0, 0.5528719559277194, 0.0, 0.0, 0.07862318738508349, 1.1295556009629604, 0.0, 0.0, 0.0, 0.0, 0.0, 0.0, 0.0]
[0.0, 0.40466259359442003, 0.20413077921080153, 0.0, 0.0, 0.0, 0.0, 0.0, 0.0, 0.5027819813763994, 0.0, 0.0, 0.27384301574022474, 0.0, 0.0, 0.0, 0.5974454394698859, 0.0, 0.4439683999331215, 0.0, 2.1948432957713524]
[0.015261364498568674, 2.9166685216452963, 0.0, 0.0, 0.0, 0.0, 0.0, 0.026176430834167087, 0.0, 0.0, 0.0, 1.2469717131175815, 0.0, 0.03697735334261172, 0.04081494132994576, 0.0, 0.0, 2.2285089145912917, 1.1793842917538189, 0.0, 0.0]
[0.019882835296956506, 0.0, 0.4771079506873807, 0.32291196424190094, 0.0, 0.0, 0.5866700369197314, 0.47501699002908554, 0.44729850308289165, 0.011949832309921112, 0.0, 0.0, 0.0, 4.102755289044404, 0.0, 0.0, 0.0, 0.0, 0.0, 0.017004192008592864, 0.0]
[0.0, 0.0, 0.26230659328972156, 0.0, 0.0, 0.3176816349173164, 0.0, 0.0, 0.0, 0.0, 0.06694114771711354, 4.018361592988867, 0.0, 0.8072712922307831, 0.0, 0.02496724911173222, 0.0, 1.032749395141698, 0.0, 0.0, 0.0]
[0.0, 0.0, 0.0, 0.0, 0.0, 0.17283208591503435, 0.0, 0.0, 0.0, 0.10954220038568342, 0.0, 0.0, 0.0, 0.0, 0.0, 0.0, 1.1539186292615593, 0.0, 0.0, 0.0, 0.0]
[0.0, 0.0, 0.0, 0.14285714285714285, 0.0, 0.0, 0.0, 0.0, 0.06157792457672091, 0.0, 0.51609413796067, 1.0528574921342002, 0.0, 0.0, 0.0, 0.4796258474239534, 0.0, 0.0, 0.0, 0.0, 0.0]
[0.39492691367239824, 0.0, 1.5113499607903254, 0.0, 0.0, 0.05773297921081363, 0.0, 0.14285714285714285, 0.0, 0.01822418364995605, 0.3798690752007206, 0.0, 0.0, 0.0, 0.04054715514939264, 0.02080876009812055, 0.0, 0.0, 0.0, 0.0, 0.0]
[0.0, 0.0, 0.0, 0.0, 0.18225426822939797, 0.0, 0.0, 0.08585363825514994, 0.0448785059448868, 0.3027396838269707, 1.4413602812369328, 0.0, 0.0, 0.0, 0.0, 0.0, 0.3529427370346232, 0.3192791406885216, 0.0, 0.0, 0.0]
[1.4867893370129426, 0.0, 1.2596116204851528, 0.0, 0.7913515416464045, 0.0, 0.0, 0.0, 0.0, 0.48407782117278775, 0.0, 0.0, 0.0, 0.0, 0.0, 0.0, 1.0945973650219738, 0.0, 0.0, 0.11283107783588756, 0.6615682508085786]
