[0.0, 0.0, 0.0, 0.29976457357406616, 0.0, 0.3737480044364929, 0.0, 0.0, 3.0283138751983643, 0.0, 0.512057363986969, 0.0, 0.900147557258606, 0.405426949262619, 2.154492497444153, 0.0, 0.4457680284976959, 0.0, 0.0, 0.0, 0.0]
[0.0, 0.0, 0.0, 0.0, 0.0, 0.0, 0.0, 0.5446187257766724, 1.8527743816375732, 3.9613616466522217, 0.8858048319816589, 0.0, 0.0, 0.8527389168739319, 0.19912275671958923, 0.0, 0.0, 0.0, 0.0, 2.0805723667144775, 1.4816781282424927]
[0.0, 0.0, 0.0, 0.3829900026321411, 0.0, 0.0, 0.0, 0.8727973699569702, 1.7971513271331787, 0.0, 0.8219824433326721, 0.0, 0.0, 0.0, 0.0, 0.0, 0.0, 0.29993101954460144, 1.153782844543457, 0.0, 0.0]
[0.0, 0.0, 0.0, 0.0, 1.4332726001739502, 0.0, 0.0, 0.0, 0.0, 0.0, 0.0, 0.0, 0.0, 0.0, 0.0, 1.905325025320053, 0.2189418375492096, 0.0, 0.0, 0.0, 0.0]
[0.0, 0.0, 3.0447771549224854, 0.0, 3.5300679206848145, 0.2522595524787903, 2.1977622509002686, 0.5461503267288208, 0.0, 0.0, 0.0, 0.0, 0.9350986182689667, 0.0, 0.6586943864822388, 0.0, 0.9280170798301697, 1.2153286337852478, 0.3861987292766571, 0.0, 0.0]
[0.0, 0.0, 0.0, 0.29976457357406616, 2.1856470108032227, 0.4510496258735657, 0.0, 0.0, 1.4096512198448181, 0.0, 1.3576471209526062, 0.0, 0.0, 0.8701431155204773, 1.5069081783294678, 0.9032161235809326, 1.662871390581131, 0.0, 0.0, 0.0, 0.0]
[0.0, 0.0, 0.0, 0.8569021224975586, 0.0, 0.0, 0.0, 0.0, 2.9825446605682373, 0.0, 3.732308864593506, 0.0, 0.9100651741027832, 0.5169519186019897, 0.19912275671958923, 0.0, 0.0, 0.7563612461090088, 0.0, 2.0805723667144775, 1.4816781282424927]
[0.0, 0.0, 0.0, 0.3829900026321411, 0.0, 0.0, 1.3737921714782715, 0.0, 1.7971513271331787, 1.2357079982757568, 0.8219824433326721, 0.0, 0.0, 0.0, 0.0, 0.6789601445198059, 0.0, 0.29993101954460144, 1.153782844543457, 0.0, 3.2131426334381104]
[0.0, 0.34230077266693115, 0.0, 0.0, 0.0, 1.951050341129303, 0.0, 0.0, 1.1443485021591187, 0.48551392555236816, 0.5575122237205505, 0.0, 0.0, 0.0, 2.375753879547119, 0.7012743055820465, 0.2189418375492096, 0.0, 0.0, 0.0, 0.0]
[1.3811601996421814, 0.0, 3.0447771549224854, 0.0, 0.0, 0.2522595524787903, 0.0, 1.2939230799674988, 0.0, 1.0034846067428589, 2.0965752601623535, 1.5615803003311157, 0.0, 0.0, 0.0, 0.0, 0.9280170798301697, 0.0, 0.0, 0.0, 0.0]
[0.0, 0.0, 0.0, 0.0, 0.0, 1.121097445487976, 0.0, 1.3310627937316895, 1.3359602689743042, 0.7662844061851501, 4.1260018944740295, 0.5299718379974365, 0.0, 0.0, 3.9881671667099, 0.0, 0.4457680284976959, 0.0, 0.0, 0.0, 0.15927237272262573]
[0.0, 0.0, 0.0, 3.2729533314704895, 0.0, 0.0, 0.0, 0.6303260326385498, 9.666270732879639, 0.0, 2.846504032611847, 0.0, 0.9100651741027832, 4.085688948631287, 0.19912275671958923, 0.0, 0.0, 0.7563612461090088, 0.0, 0.0, 0.0]
[1.387814998626709, 0.0, 0.4765641987323761, 0.3829900026321411, 0.26310989260673523, 6.157896399497986, 1.3737921714782715, 0.0, 0.0, 0.0, 0.0, 0.0, 0.0, 4.510180562734604, 0.2317729890346527, 0.6789601445198059, 0.23957063257694244, 0.6892889142036438, 1.153782844543457, 0.0, 9.874791145324707]
[0.0, 0.34230077266693115, 0.0, 0.0, 0.0, 0.9401958584785461, 0.0, 0.5816868543624878, 0.0, 0.0, 2.643387019634247, 0.0, 0.0, 0.0, 0.8207850456237793, 0.28982943296432495, 0.0, 0.0, 0.0, 0.0, 0.0]
[0.0, 0.2846081256866455, 0.0, 0.26370686292648315, 0.0, 1.9235502481460571, 4.183955192565918, 0.9179456830024719, 0.0, 0.48858800530433655, 0.0, 1.5615803003311157, 0.0, 0.5160228610038757, 0.0, 0.6319031119346619, 0.8452382683753967, 0.0, 0.0, 0.0, 0.0]
[6.24325692653656, 0.0, 0.0, 0.0, 0.0, 0.7977166175842285, 0.0, 1.3310627937316895, 0.0, 0.0, 0.0, 0.0, 0.8821325898170471, 0.0, 0.0, 0.0, 0.0, 0.0, 0.6386121511459351, 2.1582419872283936, 0.0]
[0.0, 0.5759804844856262, 0.0, 3.2729533314704895, 2.6067399978637695, 0.8414539694786072, 0.0, 0.0, 8.536500453948975, 0.0, 0.9178001284599304, 0.0, 0.0, 0.0, 0.0, 1.025142788887024, 5.283385276794434, 0.0, 0.0, 0.0, 0.0]
[1.387814998626709, 0.0, 0.0, 0.0, 0.7377330660820007, 5.789236068725586, 3.0191240310668945, 1.3303931951522827, 2.702157288789749, 1.817459411919117, 0.0, 0.27962052822113037, 0.0, 0.2580777108669281, 1.3794197738170624, 0.8786119222640991, 0.23957063257694244, 0.6892889142036438, 3.043034315109253, 1.0165300369262695, 0.0]
[0.7063210606575012, 0.8987337350845337, 0.8816044926643372, 1.2676247656345367, 0.0, 1.5520442724227905, 0.0, 0.5816868543624878, 0.7610042691230774, 0.0, 0.0, 0.0, 0.0, 0.0, 0.995768666267395, 0.0, 0.2953158915042877, 0.0, 1.3364758491516113, 0.0, 0.0]
[0.0, 0.0, 0.0, 0.26370686292648315, 0.0, 0.0, 0.0, 1.2376478910446167, 0.0, 0.0, 0.0, 3.213782787322998, 1.2376478910446167, 0.5160228610038757, 0.0, 0.0, 0.0, 0.0, 0.0, 0.0, 0.0]
[0.0, 0.0, 0.0, 0.35449936985969543, 0.0, 0.0, 0.721478283405304, 0.19879424571990967, 2.354816436767578, 0.0, 0.0, 0.46332716941833496, 0.43561437726020813, 0.8683639168739319, 0.628468245267868, 0.7943044304847717, 14.528278350830078, 0.0, 0.6386121511459351, 2.1582419872283936, 0.0]
