[0.0, 0.0, 0.0, 0.06545330400211884, 0.0, 0.031734556280656856, 0.0, 0.0, 0.297625256951733, 0.0, 0.11180722895956738, 0.0, 0.06266130536214294, 0.07605398168704057, 0.7630737495538643, 0.0, 0.09733301682653897, 0.0, 0.0, 0.0, 0.0]
[0.0, 0.0, 0.0, 0.0, 0.0, 0.0, 0.0, 0.14867032259892107, 0.347561673311474, 1.0813747050267233, 0.16616799793983666, 0.0, 0.0, 0.04384585406346398, 0.043478260869565216, 0.0, 0.0, 0.0, 0.0, 0.3902942637741796, 0.32352298273559726]
[0.0, 0.0, 0.0, 0.08362549574544707, 0.0, 0.0, 0.0, 0.2382567113716944, 0.3371273527110586, 0.0, 0.17947906954576967, 0.0, 0.0, 0.0, 0.0, 0.0, 0.0, 0.043478260869565216, 0.25192736545191863, 0.0, 0.0]
[0.0, 0.0, 0.0, 0.0, 0.21895439512564513, 0.0, 0.0, 0.0, 0.0, 0.0, 0.0, 0.0, 0.0, 0.0, 0.0, 0.3634154994264441, 0.10452260358502802, 0.0, 0.0, 0.0, 0.0]
[0.0, 0.0, 1.4535734199142394, 0.0, 0.2380911082719605, 0.12042844574349997, 0.4804752900021728, 0.043478260869565216, 0.0, 0.0, 0.0, 0.0, 0.08695652173913043, 0.0, 0.044426702265731824, 0.0, 0.2026316296187499, 0.28372104430630257, 0.0327917344421052, 0.0, 0.0]
[0.0, 0.0, 0.0, 0.025452699728460305, 0.17399629049690585, 0.21533061825957123, 0.0, 0.0, 0.13657809169901933, 0.0, 0.27043128690139884, 0.0, 0.0, 0.09183864118031594, 0.299247268668621, 0.137980130215558, 0.23338590260307032, 0.0, 0.0, 0.0, 0.0]
[0.0, 0.0, 0.0, 0.23391761788163795, 0.0, 0.0, 0.0, 0.0, 0.6346165005061704, 0.0, 0.7772755713979673, 0.0, 0.1319238373810919, 0.24679230367933172, 0.043478260869565216, 0.0, 0.0, 0.060212857084466005, 0.0, 0.10697819761042449, 0.1258077565428697]
[0.0, 0.0, 0.0, 0.08362549574544707, 0.0, 0.0, 0.1991461053371192, 0.0, 0.09240534618533344, 0.18877336891918042, 0.06979367862841634, 0.0, 0.0, 0.0, 0.0, 0.09842265174269522, 0.0, 0.043478260869565216, 0.25192736545191863, 0.0, 0.22367411887353716]
[0.0, 0.16341402981178918, 0.0, 0.0, 0.0, 0.36297589688022724, 0.0, 0.0, 0.18910076778046897, 0.009846779684108863, 0.10458363591828812, 0.0, 0.0, 0.0, 0.6174354739482838, 0.13607526948525647, 0.043478260869565216, 0.0, 0.0, 0.0, 0.0]
[0.1832678987309645, 0.0, 0.6046428444799097, 0.0, 0.0, 0.050094613036430216, 0.0, 0.1577120296982877, 0.0, 0.15329768046958575, 0.3464538911513429, 0.340969544541721, 0.0, 0.0, 0.0, 0.0, 0.07879696988264591, 0.0, 0.0, 0.0, 0.0]
[0.0, 0.0, 0.0, 0.0, 0.0, 0.10316040266061373, 0.0, 0.1929520176589562, 0.09299921295219306, 0.07296906208515407, 0.17391304347826086, 0.14467200702851205, 0.0, 0.0, 0.3052180583351877, 0.0, 0.037849701993208376, 0.0, 0.0, 0.0, 0.043478260869565216]
[0.0, 0.0, 0.0, 0.6254270263096567, 0.0, 0.0, 0.0, 0.09629197906355798, 1.2285873048207874, 0.0, 0.24678084106457143, 0.0, 0.1319238373810919, 0.38676032456936427, 0.01690730720931804, 0.0, 0.0, 0.060212857084466005, 0.0, 0.0, 0.0]
[0.26034001114757105, 0.0, 0.04538059540841319, 0.032519284783295216, 0.043478260869565216, 0.8466895390061349, 0.1991461053371192, 0.0, 0.0, 0.0, 0.0, 0.0, 0.0, 1.209154160656729, 0.043478260869565216, 0.09842265174269522, 0.04494101967295997, 0.09991991915924124, 0.09796650732898363, 0.0, 0.6874065239137335]
[0.0, 0.06797532375017878, 0.0, 0.0, 0.0, 0.10217234381874328, 0.0, 0.27769669410711373, 0.0, 0.0, 0.1693511636531675, 0.0, 0.0, 0.0, 0.06220448662965455, 0.014902356125173793, 0.0, 0.0, 0.0, 0.0, 0.0]
[0.0, 0.043478260869565216, 0.0, 0.049468731568621596, 0.0, 0.13390267907362424, 0.3984151102953263, 0.2505813229716713, 0.0, 0.009909125549914, 0.0, 0.340969544541721, 0.0, 0.24634877255653523, 0.0, 0.07063676314451564, 0.12912312268212042, 0.0, 0.0, 0.0, 0.0]
[0.8397333152967702, 0.0, 0.0, 0.0, 0.0, 0.016178608625422787, 0.0, 0.1929520176589562, 0.0, 0.0, 0.0, 0.0, 0.14577023494489827, 0.0, 0.0, 0.0, 0.0, 0.0, 0.11979715935684758, 0.1718146150390522, 0.0]
[0.0, 0.2749724791136468, 0.0, 0.2304500447770967, 0.398219556707368, 0.0801270474057491, 0.0, 0.0, 1.0042334423526855, 0.0, 0.43815681859226, 0.0, 0.0, 0.0, 0.0, 0.4894020920821274, 0.8730663870637302, 0.0, 0.0, 0.0, 0.0]
[0.07135822312407625, 0.0, 0.0, 0.0, 0.08246687643801288, 0.8392126843489661, 1.4413266454946498, 0.36317147418064627, 0.6808708442271368, 0.15991715394173553, 0.0, 0.13349054686235715, 0.0, 0.013269756339005075, 0.20156302950197602, 0.09821490205817174, 0.01231816536809155, 0.09991991915924124, 0.8306891994242507, 0.2774929347238301, 0.0]
[0.07895551157027025, 0.42905454239470653, 0.14568296819281032, 0.12123453991625478, 0.0, 0.7409443076241607, 0.0, 0.11551347646237171, 0.1257540786778421, 0.0, 0.0, 0.0, 0.0, 0.0, 0.186796097414267, 0.0, 0.06448193858541779, 0.0, 0.291818205877475, 0.0, 0.0]
[0.0, 0.0, 0.0, 0.013559194260531046, 0.0, 0.0, 0.0, 0.09852741129682352, 0.0, 0.0, 0.0, 0.49334897842357195, 0.09852741129682352, 0.10247368349753258, 0.0, 0.0, 0.0, 0.0, 0.0, 0.0, 0.0]
[0.0, 0.0, 0.0, 0.09677143510443101, 0.0, 0.0, 0.19694954298351947, 0.05426696373658564, 1.1241868968074453, 0.0, 0.0, 0.1264793083418787, 0.04869479040017234, 0.3471768128006774, 0.10249983200535819, 0.379200101920817, 0.9798830990089351, 0.0, 0.03283595321877286, 0.1718146150390522, 0.0]
