[0.0, 0.0, 0.0, 0.515986324959487, 0.33267489469515765, 0.0, 0.0, 0.0, 0.0, 1.4273199830310135, 0.0, 0.16656877595717193, 0.0, 0.0, 0.0, 0.0, 0.0, 0.14111971672001059, 0.0, 0.0, 0.0]
[0.0, 0.0, 0.0, 0.0, 0.0, 0.13364529406494918, 0.0, 0.05555555555555555, 0.09400693139713151, 0.0, 0.0, 0.13759325747311918, 0.0, 0.0, 0.25931789432123165, 0.0, 0.0, 0.0, 0.0, 0.0, 0.0]
[0.24690985657501935, 0.0, 0.0, 0.0, 0.0, 0.0, 0.0, 0.0, 0.0, 0.0, 0.0, 0.0, 0.0, 0.0, 0.3630972080507976, 0.0, 0.0, 0.0, 0.0, 0.0, 0.0]
[0.23923567690674918, 0.05844712774325474, 0.1728015085807784, 0.0, 0.0, 0.0, 0.0, 0.11148686447674871, 0.7940251831365286, 0.0, 0.0, 0.0, 0.0, 0.5151726003658783, 0.0, 0.05555555555555555, 0.0, 0.0, 0.0, 0.05555555555555555, 0.0]
[0.0, 0.6493021987752354, 0.0, 0.0, 0.0, 0.0, 0.0, 0.0, 0.0, 0.05895654206001489, 0.0, 0.0, 0.0, 0.26282649608141184, 0.0, 0.0, 0.34058387476611096, 0.0, 0.23523405946677373, 0.10221108842543898, 0.0]
[0.0, 0.0, 0.0, 0.10957338780321683, 0.0, 0.86926901319445, 1.9741160798841157, 0.0, 0.0, 0.10527701554795371, 0.10402611756397127, 0.0, 0.0, 0.0, 0.0, 0.0, 0.0, 0.0, 0.0, 0.0, 0.0]
[0.0, 0.0, 0.1549708567311463, 0.0, 0.0, 0.2000809909951382, 1.048566696132339, 0.1235927800214781, 0.0, 0.0, 0.0, 0.16695749782507957, 0.20255661053713486, 0.0823962286761091, 0.0, 1.411262520205787, 0.12282565032952385, 0.2203766869533029, 0.802607350904995, 0.06455764265545363, 0.12771384786292755]
[0.0, 0.2776243303202215, 0.20344086296437802, 0.517828472068989, 0.0, 0.0, 0.0, 0.11166804945697636, 0.12880656996854825, 0.05666770314686336, 0.08416695637546653, 0.0, 0.05555555555555555, 0.0, 0.5588466018101538, 0.0, 0.0, 0.3002214409682256, 0.0, 0.0, 0.5890873158989034]
[0.0, 0.0, 0.2345618902590362, 0.0, 0.0, 0.0, 0.0, 0.0, 0.0, 0.8646763956115476, 0.16571947055798653, 0.0, 0.05555555555555555, 0.0, 0.0, 0.0, 0.0, 0.0, 0.0, 0.0, 0.0]
[0.0, 0.0, 0.0, 0.0, 0.0, 0.0, 0.0, 0.0, 0.0, 0.8336997138967733, 0.0, 5.736336170375831, 0.30980949839377997, 0.0, 0.4873159020868687, 0.0, 0.07393489146239504, 0.0, 0.0, 0.0, 0.0]
[0.0, 0.14657954793940978, 0.0, 0.0, 0.0, 0.0, 0.0, 0.0, 0.0, 0.0, 0.1111111111111111, 0.13753189602694896, 0.0, 0.0, 0.0, 0.0, 0.7310467434148094, 0.0, 0.0, 0.6426507301591692, 0.3271947335569913]
[0.3494589531624925, 4.370290474625129, 0.0, 0.0, 0.4655029860305773, 0.0, 0.41232993001148543, 0.05555555555555555, 0.0, 0.0, 0.14405672486610682, 0.0, 0.3294788090494705, 0.0, 0.05555555555555555, 0.0, 0.0, 0.5091563176420044, 0.0, 0.12149194746032377, 0.0]
[0.0, 0.0683409091033189, 0.6983450028424312, 0.0, 0.0, 0.0, 0.0, 0.27338024710125935, 0.0, 0.18551277098088584, 1.1607064763987496, 0.0, 0.0, 0.0, 0.0, 0.0, 0.0, 0.0, 0.6088202582542308, 0.0, 0.13384637352968184]
[0.0, 0.0, 0.15351363900593398, 0.05555555555555555, 0.0, 0.446895781072957, 0.14633201196445042, 0.0, 0.0, 0.0, 0.0, 0.0, 0.0, 0.0, 0.0, 0.0, 0.0, 0.06872068283944596, 0.0, 0.0727405495171536, 0.0]
[0.0, 0.0, 0.0, 0.0, 0.0, 0.0, 0.0, 0.0, 0.0, 0.0, 0.0, 0.0, 0.0, 0.0, 0.0, 0.0, 0.0, 0.0, 0.3338495010464034, 0.13960650684501358, 0.0]
[0.0, 0.8753704439599421, 0.08408820181271721, 0.12665132399151707, 0.08834830876699501, 0.660662779735107, 0.0, 0.9177360368454206, 0.0, 0.0, 0.0, 0.0, 0.18607324147483112, 0.07675681505081618, 0.0, 0.0, 0.0, 0.0, 0.05555555555555555, 0.0, 0.0]
[0.7829930640167312, 0.13939870399793078, 0.3415020594654575, 0.0, 0.0973010924758795, 0.05555555555555555, 0.8891930608058428, 0.0, 0.29437781420208897, 0.0, 0.19276740167614784, 0.0, 0.0, 0.0, 0.16089079182372998, 1.1203538531417352, 0.0, 0.0, 0.4989736563920159, 0.0, 0.0]
[0.6587359885554817, 0.9082066125893377, 0.6414519575658482, 0.2954093261351614, 0.0, 0.0, 0.0, 0.0, 0.0, 0.33109060581881566, 0.0, 0.0, 0.0, 0.0, 0.0, 0.0, 0.0, 0.35606779701768626, 0.0, 0.0, 0.05555555555555555]
[0.0, 0.4503125166131309, 0.055555555555555546, 0.0, 0.0, 0.0, 0.0, 0.22232907426323822, 0.5100960415725997, 2.5346749673786513, 0.0, 0.2200864722465, 0.0762237030283462, 0.0, 0.0, 0.05719561556591096, 0.0, 0.0, 0.0, 0.0, 0.0]
[0.0, 0.0, 0.26525143858378775, 0.0, 0.0, 0.0, 0.9534913960173745, 0.0, 0.0, 0.34244894210458693, 0.0, 0.18180126778352126, 0.0, 0.0, 0.05555555555555555, 0.0, 0.0, 0.0, 0.0, 0.0, 0.0]
[0.0, 0.0, 0.0, 0.1618318428697702, 0.0, 0.0, 0.0, 0.0, 0.0, 0.0, 0.0, 0.0, 0.0, 0.0, 0.0, 0.17446139711749573, 0.0, 0.0, 0.0, 0.0, 0.0]
