[0.1794266253709793, 0.0, 0.0, 0.5773320198059082, 0.0, 0.0, 0.0, 0.0, 0.0, 0.5330784916877747, 0.9754140228033066, 0.0, 1.488709568977356, 0.0, 0.5347992777824402, 0.0, 0.0, 0.0, 0.0, 0.0, 0.0]
[1.4239373207092285, 1.6410965025424957, 0.0, 1.2404589653015137, 1.9244933128356934, 0.0, 0.0, 0.0, 0.0, 0.0, 0.0, 0.6285855174064636, 1.724507451057434, 0.0, 0.0, 0.0, 1.461191177368164, 0.0, 0.0, 0.0, 0.0]
[0.0, 0.29323387145996094, 0.0, 1.8305151462554932, 0.0, 0.0, 0.0, 0.3496507704257965, 0.0, 4.166036158800125, 0.8129134178161621, 0.6202462762594223, 0.4509648382663727, 0.4130202531814575, 0.0, 0.5822384357452393, 0.0, 1.3838621377944946, 0.0, 0.0, 0.0]
[1.4239373207092285, 0.654441237449646, 0.0, 0.0, 1.0164798498153687, 0.5837512612342834, 0.0, 0.0, 0.0, 0.0, 0.0, 0.0, 0.5626732110977173, 0.0, 0.0, 0.5751882791519165, 0.0, 3.088512420654297, 0.0, 0.0, 0.0]
[0.0, 0.0, 0.0, 0.0, 0.0, 0.0, 2.3483541011810303, 0.0, 0.0, 2.507389187812805, 0.0, 0.4198516011238098, 1.8608144521713257, 0.4130202531814575, 0.7635303735733032, 0.0, 0.8653107285499573, 0.6844112277030945, 2.4813687801361084, 0.0, 0.0]
[0.301813542842865, 1.6618709564208984, 0.0, 0.0, 1.0164798498153687, 2.4868775010108948, 0.0, 0.0, 0.0, 0.8784716725349426, 0.0, 0.7043459415435791, 1.398590087890625, 0.6928856372833252, 0.0, 0.0, 0.0, 0.0, 0.0, 0.6778947710990906, 0.0]
[0.0, 0.0, 1.1787607669830322, 0.0, 1.6520532965660095, 0.3467738926410675, 0.0, 1.5997186303138733, 0.6714150309562683, 0.7644836902618408, 0.0, 24.222906708717346, 2.9911364316940308, 0.0, 0.5571247935295105, 0.0, 3.2443512082099915, 0.6844112277030945, 0.0, 0.0, 0.0]
[1.0525481700897217, 1.6929764151573181, 0.0, 1.0312715768814087, 0.8936629295349121, 1.8846504092216492, 0.0, 0.6486527323722839, 0.0, 0.0, 0.5359179973602295, 0.7043459415435791, 0.4183024764060974, 2.392104208469391, 0.4624229669570923, 0.9851599931716919, 0.0, 0.0, 0.5317676067352295, 0.735927164554596, 0.0]
[0.0, 1.2125359177589417, 1.3910781145095825, 3.034311056137085, 1.2994376420974731, 0.3467738926410675, 0.0, 3.0040460228919983, 0.6714150309562683, 0.5870561599731445, 0.0, 2.7205589413642883, 1.553731083869934, 0.0, 0.0, 0.0, 0.9133275151252747, 1.4558453559875488, 0.0, 0.0, 0.0]
[0.3915105164051056, 0.571027934551239, 0.4634631872177124, 1.0312715768814087, 1.3559772670269012, 0.6523236632347107, 0.5631623864173889, 0.0, 0.0, 0.0, 1.4214584827423096, 0.0, 0.4035274088382721, 0.0, 1.8313541412353516, 0.9851599931716919, 0.0, 0.6745340824127197, 0.5038509964942932, 2.518768161535263, 0.8660480678081512]
[0.0, 1.2163132429122925, 0.0, 0.8150684237480164, 0.0, 1.040611743927002, 0.0, 0.8093876838684082, 0.0, 0.960436999797821, 0.7396263480186462, 1.0554838180541992, 1.0234758257865906, 0.0, 0.5770105719566345, 0.0, 0.0, 0.0, 0.0, 1.2300441265106201, 0.0]
[0.2702973783016205, 0.14037267863750458, 0.7186175286769867, 1.2286707162857056, 1.1915644109249115, 1.4836945235729218, 0.5631623864173889, 0.574710488319397, 0.0, 0.2268693447113037, 2.130091667175293, 0.0, 1.0637215971946716, 0.0, 3.7980949878692627, 1.831396460533142, 1.147208333015442, 0.0, 0.5038509964942932, 2.342669904232025, 1.034617006778717]
[0.0, 0.0, 0.0, 0.4355553388595581, 5.741388201713562, 1.040611743927002, 0.0, 2.815979242324829, 2.8426687717437744, 1.5539328455924988, 1.804084300994873, 0.870310366153717, 0.501518726348877, 0.0, 0.0, 0.0, 0.0, 0.0, 0.0, 1.2300441265106201, 0.0]
[0.0, 0.8299642205238342, 0.2551543414592743, 0.0, 0.4688216745853424, 0.4609590470790863, 0.0, 2.7184486389160156, 0.0, 0.0, 1.624590128660202, 0.0, 0.4443148076534271, 0.0, 0.0, 0.0, 1.147208333015442, 0.0, 0.0, 0.0, 0.0]
[0.0, 0.0, 0.41763922572135925, 2.209096908569336, 2.336018443107605, 0.0, 0.9475681781768799, 0.4216170012950897, 2.8426687717437744, 0.0, 2.1293446719646454, 0.870310366153717, 0.0, 0.0, 0.9601776003837585, 0.0, 5.166331887245178, 0.0, 2.3973515033721924, 3.2740797996520996, 0.0]
[0.0, 0.0, 0.3036576509475708, 0.6425195932388306, 0.0, 1.217151403427124, 0.0, 0.0, 0.0, 0.0, 1.8544143736362457, 0.0, 0.26438820362091064, 0.0, 0.0, 0.0, 0.0, 0.0, 0.0, 0.0, 0.0]
[0.37909984588623047, 0.7926799058914185, 0.0, 0.7082477807998657, 0.707846999168396, 0.0, 1.6706983745098114, 0.436900794506073, 0.0, 0.0, 1.4811665415763855, 0.6585413813591003, 0.0, 0.0, 0.8275741934776306, 0.0, 0.0, 0.8268036842346191, 0.6101202964782715, 0.4862753450870514, 0.7839555144309998]
[1.4255983233451843, 0.0, 0.3036576509475708, 1.7791584730148315, 0.0, 1.7398226261138916, 0.0, 0.3591723144054413, 0.0, 0.3966885209083557, 1.3855671286582947, 0.9984223246574402, 0.26438820362091064, 0.0, 0.8613268136978149, 2.4854885935783386, 0.0, 0.0, 0.0, 0.34809303283691406, 0.45133665204048157]
[0.0, 0.0, 0.9912818670272827, 0.0, 0.5112333297729492, 0.0, 1.746913194656372, 0.0, 0.0, 0.0, 1.1559061706066132, 0.6585413813591003, 1.4560829401016235, 0.0, 0.0, 0.0, 0.0, 0.0, 0.0, 0.0, 0.7839555144309998]
[0.0, 0.0, 0.0, 0.0, 0.0, 0.0, 0.0, 1.793315589427948, 0.0, 0.0, 0.4325455129146576, 0.9984223246574402, 0.0, 1.2141963243484497, 0.8613268136978149, 5.5480815172195435, 0.0, 0.0, 0.0, 0.34809303283691406, 0.7141383290290833]
[0.5998337864875793, 0.20269963145256042, 0.33200326561927795, 2.431391477584839, 0.8668983578681946, 6.790413022041321, 0.6614875197410583, 0.0, 0.0, 0.0, 0.0, 0.0, 0.0, 0.0, 0.0, 0.0, 0.0, 0.0, 0.0, 0.0, 0.0]
