[1.9644038677215576, 4.912344813346863, 1.011393427848816, 1.1048663854599, 1.7125098705291748, 0.8238845467567444, 2.80252867937088, 0.47033974528312683, 1.4169718027114868, 0.805591881275177, 1.1177356243133545, 2.648310959339142, 0.0, 0.4625520408153534, 1.1284757852554321, 0.479103147983551, 0.6071878671646118, 1.4816146790981293, 0.3371506929397583, 0.5031700730323792, 0.0]
[1.688690960407257, 3.8531830310821533, 0.0, 0.6452080011367798, 4.351603031158447, 0.0, 0.0, 0.0, 0.8785741329193115, 1.9096258878707886, 0.0, 1.9180405735969543, 1.1110825538635254, 0.9950242638587952, 1.7048414945602417, 0.0, 0.0, 0.7850877642631531, 0.0, 0.0, 0.0]
[0.5669530034065247, 3.5193379521369934, 1.225092887878418, 0.0, 0.7627235651016235, 1.0139349699020386, 0.0, 0.0, 3.630442500114441, 0.0, 1.3755704164505005, 0.0, 2.0036466121673584, 0.0, 1.3529064655303955, 0.6378957629203796, 1.015039324760437, 0.0, 0.0, 0.0, 0.0]
[3.5203302800655365, 2.3653833866119385, 0.8235393166542053, 39.13122880458832, 2.9587856829166412, 2.3257135152816772, 2.5938260555267334, 1.8440956473350525, 1.070613145828247, 0.6077638864517212, 2.2498544454574585, 0.9180220365524292, 0.0, 0.2700078785419464, 0.3467176854610443, 1.6553146243095398, 0.0, 1.1019669771194458, 0.893052875995636, 0.6776930689811707, 0.0]
[1.7973414957523346, 2.821695029735565, 0.8965604305267334, 1.2364157438278198, 1.113620638847351, 1.673072099685669, 0.0, 1.6365095376968384, 1.3446221351623535, 0.0, 0.0, 2.1404488682746887, 1.4663296937942505, 0.7790262699127197, 1.0003492832183838, 0.9227400422096252, 0.0, 0.0, 0.0, 0.749363899230957, 2.528003454208374]
[0.6674219965934753, 0.7572850584983826, 0.0, 0.7296522855758667, 0.753486692905426, 0.0, 3.0771604776382446, 0.819377601146698, 1.8715325593948364, 0.8854939341545105, 0.6472539901733398, 1.504410594701767, 0.9921331405639648, 0.5270968675613403, 1.3536922931671143, 1.6217089295387268, 0.0, 2.2844730615615845, 0.0, 1.5586644411087036, 0.0]
[1.7151248455047607, 0.0, 1.9430035948753357, 0.5303412675857544, 1.1958086490631104, 0.6044322848320007, 1.452691912651062, 0.0, 2.906946837902069, 0.0, 0.0, 0.35551929473876953, 1.5526890754699707, 1.0687611103057861, 0.6795828938484192, 0.0, 0.0, 0.0, 0.0, 0.0, 0.0]
[3.0013322830200195, 4.117833375930786, 2.253004491329193, 1.1048663854599, 3.7894376814365387, 1.5804312229156494, 0.7749070525169373, 0.0, 2.718131422996521, 0.0, 1.1177356243133545, 1.658560574054718, 0.0, 0.0, 2.5302287340164185, 0.9179413020610809, 1.9659650325775146, 1.607046902179718, 0.0, 0.0, 1.6084606647491455]
[4.23481285572052, 1.298982560634613, 1.5880359411239624, 2.2295836210250854, 1.5490270853042603, 0.0, 2.8743181228637695, 0.0, 2.480907917022705, 2.31807804107666, 5.310515403747559, 2.03497314453125, 4.7052090764045715, 0.46853604912757874, 0.0, 0.0, 0.0, 0.7850877642631531, 0.0, 1.1850076913833618, 0.0]
[0.979640007019043, 0.8349944353103638, 0.0, 0.42364171147346497, 0.9698292016983032, 2.0025500655174255, 0.565929651260376, 2.7683253288269043, 3.126366376876831, 0.7089337110519409, 10.348365187644958, 4.734908580780029, 0.3522360920906067, 1.3183633089065552, 0.0, 0.3414258360862732, 0.0, 0.8415582180023193, 0.0, 0.42162102460861206, 0.0]
[4.99215441942215, 1.8584727346897125, 0.0, 2.6467658281326294, 4.544345200061798, 0.0, 0.0, 1.4298105239868164, 2.493809700012207, 1.5269421339035034, 0.0, 0.6808550953865051, 2.3410852551460266, 0.0, 0.0, 1.9196764826774597, 0.0, 1.5260850191116333, 0.4693571627140045, 0.0, 0.0]
[0.8047249615192413, 6.306863248348236, 0.736722469329834, 0.0, 0.4575427174568176, 2.623933494091034, 1.19315767288208, 0.0, 0.798777312040329, 0.431885302066803, 3.7020593881607056, 1.8371346592903137, 0.6024569272994995, 0.727082222700119, 0.822007954120636, 4.346363812685013, 0.0, 0.0, 10.301735043525696, 0.6223711967468262, 0.0]
[1.906079113483429, 1.709525465965271, 0.7689202427864075, 0.0, 0.0, 0.0, 2.3139488101005554, 0.7017626762390137, 1.504660815000534, 1.2163991332054138, 0.6961151361465454, 0.5678982138633728, 1.2346529364585876, 0.3340595066547394, 1.7048414945602417, 0.0, 1.5655988454818726, 1.4644012451171875, 0.0, 0.0, 0.9982421398162842]
[1.1468796730041504, 3.1245779395103455, 0.0, 1.0073086023330688, 0.7148115634918213, 1.0396546125411987, 0.0, 0.6348437666893005, 4.050416827201843, 0.740912675857544, 1.9541834592819214, 0.4250333905220032, 1.9147295355796814, 0.0, 1.7423564791679382, 0.6378957629203796, 2.0022847652435303, 0.0, 1.5642086863517761, 0.0, 0.0]
[1.887965202331543, 0.783665657043457, 2.6391660571098328, 2.9702296257019043, 2.3157493472099304, 1.49970281124115, 0.0, 1.283487319946289, 3.0899155735969543, 0.0, 0.0, 0.0, 1.0987966060638428, 0.0, 2.5994787216186523, 0.0, 0.7681416273117065, 1.7192262411117554, 0.0, 0.0, 0.0]
[2.3565940856933594, 0.8461112380027771, 0.0, 0.0, 1.0868698358535767, 0.0, 1.3935816287994385, 0.0, 2.934860944747925, 0.0, 0.7300318479537964, 3.3279090523719788, 1.3310787677764893, 0.6707059741020203, 0.0, 0.0, 0.0, 0.0, 0.0, 0.0, 0.0]
[3.959349274635315, 0.6600900888442993, 0.0, 1.1532939970493317, 0.0, 0.0, 5.220001220703125, 4.893022239208221, 3.031686544418335, 0.8006220459938049, 1.7143046855926514, 3.713955283164978, 1.513924241065979, 1.5588228106498718, 1.0619109869003296, 0.0, 0.9904393553733826, 4.525057911872864, 0.7581009268760681, 0.0, 0.0]
[2.1424026489257812, 0.7082909941673279, 2.3481127619743347, 1.8942341804504395, 3.7957159280776978, 0.0, 0.8058274388313293, 0.8893232941627502, 1.056199312210083, 1.28203547000885, 2.0897191166877747, 0.7196807265281677, 2.141250431537628, 0.0, 0.5436166524887085, 2.2704976201057434, 0.7061801552772522, 1.9185112118721008, 1.243957668542862, 0.0, 0.0]
[0.7285774350166321, 4.3266004621982574, 2.086613893508911, 0.0, 2.3500475883483887, 0.76617032289505, 0.0, 0.0, 1.3076021671295166, 3.671166241168976, 1.3593623638153076, 0.0, 0.6878328919410706, 1.1628477573394775, 0.0, 1.3334461450576782, 0.0, 0.0, 0.5233983397483826, 0.0, 0.0]
[1.943098247051239, 2.4155279397964478, 3.7585456371307373, 1.5843756198883057, 3.0725969672203064, 2.4971885681152344, 0.6039056777954102, 2.8394054174423218, 1.5863277912139893, 0.4150049090385437, 0.7692501544952393, 0.859302282333374, 4.734160900115967, 0.0, 1.7048414945602417, 0.7523590922355652, 0.0, 0.0, 0.0, 0.4645377993583679, 0.0]
[1.3990671038627625, 1.4282959699630737, 3.4787874817848206, 0.0, 0.8195483684539795, 3.5100812315940857, 1.6928805708885193, 2.1400744915008545, 2.5681360363960266, 0.0, 1.6554147005081177, 5.623071074485779, 1.326223373413086, 1.3033492267131805, 0.0, 0.6378957629203796, 1.0980263948440552, 2.632649540901184, 0.4453427195549011, 0.0, 0.0]
