[1.0422153510865062, 1.8272388564737994, 0.6242987138686358, 0.4610021832005842, 1.0010211025275826, 0.3437633543371728, 1.6421590791912415, 0.23443531717341115, 0.5912272317993976, 0.4015378034560634, 0.46637183448661085, 1.2500912143231004, 0.0, 0.22869105551329666, 0.6965696651453577, 0.19990435052176342, 0.30020067361928143, 0.7344527371264398, 0.1680487996756227, 0.250799208118179, 0.0]
[0.77876005085346, 1.9271320873618998, 0.0, 0.269211101954858, 2.1514826496414714, 0.0, 0.0, 0.0, 0.43791494887872595, 1.1787470166814185, 0.0, 1.070836816909574, 0.46359586080986454, 0.41517088764133386, 0.5777173799319129, 0.0, 0.0, 0.32757551328591394, 0.0, 0.0, 0.0]
[0.19212261357882646, 1.753859971783807, 0.756208111712622, 0.0, 0.3770993137561035, 0.42306132297951354, 0.0, 0.0, 1.3669219724152981, 0.0, 0.5739526276436193, 0.0, 1.2367828073432103, 0.0, 0.5644961621455128, 0.216162892562097, 0.5018471308823662, 0.0, 0.0, 0.0, 0.0]
[1.5261042480596203, 1.0729699462908264, 0.4104834916479023, 24.022443980928927, 1.3117471920263557, 1.1566851139085226, 1.0822661365904889, 1.05396800337936, 0.5799136630699405, 0.3029327649124909, 1.2312343797655498, 0.56666373435088, 0.0, 0.16666666666666666, 0.21401701765971548, 0.9543479057067661, 0.0, 0.37342209045489705, 0.4415356258738361, 0.33505925730250286, 0.0]
[0.8634324124421324, 1.509643460192399, 0.5534162159564852, 0.6112981817371682, 0.6874000892498323, 0.8339231210572875, 0.0, 1.010161596354186, 0.670211097183422, 0.0, 0.0, 0.9958232963439745, 0.9051153752207101, 0.4808663819487376, 0.6174815395636545, 0.38501051311120316, 0.0, 0.0, 0.0, 0.37351162676835303, 1.3983630528783628]
[0.4119768653897443, 0.31597491775226705, 0.0, 0.2472563039022901, 0.4651016709674578, 0.0, 1.3914558407805253, 0.27766140278716656, 0.6342037603617504, 0.5465852446826206, 0.32000982621763585, 0.7988403851469956, 0.6124099945536925, 0.32535894286226325, 0.8355881443639769, 0.7192645442571752, 0.0, 1.117219424056528, 0.0, 0.8783335383664715, 0.0]
[0.8215628398736279, 0.0, 0.9264441345990753, 0.1797160431377482, 0.7381319485444436, 0.37309546181637354, 0.8421810299804764, 0.0, 1.5880592295282894, 0.0, 0.0, 0.2194499512746247, 0.8674696074608846, 0.532711412101308, 0.33873010491400246, 0.0, 0.0, 0.0, 0.0, 0.0, 0.0]
[1.422731171237546, 2.478459674505369, 1.0468544948823713, 0.4610021832005842, 1.431665504422096, 0.6594301842744646, 0.38624331126293715, 0.0, 1.1341321780786366, 0.0, 0.46637183448661085, 0.7568084823465032, 0.0, 0.0, 1.4254279823027913, 0.4168709873537889, 0.9127224736455393, 0.7469119815203102, 0.0, 0.0, 0.9928479824582026]
[2.3136489200380064, 0.7367730892471182, 0.9802404962523201, 0.8061063704419595, 0.6819890430083416, 0.0, 1.3166102300994877, 0.0, 1.1977965708718488, 1.4308706185379825, 3.0256882228790944, 1.150206297126143, 1.9225544278718678, 0.23164961813191767, 0.0, 0.0, 0.0, 0.32757551328591394, 0.0, 0.5906531539561054, 0.0]
[0.408751852649069, 0.3483989219910859, 0.0, 0.1767632325992124, 0.4833999652045445, 0.9158248961780764, 0.2820809821445124, 1.0358186579446285, 1.4143488600018395, 0.35335967472903984, 5.6221654580226375, 1.804565189961383, 0.17414958011662032, 0.657122693909797, 0.0, 0.16880486506219716, 0.0, 0.4194648012119466, 0.0, 0.20845428975813665, 0.0]
[2.531952050485391, 1.098195334588167, 0.0, 1.2607452646906225, 1.9583965034318518, 0.0, 0.0, 0.4845179990939919, 1.539343785990543, 0.7549377745573811, 0.0, 0.3393642188158802, 1.3573594257769006, 0.0, 0.0, 0.9077819288155325, 0.0, 0.5760395669486666, 0.23394556044213047, 0.0, 0.0]
[0.4168330121215017, 2.905208298668404, 0.45475368676163913, 0.0, 0.28242553509152335, 1.0879128115707521, 0.5947154164307753, 0.0, 0.4516436660157808, 0.21352906673211192, 2.108059831786246, 1.0419951489286146, 0.3718761408943519, 0.39879997422560187, 0.5073975116081257, 2.4400578715372276, 0.0, 0.0, 3.5749226562306546, 0.31021360701955536, 0.0]
[1.0505894716836386, 0.7404429172692943, 0.4746282756257634, 0.0, 0.0, 0.0, 1.3420168694186358, 0.4331741972546386, 0.8031194476774401, 0.6703478564993445, 0.34416733944902217, 0.3505442241969916, 0.6901155214149287, 0.20620355503369903, 0.7113399967146915, 0.0, 0.9663908413439454, 0.6110170242890236, 0.0, 0.0, 0.6161808717130974]
[0.47853210133025137, 1.6828899870211587, 0.0, 0.5020811318790543, 0.4412288308967334, 0.5182036204386223, 0.0, 0.2151286666403283, 2.122826773589967, 0.3663157589497735, 0.7915207686101249, 0.26235863487712585, 0.9108717775093773, 0.0, 0.7311024123653139, 0.26616009250592804, 0.8614183784536702, 0.0, 0.8312655935022673, 0.0, 0.0]
[0.7491987988355434, 0.2655597435740201, 1.4415192160486117, 1.4804760417602507, 1.0685900967697326, 0.6830917809623905, 0.0, 0.6397391671812306, 1.432246979000384, 0.0, 0.0, 0.0, 0.3723477510130785, 0.0, 1.2956796118120113, 0.0, 0.32050478850485264, 0.717341989039107, 0.0, 0.0, 0.0]
[1.0988340499031766, 0.5222756477649296, 0.0, 0.0, 0.45349317689197144, 0.0, 0.5814677519375796, 0.0, 1.3467915058005346, 0.0, 0.36387579305830664, 1.7509766178384951, 0.6581006708727498, 0.3316047571341157, 0.0, 0.0, 0.0, 0.0, 0.0, 0.0, 0.0]
[1.8689789079158168, 0.32901414539841983, 0.0, 0.481208458786229, 0.0, 0.0, 2.444001119418238, 2.5677404840407068, 1.4970148820811897, 0.3958367591304788, 0.7152884847702579, 1.911658481066702, 0.9344938681303374, 0.869513256083682, 0.5292970486133393, 0.0, 0.48968462273559965, 2.390977205949626, 0.4679498804317884, 0.0, 0.0]
[1.0617712655780274, 0.4372039055502924, 1.090799476394662, 0.9010996919406807, 1.9379628117012806, 0.0, 0.40165521435093876, 0.5489489781836073, 0.5972167580314839, 0.7212264917866547, 1.2154023855493366, 0.4442343993901666, 1.1619681223459617, 0.0, 0.33555604341637524, 1.2943735131679583, 0.349143600811323, 0.8905489893897403, 0.6674508081832311, 0.0, 0.0]
[0.3631508580264607, 1.8425782477763022, 1.2879956841609657, 0.0, 0.9805503028340572, 0.37880343050043336, 0.0, 0.0, 0.8071382794399813, 2.191782071028298, 0.6775581908834956, 0.0, 0.34007250253936294, 0.5796077953228633, 0.0, 0.6592711294621855, 0.0, 0.0, 0.26088174987866747, 0.0, 0.0]
[1.056705410276056, 1.092341551262458, 1.6356241069168231, 0.6610759720726403, 1.4204976135919403, 1.4352120084143591, 0.29857792139898176, 1.5562734548568513, 0.7906864401824765, 0.20518320603218487, 0.3834236969410897, 0.4283091214955581, 2.2645084754116724, 0.0, 0.7113399967146915, 0.3719749990186748, 0.0, 0.0, 0.0, 0.22967283740403494, 0.0]
[0.6513169308626001, 0.6385724647372388, 1.6360419170034137, 0.0, 0.40519415090151656, 1.7285531834144623, 0.9772128682208356, 0.8929396583851279, 1.2078653294954504, 0.0, 1.021831109427513, 2.6149117678204132, 0.4494155585357248, 0.702438262980345, 0.0, 0.26616009250592804, 0.5472983491647903, 1.1626796711489402, 0.274894891931654, 0.0, 0.0]
