[1.7154267132282257, 0.36649373173713684, 0.0, 0.0, 2.623101592063904, 0.20731312036514282, 0.20731526613235474, 0.8339771628379822, 3.5112963914871216, 0.38894006609916687, 2.8957463651895523, 2.404095232486725, 0.4304090440273285, 7.407343089580536, 1.0120147466659546, 1.0454119741916656, 2.318573296070099, 1.8421365022659302, 3.064729019999504, 0.7618113160133362, 0.5663716793060303]
[0.0, 2.1257544457912445, 1.5881115198135376, 0.5936381816864014, 0.3271781802177429, 2.1216043829917908, 1.3337027430534363, 1.0877827778458595, 0.0, 2.677165448665619, 1.1433730125427246, 1.947291910648346, 2.113823115825653, 0.0, 1.3908050060272217, 0.0, 0.6893195509910583, 0.0, 0.0, 1.422547072172165, 0.20817312598228455]
[0.0, 1.1275430023670197, 1.6268696188926697, 0.0, 0.4404013454914093, 0.8222417831420898, 1.3532496988773346, 0.0, 3.0954991579055786, 0.0, 3.7083334624767303, 0.0, 2.135418340563774, 3.227023124694824, 2.2505751252174377, 0.0, 0.8930902481079102, 0.5922883749008179, 2.9714578986167908, 0.0, 2.175577461719513]
[0.8996520042419434, 4.280698299407959, 0.0, 1.9403489828109741, 1.1268699169158936, 1.4826651066541672, 2.146347999572754, 4.077601492404938, 0.6306580305099487, 2.6760998368263245, 6.901166379451752, 0.4754149913787842, 0.0, 0.5235363245010376, 2.1940372586250305, 0.6589708924293518, 1.9041187465190887, 0.0, 0.8655427694320679, 2.0387696623802185, 0.5519570708274841]
[3.2629854679107666, 0.0, 0.6551347970962524, 5.96327942609787, 1.7803004384040833, 0.0, 0.5414093732833862, 0.5081796646118164, 5.78388586640358, 0.0, 0.0, 2.7151880860328674, 0.7529675960540771, 1.0995676815509796, 3.8362357020378113, 0.0, 2.879038691520691, 1.2963088750839233, 1.4856246709823608, 0.0, 2.1205264925956726]
[0.0, 1.806431233882904, 1.4133999943733215, 0.0, 0.9055873155593872, 0.8779491782188416, 3.1202566027641296, 5.540219604969025, 0.7139629125595093, 1.9118101596832275, 1.503575086593628, 2.370986729860306, 5.079873949289322, 6.252958714962006, 3.929435759782791, 3.0829142332077026, 0.2983868420124054, 1.3580904603004456, 0.54420405626297, 0.9617589116096497, 0.5436408519744873]
[0.5338121652603149, 1.0744857788085938, 0.4393887519836426, 3.6540272682905197, 2.382805109024048, 0.0, 2.3183782547712326, 2.444730281829834, 0.35536879301071167, 1.6894754767417908, 2.5552569329738617, 3.248071640729904, 0.0, 0.4757530391216278, 0.7413719296455383, 0.0, 1.2951050102710724, 0.8614335656166077, 0.0, 0.0, 0.0]
[0.9241023659706116, 5.448070824146271, 5.46880841255188, 0.0, 3.831483244895935, 1.2681652307510376, 0.8456012606620789, 0.3256280720233917, 0.6142854392528534, 2.8933770954608917, 8.5948406457901, 7.4821737408638, 2.74007511138916, 7.761046975851059, 10.369055688381195, 5.0032559633255005, 0.0, 0.38299551606178284, 0.0, 7.686535567045212, 0.4748549163341522]
[0.0, 1.2707842588424683, 0.5486775636672974, 2.140857517719269, 0.8286112546920776, 3.771044582128525, 1.0287212133407593, 4.375556826591492, 2.970239609479904, 1.228461742401123, 0.6848949491977692, 1.8332616984844208, 1.8410451412200928, 3.600310206413269, 4.843926191329956, 4.205877065658569, 0.5313321352005005, 1.6221884489059448, 1.456110954284668, 0.0, 5.252066016197205]
[0.0, 5.780993938446045, 0.5688921809196472, 0.0, 4.272102236747742, 1.9400377571582794, 1.1539732217788696, 3.469251573085785, 0.0, 5.963161587715149, 7.914507940411568, 2.4406171441078186, 3.344969689846039, 1.0856133699417114, 0.0, 0.0, 1.740158200263977, 1.2743287086486816, 8.145333290100098, 0.45284759998321533, 2.3630847930908203]
[1.8053940534591675, 1.9920252561569214, 2.269917644560337, 8.724977374076843, 3.685281813144684, 3.3304862082004547, 9.638118743896484, 4.403320610523224, 2.3249054551124573, 3.0722451508045197, 3.4034109711647034, 0.198005810379982, 3.6209166646003723, 5.6613121926784515, 0.8404258787631989, 2.608193576335907, 3.7747899889945984, 1.2014286518096924, 0.5627349317073822, 0.6084540486335754, 9.325411200523376]
[0.49603980779647827, 10.073630213737488, 3.8290245831012726, 2.5789323449134827, 3.3519855439662933, 1.700260877609253, 2.0712276697158813, 4.086532324552536, 3.8251336812973022, 8.463793486356735, 0.9036180377006531, 2.939596965909004, 4.373609215021133, 4.661371111869812, 0.0, 0.8024397492408752, 3.6252962350845337, 0.42970338463783264, 0.0, 1.106783390045166, 6.985200464725494]
[1.8798129558563232, 0.6890235543251038, 1.0099862813949585, 3.4890334010124207, 3.5924347639083862, 2.5843029022216797, 2.3206589221954346, 4.23194620013237, 1.5337635278701782, 7.004474759101868, 4.9818443059921265, 2.4761659801006317, 1.7373833358287811, 3.1385659873485565, 2.7130261063575745, 1.7270181775093079, 3.3180272579193115, 3.774149239063263, 1.6225517094135284, 2.729039490222931, 0.8246726989746094]
[0.5500115752220154, 4.907052218914032, 5.024827674031258, 0.5936381816864014, 3.756180226802826, 3.1290893852710724, 10.092826277017593, 0.5160335898399353, 2.212735652923584, 0.5800042152404785, 0.9596343040466309, 4.200121060013771, 11.629018783569336, 0.0, 3.901723861694336, 0.0, 0.0, 2.7017264366149902, 0.49204447865486145, 2.9025193452835083, 2.279877483844757]
[7.4630115032196045, 1.8573914766311646, 0.5675861239433289, 10.999784111976624, 2.2650316059589386, 14.490989685058594, 5.65601110458374, 1.3727903962135315, 5.603906214237213, 15.495610564947128, 9.297093749046326, 3.809598535299301, 2.3891798555850983, 3.461952805519104, 0.8928694725036621, 2.2520368695259094, 0.6015259623527527, 2.995079278945923, 0.0, 0.0, 0.8667129278182983]
[0.9443297982215881, 4.091799467802048, 1.5674560368061066, 0.0, 4.4914277493953705, 1.5971737504005432, 1.8499726057052612, 1.8312894105911255, 0.30373090505599976, 0.0, 3.6287088096141815, 0.9518264532089233, 0.49736151099205017, 2.2734614610671997, 2.330894649028778, 0.0, 5.395074903964996, 0.28793275356292725, 2.3878773152828217, 4.372914969921112, 0.36200714111328125]
[1.0506339967250824, 2.27093243598938, 1.7381877899169922, 1.547603279352188, 2.2096694707870483, 1.4295363426208496, 3.968131899833679, 5.682780861854553, 1.1177207231521606, 3.1102712154388428, 2.647893011569977, 1.1432354152202606, 3.0833734273910522, 2.6643946766853333, 11.456425696611404, 1.1112405061721802, 1.8134571313858032, 1.695410966873169, 0.0, 2.900883287191391, 1.531416416168213]
[9.070801556110382, 6.280423641204834, 9.273447304964066, 3.4385380148887634, 0.9077885746955872, 4.794768571853638, 3.1559881567955017, 0.0, 2.4546629190444946, 8.76449865102768, 5.148966193199158, 4.432718575000763, 0.6224691420793533, 2.0323530435562134, 0.618140697479248, 0.0, 0.0, 1.09084552526474, 1.1495626419782639, 2.6013258397579193, 1.493946611881256]
[0.7406220436096191, 5.247270226478577, 9.50687375664711, 0.0, 3.1242100596427917, 1.106160283088684, 1.8569985032081604, 4.702898383140564, 5.0252028703689575, 3.563231945037842, 5.823990643024445, 2.9924235939979553, 1.7819370031356812, 3.5779892802238464, 0.6688767671585083, 1.6847443580627441, 3.6165508031845093, 1.4264448285102844, 4.192475885152817, 0.7889641523361206, 1.9338988959789276]
[0.7009127140045166, 6.628688156604767, 1.1285099983215332, 0.0, 1.3989882469177246, 2.1792142391204834, 9.844021320343018, 1.6137476861476898, 2.596848785877228, 0.340142160654068, 14.5862877368927, 2.7095491886138916, 1.1080034375190735, 1.5829234421253204, 4.137170791625977, 3.0029225051403046, 2.280239701271057, 8.519213676452637, 0.0, 3.02178356051445, 3.6252100467681885]
[0.0, 4.239619612693787, 2.7992468774318695, 4.823247462511063, 0.992909848690033, 7.458679497241974, 3.13102126121521, 2.9052546620368958, 3.6266270875930786, 0.886501282453537, 5.451470494270325, 1.736766755580902, 0.4674329161643982, 4.33368307352066, 1.2829399704933167, 0.2878930866718292, 1.2161563038825989, 5.380561470985413, 7.136951804161072, 3.426622152328491, 3.247670829296112]
