[0.03649844070698353, 0.007797738973130571, 0.0, 0.0, 0.05581067217157242, 0.004410917454577507, 0.0044109631091990365, 0.01774419495399962, 0.07470843386142811, 0.008275320555301422, 0.06161162479126707, 0.05115096239333457, 0.00915763923462401, 0.15760304445916035, 0.02153222865246712, 0.0222428079615248, 0.04933134672489572, 0.03919439366523256, 0.06520700042552136, 0.016208751404539066, 0.01205046126183043]
[0.0, 0.04522881799555839, 0.033789606804543355, 0.012630599610348965, 0.006961237876973253, 0.04514051878705938, 0.02837665410751992, 0.02314431442225233, 0.0, 0.056960966992885505, 0.02432708537324946, 0.04143174277975204, 0.04497495991118411, 0.0, 0.02959159587291961, 0.0, 0.014666373425341666, 0.0, 0.0, 0.030266958982386488, 0.004429215446431586]
[0.0, 0.0239902766461068, 0.034614247210482334, 0.0, 0.00937024139343424, 0.017494506024299784, 0.02879254678462414, 0.0, 0.06586168421075698, 0.0, 0.07890071196759, 0.0, 0.04543443277795264, 0.0686600664828686, 0.04788457713228591, 0.0, 0.019001920172508725, 0.012601880317038678, 0.0632225084812083, 0.0, 0.046288882164244954]
[0.019141532005147732, 0.09107868722144594, 0.0, 0.041284020910871785, 0.023975955679061564, 0.031546066099024835, 0.04566697871431391, 0.08675747856180718, 0.013418255968296782, 0.05693829440056009, 0.14683332722237769, 0.010115212582527323, 0.0, 0.01113907073406463, 0.046681643800532566, 0.01402065728573089, 0.04051316481955508, 0.0, 0.018415803604937615, 0.04337807792298337, 0.011743767464414556]
[0.06942522272150567, 0.0, 0.013939038236090478, 0.1268782856616568, 0.03787873273200177, 0.0, 0.011519348367731622, 0.010812333289613115, 0.12306140141284212, 0.0, 0.0, 0.05776995927729505, 0.016020587150086748, 0.02339505705427616, 0.08162203621357045, 0.0, 0.06125614237278065, 0.027581039895402625, 0.03160903555281619, 0.0, 0.045117584948844096]
[0.0, 0.038434707103891574, 0.03007234030581535, 0.0, 0.019267815224667813, 0.018679769749337053, 0.06638843835668361, 0.11787701287168137, 0.0151907002672236, 0.040676811908153775, 0.03199095928922613, 0.050446526167240546, 0.10808242445296429, 0.13304167478642565, 0.0836050161655913, 0.06559391985548303, 0.006348656213029902, 0.028895541708520118, 0.011578809707722765, 0.020462955566162757, 0.011566826637755049]
[0.011357705643836489, 0.022861399549119015, 0.0093486968507158, 0.07774526102745787, 0.050697981043064846, 0.0, 0.049327196910026225, 0.052015537911273065, 0.007561038149164078, 0.03594628673918704, 0.054367168786677904, 0.06910790724957243, 0.0, 0.010122405087694209, 0.01577387084352209, 0.0, 0.027555425750448347, 0.018328373736523566, 0.0, 0.0, 0.0]
[0.019661752467459822, 0.11591640051375043, 0.11635762579897617, 0.0, 0.08152092010416882, 0.026982238952149736, 0.01799151618429955, 0.006928256851561526, 0.013069902962826667, 0.06156121479704025, 0.18286894991042765, 0.15919518597582552, 0.058299470455088515, 0.16512865906066082, 0.2206182061357701, 0.10645225453884043, 0.0, 0.008148840767271974, 0.0, 0.16354330993713218, 0.010103296092216005]
[0.0, 0.02703796295409507, 0.011673990716325475, 0.0455501599514738, 0.01763002669557612, 0.08023499110911754, 0.02188768539022892, 0.09309695375726577, 0.06319658743574263, 0.02613748388087496, 0.014572232961654663, 0.03900556805286001, 0.039171173217448785, 0.07660234481730359, 0.10306225938999906, 0.0894867460778419, 0.01130493904681916, 0.034514647849062656, 0.03098108413371634, 0.0, 0.11174608545100435]
[0.0, 0.12299987103076691, 0.012104088955737174, 0.0, 0.09089579227122854, 0.041277399088474026, 0.02455262173997595, 0.07381386325714435, 0.0, 0.12687577846202444, 0.16839378596620355, 0.05192802434271954, 0.07116956786906466, 0.023098156807270457, 0.0, 0.0, 0.037024642558808024, 0.027113376779759182, 0.17330496361915101, 0.009635055318791816, 0.050278399852996175]
[0.03841263943530143, 0.042383516088445136, 0.048296120097028446, 0.18563781646972005, 0.0784102513435039, 0.07086140868511606, 0.20506635625311667, 0.0936876725643239, 0.049466073513031006, 0.06536691810222382, 0.07241299938648305, 0.004212889582552808, 0.07704078009788026, 0.12045345090805215, 0.01788140167581274, 0.05549348034757249, 0.08031468061690634, 0.02556231174063175, 0.011973083653348556, 0.012945830821990967, 0.1984130042664548]
[0.010554038463754857, 0.2143325577390955, 0.0814686081510909, 0.05487090095560601, 0.07131884136098496, 0.03617576335338836, 0.044068673823742154, 0.08694749626707524, 0.08138582300632557, 0.18008071247567523, 0.019225915695758575, 0.06254461629593626, 0.0930555152132156, 0.09917810876318749, 0.0, 0.017073186154061174, 0.0771339624486071, 0.009142625205060269, 0.0, 0.023548582766918427, 0.14862128648352116]
[0.03999602033736858, 0.014660075623938378, 0.02148906981691401, 0.07423475321303022, 0.07643478221081673, 0.05498516813237616, 0.04937572174883903, 0.09004140851345468, 0.03263326655042932, 0.14903137785323123, 0.1059966873615346, 0.05268438255533259, 0.03696560288997407, 0.06677799973082035, 0.05772395970973562, 0.03674506760658102, 0.0705963246365811, 0.0803010476396439, 0.03452237679603252, 0.05806467000474321, 0.017546227637757646]
[0.011702373940893945, 0.10440536635987302, 0.10691122710704803, 0.012630599610348965, 0.07991872822984736, 0.06657636989938452, 0.2147409846173956, 0.010979438081700751, 0.04707948197709753, 0.012340515217882521, 0.020417751149928314, 0.08936427787263343, 0.247425931565305, 0.0, 0.08301540131264544, 0.0, 0.0, 0.05748354120457426, 0.010469031460741733, 0.06175573075071294, 0.048508031571165046]
[0.15878747879190647, 0.039518967587897115, 0.012076300509432529, 0.23403795982928985, 0.04819216182891359, 0.30831892946933176, 0.12034066179965404, 0.029208306302415565, 0.11923204711143007, 0.3296938418073857, 0.197810505298858, 0.08105528798509151, 0.050833613948619114, 0.0736585703301937, 0.018997222819226854, 0.04791567807501935, 0.01279842473090963, 0.06372509104140262, 0.0, 0.0, 0.01844070059187869]
[0.02009212336641677, 0.08705956314472442, 0.03335012844268312, 0.0, 0.09556229254032703, 0.033982420221288154, 0.03936111927032471, 0.038963604480662245, 0.006462359682042547, 0.0, 0.07720657041732301, 0.020251626664019647, 0.010582159808341493, 0.04837152044823829, 0.049593503170825066, 0.0, 0.11478882774393609, 0.006126228799211218, 0.050805900325166416, 0.09304074404087473, 0.00770227959815492]
[0.022353914823937924, 0.04831771140402936, 0.03698271893440409, 0.0329277293479189, 0.0470142440592989, 0.030415666864273397, 0.0844283382943336, 0.12091023110328836, 0.023781291981960863, 0.06617598330720942, 0.05633814918233993, 0.024324157770643843, 0.06560368994449048, 0.05668924844011347, 0.24375373822577456, 0.023643415024940002, 0.03858419428480432, 0.03607257376325891, 0.0, 0.06172092100407215, 0.032583328003579]
[0.1929957777895826, 0.1336260349192518, 0.19730738946732054, 0.0731603832955056, 0.019314650525438026, 0.10201635259263059, 0.06714868418713833, 0.0, 0.05222687061796797, 0.18647869470271658, 0.10955247219572675, 0.09431316117022899, 0.01324402429956071, 0.043241554118217305, 0.013151929733601022, 0.0, 0.0, 0.023209479260951914, 0.024458779616558804, 0.055347358292721686, 0.03178609812513311]
[0.01575791582148126, 0.1116440473718846, 0.20227390971589596, 0.0, 0.06647255446048493, 0.02353532517209966, 0.039510606451237454, 0.10006166772639498, 0.10691921000785015, 0.07581344563910301, 0.12391469453243499, 0.06366858710633948, 0.03791355325820598, 0.07612743149412439, 0.014231420577840602, 0.03584562463963285, 0.07694788942945764, 0.030349889968303925, 0.08920161457771951, 0.01678647132630044, 0.04114678502082825]
[0.014913036468181203, 0.14103591822563333, 0.024010851028117727, 0.0, 0.029765707381228183, 0.04636626040681879, 0.20944726213495782, 0.034335057152078505, 0.055252101827175056, 0.007237067247958894, 0.3103465475934617, 0.05764998273646578, 0.023574541223810072, 0.03367922217287916, 0.08802491046012716, 0.06389196819447457, 0.04851573832491611, 0.18125986545643907, 0.0, 0.0642932672449883, 0.0771321286546423]
[0.0, 0.09020467261050609, 0.05955844420067807, 0.10262228643640559, 0.02112574146149006, 0.1586953084519569, 0.0666174736428768, 0.061813928979508416, 0.0771622784594272, 0.018861729413905043, 0.11598873392064521, 0.03695248416129579, 0.009945381194987196, 0.09220602284086511, 0.027296595116879076, 0.0061253848228048765, 0.025875666040055294, 0.11448003129756197, 0.1518500383864058, 0.07290685430486152, 0.06909937934672579]
