0.000463603451009902
0.000449087792397474
0.000464641617354775
0.000442073025341017
0.000446831681906425
0.000385356516255721
0.000433114640223997
0.000446328504558537
0.000443130510104575
0.000449549877961897
0.000441163447292419
0.000440851913344972
0.000471340415450792
0.000454479211363958
0.000507452083231014
0.000476847846888683
0.000504955235082838
0.000484731463268114
0.000454203439668682
0.000478841554327963
0.00047193874369943
0.000454677943645931
0.000494456076692062
0.000476593571640584
0.000510446121079945
0.000469732383396679
0.000571552105844701
0.000495201425064955
0.000482726610521451
0.000517480917397039
0.000470156666748665
0.000487630059224459
0.000532144628187026
0.000502542931497665
0.000581787404058102
0.000529945826378314
0.000546227859871824
0.000494340163109456
0.000498157427509999
0.000523744851103921
0.000515863116872133
0.000581568250507353
0.000558676772655699
0.000600055483877269
0.000575289674107074
0.000564303446207975
0.000585549375066131
0.00058916049721512
0.000564970228185301
0.000587443001430772
0.000554417470423141
0.000555282902620764
0.000584544287813379
0.000613086776016663
0.000594527622525072
0.000641740047806163
0.000612752680186538
0.000669091622475866
0.000626246410738357
0.00066396228932393
0.000630613023935567
0.000641218825529303
0.000645638525144385
0.00064776635677003
0.00073402398965532
0.000669838483861804
0.000707471310049557
0.000686299600871498
0.000728827235378902
0.000650713674527999
0.000739800243092865
0.000691622295477805
0.000719690015029762
0.000687682228803715
0.00068133223557202
0.000788730960566059
0.000750899572565139
0.00080854802749555
0.000807475531822485
0.000759147480262857
0.000794636214331544
0.000823712034607832
0.000858421371264191
0.000857120828657932
0.000808534467631675
0.000852790593581189
0.000802065083230978
0.000920192294445354
0.000884358054208073
0.000862123929347986
0.000944558454461128
0.000890591521450299
0.00094175979785076
0.000894729277728864
0.000989946033368471
0.000881958534394395
0.00100577041683729
0.000965548538447391
0.00101485186035042
0.00101731235341388
0.000973276078254658
0.00108240517014475
0.000980588095282053
0.00115006960588791
0.00109582359960573
0.00103637048655795
0.00105714773081437
0.00108219370136464
0.00122412000644257
0.00113039022001128
0.00106651706139718
0.00108644560984811
0.0010991266829257
0.00117274389216868
0.00119110128370588
0.00116371133059261
0.00109280413880763
0.0011766490743055
0.00112713295177299
0.00115768121846477
0.0012911650296787
0.00110539256604098
0.00137230258181178
0.00130720517493804
0.00126542734167718
0.00126468834609876
0.00120798112766192
0.00133031556205291
0.00125556125226797
0.00133645961311897
0.00138911215404605
0.00124809677210421
0.00142971786210255
0.00138320153482848
0.00137038062730037
0.00148175227437295
0.00130217770151006
0.00154403735428403
0.00139614513912293
0.00137832310527815
0.00146179679463661
0.00149347177988243
0.00157475805826542
0.00153122280401284
0.00150556123727144
0.00151703263884788
0.00158852219336998
0.00168318360705298
0.0016066188637888
0.00148130172843039
0.00156140633054367
0.00164045852081598
0.0015803021442306
0.00156015171771101
0.00169413305850083
0.00172174668638746
0.00172881103725243
0.00173372165949587
0.00176526055010061
0.00164042643146991
0.00176669912389758
0.00160763531388377
0.0017021234202062
0.00171775492200041
0.00181773199044267
0.00177246552970388
0.00173174795031049
0.00170637336962478
0.00172585597127707
0.00186857438075522
0.00184331658560554
0.00172725996409536
0.00186268012596945
0.0017955972242672
0.00200723125646707
0.00191123255523421
0.00179400883212491
0.00192108067836541
0.00171054542187676
0.00193559347310885
0.00193958108861997
0.00177894166747775
0.00200962506544311
0.00195740900420048
0.00202491280515006
0.00192158709160414
0.00196077561955719
0.00198828158522607
0.00191849595820944
0.00197565767432473
0.00186912687291587
0.0019187893869313
0.00193047254676834
0.00208516431348952
0.00197287612467397
0.00200606344965954
0.00210756143911954
0.00200770841502669
0.00195560123050312
0.00212155821852759
0.00193005070473745
0.00209110318194847
0.00193819775947667
0.00199478060404003
0.00216780174256659
0.00207559086068662
0.00216373144170099
0.00204881789683127
0.00207293277476813
0.00210582238366052
0.00205064454088476
0.00201449009186243
0.00213122058910158
0.0020570407749961
0.00226494168632909
0.00200713983034652
0.00203271150241744
0.00198268427581527
0.0019962416860732
0.00214360681828996
0.0021286015694515
0.00219134703486336
0.00198666844349118
0.00206586174812005
0.00218966892130957
0.00199514289318903
0.00226185848001081
0.0022174639163768
0.00229874512215627
0.0022688039372876
0.00216863041370217
0.00232495233153441
0.00222223486240233
0.00213454321849691
0.00212739490302477
0.00185628626242018
0.00220647546009542
0.00199349826321346
0.00167168257957005
0.00197020087047758
0.00177776892346751
0.00168417970641773
0.0013988417486773
0.00141483981139176
0.00192546687850544
0.00198926515419229
0.0023744436684303
0.00227697393808065
0.0015578190247585
0.001387926154587
0.00111445590933748
0.00116348189472896
0.00155831904121307
0.00131214454784926
0.00125991223733527
0.00178246231001127
0.00196176009763826
0.0015250578657556
0.00154107694921614
0.00137168213643449
0.00123076808461809
0.0014526499127004
0.00180126461851598
0.00193463178137409
0.00185171592285489
0.00174692185737777
0.00172288152049622
0.00176550167654191
0.00166894674186938
0.00172980520384502
0.00160607242744415
0.00160290792557321
0.0017285336647316
0.00162074125930077
0.00167549590599463
0.00160448094278988
0.00166553381097511
0.00156504050501325
0.00160092527400669
0.00160687984580212
0.00154144352848411
0.00155014760003776
0.00150543927806362
0.00150650284951696
0.00147321758589781
0.00152694971384773
0.00150863349032952
0.001449663841535
0.00156177644426135
0.00147262401288324
0.00145604190675084
0.00147336893193491
0.00140279186637643
0.00148332724643276
0.00136876649254457
0.00148478611647329
0.00139161162185688
0.00138446261625811
0.00136406487216733
0.00141289600435511
0.00128791790798001
0.00119643040495955
0.00133376026857692
0.0011904808051029
0.00141600912915536
0.00123401757538297
0.001268220338963
0.00137843088080619
0.00129460274720738
0.00138545105990551
0.00117532737337895
0.00119405590068245
0.0011918627793614
0.0011402414371722
0.00127215507762599
0.00120747258859026
0.00116873586675689
0.00120429406530475
0.00116002274763789
0.00113205244923337
0.00119353438517934
0.00119225327001647
0.00112918360946797
0.001008148261403
0.00109270031927865
0.00114050726805505
0.00106018522816761
0.000947234681732854
0.000958264031314634
0.000996938351156274
0.00107738121032747
0.00101138514087502
0.000988993006020498
0.0010005726670387
0.00100112405513417
0.00100010086552483
0.000981057760000585
0.000816508449190464
0.000985950041978176
0.000865422242952998
0.000866533582454285
0.000866121499665857
0.000837664503631283
0.000772084302977556
0.000858565404378527
0.000789142057654907
0.000875898304490744
0.000788372569117514
0.000888497267383736
0.000784378598686607
0.0007274097147403
0.000810716060834333
0.000720041240144288
0.000825286463895188
0.000700604543484193
0.000628381724179974
0.000734974816050265
0.000714714435250716
0.000727903222429275
0.000675461686453126
0.000654966258573797
0.000659670585656387
0.00067254762249816
0.000769880610218684
0.000641688979432696
0.000644953460250187
0.000621501582386949
0.000625780240654299
0.000571870947070933
0.000629365412068125
0.000582528767026017
0.000581888686058069
0.000580596995621322
0.00055572244588801
0.000536922693654814
0.000518335407893772
0.000546125690165224
0.000570539070874913
0.00051711576736626
0.000576821430196819
0.00054596958208433
0.000495677501088708
0.00055823209149969
0.000482581107364093
0.000485426935804008
0.000480764931950848
0.000489885713057318
0.00047198622429259
0.000483822913816014
0.000453842672247067
0.00044587850690235
0.000449936903207472
0.000468214368950023
0.000464388369056471
0.000468382560135253
0.000432067987789828
0.00047745059649859
0.000453881485818077
0.000440938385177003
0.000464259220040055
0.000365135763113994
0.000413287178045562
0.000383603965645265
0.000417231528506057
0.000413197651540302
0.000368771133761841
0.000398947207073257
0.000415015382134549
0.000343555910427096
0.000340534661699452
0.000350782562635338
0.000329421017412398
0.000328481695451414
0.000342289705221376
0.000353617366896202
0.000322028716453798
0.00032052858949399
0.000321171923313414
0.000309223081159827
0.000310485710404509
0.000313602601760243
0.000327394012922067
0.000324903215652453
0.000336870084038367
0.00031020411339924
0.000320986874166541
0.000285481920795948
0.000297222927034208
0.000284760518593901
0.00028758058748032
0.000276906940042222
0.000309321593717664
0.000273273738240686
0.0002621437124354
0.000300491450434898
0.000271133651753353
0.000273928225300565
0.000268007016771484
0.000261668924616426
0.000289052852987215
0.000233053986376216
0.000245483039351652
0.000252635887374379
0.000241587546783437
0.000243754991095932
0.0002440814167688
0.000222238877790253
0.00025499286817856
0.000228938364481567
0.000221597579303503
0.000219537455283728
0.000253742967958584
0.000239189881264063
0.000228533040827088
0.000192476764516719
0.000175200712426267
0.000198628416363094
0.000178780232792228
0.000212500546411672
0.000194405822573636
0.000196072651344041
0.000190146993419118
0.000213814912788133
0.000194390980953781
0.000193327716021421
0.000178397763185879
0.00017571942417482
0.000205851848042488
0.000189602589846195
0.000190672897039134
0.000176250580509623
0.000189190820842648
0.000188229159321088
0.000202315319734979
0.000183820749111599
0.000184896611694123
0.000177094611914343
0.000179244263157742
0.000179462573722241
0.000181957132766322
0.000171155931800197
0.000171876735093957
0.000160628184045465
0.000156532944468046
0.00018437891295906
0.000168327115390548
0.000159103032117699
0.000163480199388654
0.000170553284853753
0.000167264857363166
0.000185498523205035
0.000162184961193885
0.000155430583112116
0.000152144336665973
0.000163524301478727
0.000162703650505149
0.000174747550470398
0.000153732920459608
0.000162547521992433
0.000163082182707616
0.000181649196927825
0.000156383971069976
0.000167260937120625
0.000160542888051672
0.000165771941244271
0.000155030939126701
0.000148904558148021
0.000154709031777671
0.000135410196063757
0.00011622098347163
0.000145014153787568
0.000128855830693857
0.000139706694243945
0.000127327949524067
0.000122820092124906
0.000138316910301883
0.000131667713116425
0.000133918601025591
0.000133950422392956
0.00012750891536736
0.000135719594963906
0.00011778340291979
0.00014106647115468
0.000131087336043975
0.000127124430937268
0.000141422924172006
0.000132765390627189
0.000127274480087928
0.000127917402370634
0.000139891611786311
0.000141327746303319
0.000127968035246172
0.000137315827599142
0.000135763078764868
0.000133255470723438
0.000130805238854112
0.00013162507260706
0.000130987277688793
0.00013353837560459
0.000134857498960205
0.000137771850255072
0.000140282739482222
0.000145870256020214
0.000138954874202512
0.000144493735205107
0.00013791787008687
0.000132920030139203
0.000127209139643066
0.000152448876490711
0.000139458165569349
0.000143207154163823
0.000147252241324484
0.000144044621499356
0.000146055312921953
0.000139645450429686
0.00014181047697589
0.000149426053645743
0.000143552981120026
0.000147527818920186
0.000167947318545313
0.000155415079317133
0.000157730613819805
0.000155765068868968
0.000155419606879036
0.000137375902357234
0.000152758162296542
0.00013983866205298
0.000149570152255344
0.000146615039634619
0.000155103420448861
0.000165614119828648
0.000163211939115318
0.00015485399625512
0.0001631575333826
0.000158046196727329
0.000184334973862224
0.000159561082046991
0.000186015535640857
0.000169121966422426
0.000175481403546952
0.000175426717497345
0.000180619355991212
0.000180702230942572
0.00019456892911607
0.000194478648506282
0.000183595492260302
0.00019191927263447
0.000189101430516854
0.000182648751417368
0.000181462644165623
0.00018860604536018
0.00020042267859646
0.000191117713663751
0.000209078850835359
0.000201942512545962
0.000208228695814835
0.00020388679810178
0.000196920700824362
0.000232991596569704
0.000215799228262461
0.000223103999791789
0.000242503305598239
0.000202177560442686
0.000226893603339242
0.000227987262906683
0.000222687994870948
0.000252863370390317
0.000241567598887756
0.000260724576365381
0.000233779030212913
0.000240846012288513
0.000247150158919349
0.000261928053515439
0.000264166582580093
0.000277540752417685
0.000265374225906938
0.000266099788385649
0.000288321658997719
0.00026941400590026
0.000304249542300073
0.000284104654495657
0.000298878101701217
0.000281329337145109
0.000299570871119282
0.000326666100241417
0.0003021474391781
0.000302289036819437
0.00030166843715421
0.000318204923751942
0.000314023338997588
0.000328495420223226
0.000331804492140213
0.00031748882453679
0.00034631983648517
0.000328128728159558
0.000326661510134294
0.00036916373514491
0.000322917240411817
0.000404083606471114
0.000389682906848024
0.000372075663122787
0.000371346621599764
0.000341015591302165
0.000397149710090131
0.000384836767525634
0.000393770083212377
0.000417951900997349
0.000394204051580229
0.00044894012530888
0.000417416291755733
0.000430173763854776
0.000439519944091693
0.000444773388642803
0.000456223063431574
0.00042710229037623
0.000447598251156777
0.000478203694576435
0.000477602876990273
0.000492219226643455
0.000508287635409326
0.000495143254440203
0.000519599027179918
0.000519454213313141
0.000549260011610171
0.000516965650441147
0.000504274176834956
0.000530653474281555
0.000575546911626852
0.000528039524958766
0.000537020097412572
0.000596031017228171
0.000594722879998896
0.000631623369886107
0.000614916103855896
0.00062197984223108
0.000595989843507145
0.000623360940455807
0.000606684260671046
0.000617749526801581
0.000639864553690126
0.000653759701794867
0.000637124323410134
0.000688286423999899
0.000644319471793355
0.000632575342094702
0.000762080775932777
0.000727288973251912
0.000712765774803398
0.000785114573660434
0.0007495461383512
0.000778530375236491
0.000781411592861076
0.000771353493998646
0.000849440777557145
0.000735434675040968
0.000825942224286766
0.000848679946285533
0.000790488728024256
0.00087850904945931
0.000856739161565892
0.000895293743223472
0.000859749102835937
0.000882212668472532
0.000896897371431041
0.000826748563722141
0.000935269389800386
0.000864023913548473
0.000916856368181067
0.000855824163542651
0.00102381307334296
0.000883208752593772
0.000983152631634863
0.00102998989935036
0.00103459796845015
0.000983617092775005
0.0011153786994617
0.000959728629268131
0.00109800221990882
0.00103327307348299
0.0010300947209868
0.00112001031985947
0.00110524047513392
0.00116015940489121
0.0011276539777955
0.0011436655820794
0.00116610879998236
0.00116091102465287
0.00118315835244735
0.00119752262358696
0.00121796608344143
0.00122655938607135
0.00120985816784773
0.00122018138497214
0.00123316333788487
0.00122270964107631
0.00130378673318469
0.00136796659372078
0.00137805344977502
0.00125488093749998
0.00131005119795731
0.00130490906507859
0.00131493092246058
0.00150016769964828
0.00150532928790352
0.00143353821322134
0.00159113950786129
0.00144410807074673
0.00155798749007187
0.00156331408132861
0.00150968913748693
0.00153679924962614
0.00131777016712594
0.00157048503687582
0.00155045070296755
0.00118720209932456
0.00153734760315886
0.00132611194011751
0.00137142079094055
0.00114211342653496
0.00100525668516119
0.00159460809046461
0.00160254241907175
0.00152229873322186
0.00158690569202901
0.00152750991657951
0.00116724596467023
0.000944564556531967
0.000943222291482506
0.00127029856587524
0.00124937419642339
0.00126163928269174
0.00152867389984957
0.00171925630064507
0.0015376647863014
0.00149517330538742
0.00140725764668936
0.00122611639264871
0.0014986385985398
0.00182938873549287
0.00213633807253116
0.00204501734189456
0.00191434436514311
0.00187713810738212
0.00196729101396882
0.00187462028638085
0.0019542104054424
0.00192329646255524
0.00193054521987409
0.00201252222417455
0.00194812745601418
0.00212481084235858
0.00205213356973493
0.00202575552332505
0.00199126066277286
0.0020320585190945
0.00205965657806539
0.00196751555811479
0.00198363859012379
0.00191297758164265
0.00209527943846466
0.00194961037462922
0.00203076587420595
0.00201072870700245
0.00194118389166936
0.00215429624980982
0.00207402312776499
0.00211635646804119
0.00211780484606955
0.00199616035564419
0.00218431319131371
0.00205836295414569
0.00218145921045829
0.00198307369604175
0.00212375009270361
0.00205955605106448
0.00213957467777615
0.0019766021573909
0.00192040542674002
0.0020600539796631
0.0018906878559399
0.00207470733591601
0.00196447064303161
0.00203274569624968
0.00214782959243576
0.00213325614687528
0.00223117813492494
0.00198632473757749
0.00200799236882617
0.00194014856583337
0.00192468540451306
0.00206838940334079
0.00217603164987689
0.0020537926449355
0.00208602588739453
0.00207184662860094
0.00200317493562971
0.00213674529799229
0.00206526031054304
0.0019931627762411
0.00199382311071277
0.00197673452989546
0.00217827495498846
0.00204715644578365
0.00193477817738664
0.00198087682558682
0.00196141888844173
0.00202429218110669
0.00208342538074644
0.00196848650750666
0.00192990559158186
0.00207002531832287
0.00192520838702957
0.00196871853749924
0.00181942965165241
0.00199028484031781
0.00186619873802416
0.00181271064221111
0.00181931760501578
0.00176448250994884
0.00173469931264019
0.00187100182727049
0.00182738137834577
0.00187909595917669
0.00173281534865299
0.00188475485272261
0.00176129350110147
0.00174256261240731
0.00181741194524896
0.0017279458974142
0.00189648986028299
0.00162597479935417
0.00154917922178274
0.00179866873322677
0.00177353281693463
0.001744784610544
0.00170938898733644
0.00168774411863712
0.00158716308558687
0.00169366832954327
0.00182839288526688
0.00160464303803583
0.00165625407161741
0.00162005945043032
0.0015306444121299
0.00152746660787002
0.00166075208440583
0.0014996409661131
0.00151434781241424
0.00158333688264602
0.00148896808824158
0.00145320006783803
0.00150116407445977
0.00146371253362219
0.00147514558817103
0.00153131241371241
0.00152657676270805
0.00147142975822655
0.00150196622142848
0.00150814613002645
0.00150334516539395
0.00138502903480924
0.00145386551667486
0.00141278319924981
0.0014513672982524
0.00139550378145704
0.00134577764200383
0.0013301043545479
0.00139039825401796
0.00136118193585162
0.00138356766277129
0.00132411680164943
0.00135552223027292
0.00135097361065939
0.00135315293614661
0.00128776084867527
0.00131170058554478
0.00121650778797526
0.00127735648626554
0.00118010250231458
0.00125965323075949
0.00128296151465415
0.00126484980835618
0.00129775533795355
0.00122106799949172
0.00114658863794641
0.00119549708539909
0.00116159816332557
0.00110263772918449
0.00108116324649695
0.00110232254506831
0.00119281765400062
0.00107646856877198
0.00112790476923822
0.00103128754268609
0.000992050945198237
0.00101303044405675
0.00107928135731209
0.00112609457029641
0.00110105817583328
0.00109694148661146
0.00103401415433948
0.00102080567460915
0.00103241051265893
0.000971485069449189
0.000962561643419111
0.00100899305219638
0.000936687179844055
0.00110967299799207
0.00103337826783478
0.000941922856491125
0.00103758861712299
0.000928704029551018
0.000902429009469715
0.000911184015206549
0.000900803720211052
0.000981313610394463
0.000817635297815432
0.000869898085445741
0.000842644569994289
0.000821560366934907
0.000827428792216509
0.000890725292240163
0.000760661755269496
0.000847921379519629
0.000806189660298849
0.000808372288451591
0.000798416299870833
0.000809320778907787
0.000804164985670067
0.000800129774796071
0.000715358731916543
0.000638011408523798
0.000741522354369516
0.00071105146060116
0.000732447879180168
0.000694480566028771
0.000680544818283555
0.000720829028809561
0.000722497859542022
0.000688026078801605
0.000725668030408108
0.000645530747122497
0.000683661383491492
0.000679618354624973
0.000672414167892657
0.000686361388058722
0.000627861503828484
0.000689639308971319
0.000636410188552893
0.000650079766468219
0.000632208863871926
0.000597799756098851
0.000607935200162832
0.000663780518083704
0.000598793751362852
0.000642442329683322
0.000590093002865818
0.000615310937343409
0.000603683696588064
0.000569007532573227
0.000627263472767088
0.000605731410754898
0.000562998150558625
0.000592705223071439
0.000555613974378751
0.000597965336779298
0.000589024147295491
0.000544197345926919
0.000553794862441971
0.000528432511273032
0.000542560316235577
0.000588437628712814
0.00064459474834084
0.000578774524782058
0.000596059507388409
0.000531944452887784
