0.000164943375166181
0.000168673875736002
0.000201647420540568
0.000201970533794367
0.000233974344279059
0.00021860512599829
0.000180360688743595
0.000197289475222455
0.000193048950337191
0.000203623650518725
0.000200435158953123
0.000181981095694274
0.000189716480324997
0.000189778321262912
0.000193415918975751
0.000219046138921299
0.000214818494966417
0.000211123668072907
0.000203990040053168
0.000240020951629352
0.000209433037183546
0.000201739968860769
0.000215176838875306
0.000205634864123706
0.000227280833663984
0.000225607340218169
0.000216374784303107
0.000215819553441844
0.000197434922129017
0.000205603113870449
0.000230870377798367
0.000230772094808666
0.000259220950460589
0.000241809947848988
0.00021154221079507
0.000239555992888655
0.000233344710624602
0.000252689627826425
0.000249686498462386
0.000272213464061954
0.000239722986557149
0.000225863525562996
0.000252692664429471
0.000261377468843858
0.000268184776192947
0.000271726689698577
0.000280156822359603
0.000263876953945804
0.000276335185731688
0.000294579206173299
0.000258962907998994
0.000256048628489175
0.000287022253461065
0.00027141217519266
0.000286893499649525
0.000315306878205378
0.00029582034785569
0.000258581105873412
0.000302440898918543
0.000341844385322922
0.00025738942846393
0.000272933036821865
0.000304713768110381
0.000316165099762554
0.00029943069160657
0.000366496779101828
0.000266250060040749
0.00033286419054936
0.000287998014208487
0.000344472553592241
0.000286435257085391
0.000299527166889977
0.000295564952309976
0.000310828483079891
0.000309123969026816
0.000371894750293418
0.000306309663237755
0.000375006308749369
0.000290457544130061
0.00036438815823671
0.000324646456405675
0.000359306005099396
0.00035865065401484
0.000383964015513851
0.000398310506024658
0.000340944120178221
0.000375408028916385
0.000358164026795505
0.000348354699358649
0.000358067114466214
0.000382759494612898
0.000389701477210706
0.000416533709290374
0.000447076321535203
0.000373734915170736
0.000397010249716933
0.000411622280014533
0.000427933545290024
0.000430585989795424
0.000395417616343414
0.000404259255108154
0.000385622280420357
0.000355268963030708
0.000400671296315889
0.000483849597536851
0.000423900065522382
0.00043926174149336
0.000387088377732644
0.000404172867079054
0.000442194674627655
0.000450406152653439
0.000429387293269006
0.00042027839998645
0.000488818207614825
0.000455363740120117
0.000465774108102633
0.000486023108562779
0.000490212427825811
0.000428361287347712
0.000444041721969983
0.000416490207667162
0.000509627106454617
0.000485621486399315
0.000541329539221486
0.000498713556264266
0.000472760424842648
0.000482128416090121
0.00047459925439715
0.000461358598349689
0.000421395281465702
0.000437109501181814
0.000497512156980222
0.000475112820097102
0.000484789568195937
0.000527788622632438
0.00054531396718192
0.000528116869943508
0.000551544016913293
0.000456739299115729
0.000529770640556054
0.000497127055336456
0.000564361884849045
0.000474180139293074
0.000531471877347554
0.000535357285525818
0.000589743814877755
0.000557923583825343
0.000486474425616709
0.000516439290536344
0.00055044713223976
0.000582432217766631
0.000656673689210377
0.000506666367187283
0.000596846548730642
0.000551930051811243
0.000578674388703438
0.000626413303492221
0.000577858983767845
0.000559710307079453
0.000556413153617868
0.00061416250031939
0.00058446494396963
0.00052100411765947
0.000645974796835059
0.000631770019210155
0.000588300125607268
0.000577704356894947
0.000590892478633732
0.000621319646294072
0.000645107302162257
0.000705642778781182
0.000638915838116977
0.000631249297638148
0.000694593933120997
0.000652953550411785
0.000764200873422375
0.000685531977354796
0.000749467846651253
0.000679816974155264
0.000681118397828557
0.000697933438349146
0.000672517867033274
0.000725133958359361
0.000764552923917464
0.000774627676674492
0.0007818288844439
0.00074458812368421
0.000790226228809941
0.000824247032408788
0.000714794780713326
0.000771681226004756
0.000771893898279143
0.000707563783531903
0.000818758446034344
0.000802941779114267
0.000758110337912385
0.000859793513440958
0.000777562532568005
0.000888419223948369
0.000934627954382326
0.000788919662048571
0.000953728361164191
0.000839220677778207
0.000819798319169194
0.000836522069174934
0.000838807519842255
0.000920168497769166
0.000909509997057796
0.000835117682508879
0.000852058310763146
0.000947400838217159
0.00105093686976607
0.0008386196903389
0.00114626613161982
0.000922381826426617
0.000904087432823637
0.00103667517237187
0.00098011911541269
0.00111732758647165
0.000851145477263618
0.00101200782921754
0.0011156462557306
0.00100285631145044
0.0011370719278586
0.00111835030058275
0.00111066745087363
0.00119589504667194
0.000980416335672299
0.00110050533699601
0.0010061594164591
0.00111762142273934
0.00117633479307198
0.00110776486932095
0.00109783419730976
0.00118221857180809
0.00116756279282234
0.00115468413034639
0.0013077986170298
0.00102697010506586
0.000909305498242676
0.00104546454718432
0.000442410632577757
0.000961482670679213
0.000278640772242296
0.000558902148642156
0.000530189733835504
0.000643581276465683
0.000912094320519794
0.000206598859603663
0.000827806487849885
0.00063878517537758
0.000761119962263027
0.0012965805102956
0.000136414897266395
0.000505389937439399
0.000357671547846649
0.000722749485587133
0.000906858843124074
0.000506591407999049
0.000577065883207964
0.000658360294489964
0.000896466608562768
0.00109615628542683
0.00147248740000738
0.00155438034774611
0.00176677053987125
0.00151493056408548
0.00156911603804443
0.00138711366016326
0.00140701794114518
0.00149976711111702
0.00172246040432333
0.00164144835739487
0.00171477385588466
0.00179037898853715
0.0016891575061066
0.00183682676390033
0.00168647210957348
0.00174739395327801
0.0017421316663323
0.00177366075454643
0.00190250475429671
0.001800679049272
0.00190663127491507
0.00201858012034901
0.00204860131524345
0.00186865196947776
0.00194909623369578
0.00196210831409488
0.00174403135377004
0.00197123212058933
0.0015824898748833
0.001873322937903
0.00194563352735724
0.00185858321009378
0.00206843798004177
0.00213933942265296
0.00204461512479278
0.00194884735714954
0.00198085423369223
0.00212043881292823
0.00196149914462848
0.00222730183755766
0.0019090496692278
0.00216836141176056
0.00213913492661297
0.00215675406968152
0.00208442581158138
0.00213320105450561
0.0020924160445146
0.00213605765146433
0.00207480052763781
0.00211598598170943
0.00208295495399824
0.00239643967314851
0.00213065188514443
0.00201954916706078
0.00204748568282772
0.00210621576257739
0.00233563086453418
0.00214157682034399
0.00225665793518901
0.00226545167822078
0.00217697878924364
0.0023352110771864
0.00210374668478379
0.00218633413382414
0.00238743749984573
0.00221480279156687
0.00214916527184304
0.00208960110332713
0.00238227605004398
0.00233717789199489
0.0023869682134286
0.00231759964989926
0.0022333311215638
0.00240648557762273
0.00239450910898391
0.0023127390598412
0.00239128108136572
0.00226775514603884
0.00223443442668284
0.00235158764112344
0.00218907705691515
0.00238297364039803
0.00229023974773431
0.00219199439787587
0.00245313462280305
0.00215286838963963
0.0025068898900619
0.00233398803301366
0.00224295740300824
0.00206088022776407
0.00211673764790275
0.00240123355427675
0.00228292850703378
0.00237194469822915
0.00214299742848299
0.00223489982197816
0.0022906897133804
0.0022080565025027
0.00240167448393362
0.00220265998132495
0.00233027365429522
0.00202870965132665
0.00244170976581446
0.00223266141723087
0.00233247731587093
0.00229061134975874
0.00223033725999915
0.00224325744340448
0.00230415859997025
0.00226610091333836
0.00244160248926997
0.00224176421976282
0.00237030332971654
0.00220796370418459
0.00239721081551811
0.00230205014544498
0.00220166158464141
0.00235465400648817
0.00237587894063215
0.00216347994254095
0.00240269760645484
0.00226922891003441
0.00223989406777076
0.00215338002409109
0.00218253813064269
0.00222955250197771
0.00227447192497246
0.00220365994094086
0.00227416883285123
0.00240051526960252
0.0023079962570148
0.00216430538255058
0.00224485505905295
0.00201703503573255
0.00229408588569493
0.00247480910572438
0.00236367093831461
0.00212648365050398
0.00192662254301185
0.00213031121347771
0.00220848932200101
0.00210205819691335
0.0021179058910857
0.0020192116556125
0.00209014025640516
0.00217260356010406
0.00241311524707485
0.00205199071466629
0.0018802101779881
0.00185145894649381
0.00207277592695412
0.00201456951342508
0.00205966875588349
0.00195006602728243
0.00191907773827168
0.00185050178058903
0.00197614567562878
0.00188840011251315
0.00199658264882112
0.00198338861127564
0.0018654085543937
0.0017358292104512
0.00175856942252629
0.00181248742363132
0.00183647211094816
0.0017427391231671
0.00180614708506881
0.0017763359288949
0.00188638730096211
0.00192631606192082
0.00172423857240611
0.00181219954960859
0.00177384441902104
0.00187929529223381
0.00169048033245918
0.00160339688444741
0.00180875642047773
0.00174127467072023
0.00171653037841561
0.00170730335019917
0.00173958875865678
0.00158602489292988
0.00168323322272203
0.00157492103806153
0.00168586147441728
0.00147709311748995
0.00153375312507933
0.00144479587535277
0.00146468679197283
0.00154728274675765
0.00156850131197552
0.00141257335550274
0.00142674009980263
0.00138259605067521
0.00155086810356777
0.00149704772499545
0.00131754311784123
0.00137659730149275
0.00132853088588062
0.00146864247170996
0.00162210601181965
0.00131378684395894
0.00142372321887901
0.00124579827051579
0.00138795621285557
0.00131782296317119
0.00130452976589199
0.00135346971181278
0.00145117524678271
0.00128982791555134
0.00122679452598925
0.00111862515880461
0.0012486841627606
0.00132375247604757
0.00121722892512055
0.00127154925741228
0.00119304424425293
0.00121391955749366
0.00132246840011386
0.00126823835954499
0.00120291522351781
0.00116158264248869
0.000953788240998086
0.00119409725669347
0.00110593239984566
0.0013164441879736
0.00118213360597411
0.00110664794547542
0.00102563203495748
0.000991799588177692
0.00106593877434904
0.00100647445839974
0.0011051583966611
0.00106272357224612
0.00110239227118532
0.000944781370446329
0.000994159916123221
0.000924551406700324
0.00092777917220869
0.000857138559687345
0.000987553617964478
0.000982329382423093
0.0010686352024558
0.000917935475357639
0.000890575323813434
8.71017627379573e-05
0.000104213402319353
9.25987775765947e-05
0.000101197570637221
8.54959200591339e-05
8.79434604963199e-05
9.61879606816945e-05
8.8743969835948e-05
0.000101713774690621
9.33639697062663e-05
8.5225354102017e-05
8.16483210786292e-05
9.41333804201635e-05
9.68031262360647e-05
8.29431869977943e-05
8.93370887275351e-05
7.90239987173798e-05
7.18736820146933e-05
9.9229725682325e-05
8.28224743586171e-05
7.88942842556473e-05
7.5119647698727e-05
8.01067871553169e-05
0.000104672767847504
8.91294010484626e-05
8.59317176822011e-05
8.93702237803829e-05
9.92546738735662e-05
8.523282441634e-05
6.64187255708994e-05
0.000105507360060893
9.37706204925753e-05
9.35155992085093e-05
9.94271199008362e-05
7.67658744100338e-05
9.21170132533354e-05
9.14562694414389e-05
8.64125526709303e-05
0.000111213086169234
7.75402640256017e-05
8.92676216613019e-05
0.000100294434215824
8.35525014155194e-05
0.000104401538459242
8.78098576604693e-05
9.57716204245278e-05
8.67435524696578e-05
7.77699920182725e-05
8.68928523393119e-05
9.07990629245862e-05
9.03529401718626e-05
0.000187167855323324
7.87781219822926e-05
9.10233919500055e-05
8.55057059396133e-05
9.99716140308154e-05
0.00010807070409168
9.25060262178401e-05
8.03942031256636e-05
8.50158653211088e-05
9.59818965326059e-05
9.07015346926335e-05
9.21338766124011e-05
9.83936985452363e-05
9.77488338686386e-05
0.000103460753752651
9.79563272497061e-05
9.79923940657343e-05
8.51889490784072e-05
8.7615715824902e-05
9.75780406138675e-05
0.000105909682330081
9.03055924398909e-05
0.000107376854204583
9.56384244349157e-05
0.000108545576554779
9.10559483729143e-05
0.000106861198182818
9.49322902873437e-05
0.000104066931311902
0.0001027803593925
9.91624812607448e-05
0.000102911450705035
0.000101636154924284
9.41516276003364e-05
8.85944825270203e-05
7.2903266038727e-05
0.000104063166821222
0.000101669809436445
0.000105758272170996
9.82573229779103e-05
0.000100821894568918
9.95130231634489e-05
9.0837167958612e-05
0.000102276816073015
8.72376404454485e-05
9.61101232181382e-05
9.49153648525785e-05
0.000101423551574252
0.000127116626198065
9.8246215901311e-05
0.000101836819482499
0.000103095541315078
0.000109904442297061
0.000121950071012516
0.000114235829563895
0.000107283269103602
8.63754265015272e-05
0.00010560985313622
9.58170544934505e-05
9.2093035541445e-05
0.000108842231810548
0.000129267852077316
0.000104032706012256
0.000105356297294032
0.000102728641515171
9.18189451213558e-05
0.000108270981445094
0.000104995363149185
0.000109895386413468
0.000102563243740402
0.00011020035583588
0.000120527404568212
8.89436514320265e-05
0.000117367075789004
0.000128825334019638
9.70430565858022e-05
0.000114760655694619
8.77749402457328e-05
9.43596820627846e-05
0.000119447688516812
0.000117829942086533
0.000115857848936796
0.000113713399244923
0.000117978633514844
0.000119361233129982
0.000130157260622484
0.000103007312282079
0.00010005891511753
0.000110451601924327
0.000113637800049891
0.000131215390226505
0.000116889859793623
0.000111858182254702
0.00012793104761385
0.000126773409055094
0.000103411702760146
0.000124053967082209
0.000116543987904437
0.0001186391218405
0.00011734836915914
0.000127711768260039
0.000124208176899861
0.000134036938388524
0.000124351015657127
0.000115610385958526
0.000119091967713054
0.000109970505962829
0.000144656453051609
0.000135624214854973
0.000131471294078861
0.000133786783440157
0.000127671585753249
0.000127716873347648
0.000141706830903357
0.000116646669098362
0.000151175709117827
0.000138643453734818
0.000138413903666128
0.000145922425218283
0.000123794307251891
0.000161925588771228
0.000144814975818865
0.000142636017485772
0.000153195187489681
0.000123273398238031
0.000154601003750039
0.000161962945821217
0.000179462844165777
0.000128946789728745
0.000163654934583569
0.000160874445173696
0.000151281358253737
0.000179260622180105
0.000161731670581671
0.000145250729069289
0.000154013845225838
0.000139142636337215
0.000180770778720789
0.000175201366507116
0.000180735175448769
0.000160212037667336
0.000175847197178054
0.000173003560513623
0.000177121812976421
0.000180754859072351
0.000185199516516716
0.00017110736045869
0.00019755364494553
0.000169571653226887
0.000178578580834666
0.000179820349562006
0.00019047507746284
0.000199402344694574
0.000194501128508155
0.000184069591843406
0.000206086052957314
0.000193735373751534
0.000187300469420853
0.000212449452863328
0.000208369802773556
0.000189380905149899
0.000222815732670591
0.000213942458828921
0.000210231206058241
0.000223340394894828
0.000194465887301024
0.000205006007112152
0.000222302402754358
0.000250945379030171
0.000195320176005869
0.000268141087516989
0.000226199146349541
0.000206717243001153
0.000250092517685113
0.000227582930012976
0.00024061325560583
0.000219593553206899
0.000205150254263749
0.000244162509935989
0.000229067620779826
0.000300439653393346
0.000223630224957152
0.000229141852273846
0.000262658533930443
0.000241376835838091
0.00024620944253036
0.000233057390192203
0.000222381299827302
0.00027521362426282
0.00024698006496303
0.00028713408354322
0.000303162691420864
0.000268666346625113
0.00029918568086334
0.000305450961996161
0.000257158651372859
0.000220215545583976
0.000302655156258444
0.000126221115301928
0.000276120805392932
5.16446273104699e-05
0.000166087262559838
0.000123668006472759
0.000151279092372892
0.00024176499252932
4.74890688132527e-05
0.000235095702096857
0.000169168907560207
0.000235432614426238
0.000279327757963924
8.09693625515091e-05
0.00012870298534133
9.33353140860642e-05
0.000189250299517089
0.000235517551642387
0.000144302979384045
0.000145158000487241
0.000189928971016602
0.0002543660497719
0.000342160450635403
0.00042386944813204
0.000473040365749463
0.000567029029724624
0.00045741284085037
0.000441082666158065
0.000451809519965149
0.000429027973415839
0.000406237145888428
0.000505600277558848
0.000529190697886053
0.000495214579658734
0.000581172187184643
0.000525483386116674
0.000557985047516733
0.000505186474278163
0.000527655790696102
0.000571923272936828
0.00054201033979277
0.000567116608306641
0.000634110296480334
0.000623996667139487
0.000618859216512085
0.000624843958376782
0.000582866031013598
0.000647993089408422
0.000568963159365248
0.000619211231392276
0.000642034828769275
0.000513286978676178
0.000619746712282365
0.00061747106797324
0.000592366182459801
0.000672384437270048
0.00074986315943299
0.000735717071653742
0.000676160381771723
0.000657985212726507
0.000741020362139345
0.00072393569343914
0.000821362931433076
0.000642134570105968
0.00082976597585104
0.000777016845822323
0.000761546755871609
0.00076087892749252
0.000823755746775864
0.000779690947282962
0.000790629066074565
0.000853027803731541
0.000771000143101606
0.000950197611554958
0.000978379446853981
0.000890915303870481
0.000838998516376308
0.000847209623291241
0.000888731527724258
0.000911207421015507
0.00092879714131533
0.00097050584183482
0.00097569391051184
0.000983500923721038
0.000999437674364891
0.000991020594751672
0.0010172003190009
0.00105778435658811
0.00103598063817702
0.00105491327503359
0.00102441360987273
0.00117000203389634
0.00117110281790658
0.00126018100124497
0.00117170506964383
0.00121167223298888
0.00124282778349421
0.00125334761291581
0.00121312128765708
0.00122886638083204
0.00126916210429475
0.00119024615648923
0.00123908121543682
0.00121557925925699
0.00125194338504892
0.00129674712764341
0.0012149529225101
0.00132940825423147
0.00121954194176922
0.00138721055767788
0.00147341384936133
0.00137326700063564
0.0013420609852097
0.00126195314389793
0.00156658971031606
0.00144908541980337
0.00150090520190089
0.00131303729701922
0.00142886567804049
0.00145111951659153
0.00145118075109158
0.00154347301289139
0.0014414949083409
0.0015576467968024
0.00139984945980127
0.00164736203779811
0.00144914475526904
0.0016960882008205
0.00159160327492521
0.00147143481452577
0.00167445583439424
0.00155820830611685
0.00169584356168951
0.00169602289240992
0.00163842865412483
0.0018131406205678
0.00164549138350359
0.00181824192118564
0.00181960120206538
0.00176855941591999
0.00186239809382518
0.00172461753903429
0.00177631969486473
0.00200222801621211
0.0018355468414816
0.00183111816855384
0.00169564718725984
0.0017228302863559
0.00180850867044238
0.00186717902883211
0.001875257789046
0.00185332834742418
0.00204547855891742
0.00204907794452201
0.00189476511747491
0.00196404899313975
0.00182845512493598
0.00213112626862791
0.00207124848671624
0.002311735816099
0.00196564517099653
0.00192427362045147
0.00194562712932486
0.00204755503988982
0.00206920628789708
0.00206498880253183
0.00197541400076754
0.00204250165472656
0.00198338644956876
0.0023784716896307
0.00205843970797713
0.00191066630738492
0.00187831445946744
0.00214059345750908
0.00203475916179102
0.00228990044675941
0.0019968242252678
0.00210541326622639
0.00189576486507338
0.0020991154215948
0.00210580134269445
0.00218993229596359
0.00210518288984052
0.00200508523094859
0.00198782180583302
0.00204179947316948
0.00213345024146428
0.00215756679037185
0.0020439037006807
0.00184966684538731
0.00206849897583916
0.00212601617629766
0.00231638354545274
0.00213897905131774
0.00223049194978241
0.00213166495690413
0.00223402967002662
0.00197399602215666
0.00214083403822684
0.00219954976155963
0.00223452519953939
0.00211887199450975
0.00227910966313183
0.00227072542744932
0.00219275022385354
0.00219119631514917
0.0021064169509475
0.00223087887443122
0.00208464292161915
0.00219565688042896
0.00210192681803023
0.00213708170640316
0.00211800352074532
0.00217813631561844
0.00199363384350913
0.00207596602559219
0.00207018475344618
0.0022715874412782
0.0020897568419174
0.0020492116623931
0.00207232236435251
0.00194006939110151
0.00218444479532003
0.00221125340040735
0.00203373119571222
0.00211453676588903
0.00184273019110863
0.00223672704194798
0.00216422697453276
0.00187088061350488
0.00209376107806249
0.0021659784983497
0.00207562804098247
0.00196193426057445
0.00197503378977919
0.00208609413612652
0.00201545507905485
0.00210295655132224
0.00201954160037772
0.0020532958806485
0.00218220378247864
0.00219881620460456
0.00208606154179014
0.00204517397916779
0.00198651410861807
0.00186144700616313
0.00220783487794242
0.00204102834065143
0.00225619185600097
0.00210013250623817
0.00211421900372925
0.0021026765452742
0.00178336381489424
0.00202825294716417
0.00210421102176197
0.00224007872148724
0.0020116822868423
0.00210910030661887
0.00190074192977091
0.00203976451011969
