0.00109886228651578
0.00105191860007229
0.000968598834073023
0.0010636112441217
0.00095599319594114
0.00104049558054606
0.00115403669641189
0.0010826742709466
0.00111050983790133
0.00101722491390243
0.000948353402110132
0.00114016217106656
0.00108933847046932
0.0011699003698883
0.00105889805050459
0.00107133099287925
0.00115280670258656
0.00112959452287099
0.00119662888022861
0.00108750197287984
0.00104583628207525
0.00126164979084431
0.00119212606895264
0.00119316829638212
0.00112471803112539
0.00118492198973748
0.00121539109068984
0.00127589004130087
0.00120732876824271
0.00121574932650922
0.00115892140787092
0.00123769085510124
0.00141554851994461
0.00123190006842437
0.00123948054329211
0.00117816911202675
0.00127925913123443
0.00127684484572981
0.00129277359168893
0.00121003611274548
0.00128175388912613
0.00135723662031054
0.00121067521706621
0.00128914940548145
0.00125414680719121
0.00120756336787851
0.00132553660029724
0.0012025779410082
0.00135477418138642
0.0012601364435619
0.00127149850272636
0.00130518393581319
0.00117465091125177
0.0013190209329811
0.00119144814747216
0.00139789910603445
0.00120696387704777
0.00131968516767416
0.00130392543516517
0.00118340649178449
0.00132840805703106
0.00130648058038514
0.00138276383990493
0.00128587370578131
0.00130077679315264
0.0013871707803173
0.00129880245371692
0.00127516429815699
0.00125530693531824
0.00122754586705939
0.00127463493374511
0.00130965179074886
0.0014749509561108
0.00136218404555288
0.00135806911151269
0.00121040027545553
0.00125902918230481
0.00135135444053354
0.00126835840491997
0.00125491463623012
0.00125729834699632
0.00128248842787988
0.00135046081956794
0.00148019165069098
0.00140297448599087
0.00132606060288793
0.00117245151335879
0.00122219276365383
0.0012634087406905
0.00131424274741434
0.00135610515373543
0.00132811249631222
0.00136647553164663
0.00130819140949709
0.00143449813753246
0.00143517884784488
0.001362547333008
0.00139944101410511
0.00135999257805186
0.00144032652045372
0.00131688497263006
0.00126945050714085
0.0014226416986273
0.00135270651037968
0.00160144438398847
0.00136419024927111
0.00135554686967758
0.00143047366870279
0.00130362106765573
0.00146889590342712
0.0014170976328223
0.00147566856040056
0.00147780193796272
0.00138902026377675
0.00152708896819022
0.00142729105667162
0.00158646598833754
0.00138849846723292
0.00137144895167872
0.00152684139634531
0.00144187642117411
0.00153337548559508
0.00153945913910487
0.00159579518384641
0.00142537756587216
0.00143584727493492
0.00148571789180138
0.0015670564494015
0.00164219444581033
0.00135239942458446
0.0014814662692002
0.00153171226479902
0.00145606445985403
0.00165032994178385
0.00152508843949394
0.00161460465825025
0.00137798335307999
0.00144507531430374
0.00141424270784546
0.00136724432446201
0.00148782985980701
0.00145935886514312
0.00156361733192923
0.0016126063787682
0.00154571445833218
0.00148612860701822
0.00162694721012673
0.00148072097921369
0.00153478901529753
0.00143655782123296
0.00145989941453407
0.00160151158842718
0.00162555026629693
0.00164679404378136
0.00155974994574835
0.00147386317650215
0.00160378125652258
0.00152284625997135
0.00156115198301501
0.00157408806182792
0.00159339209881365
0.00144358807003769
0.00148318125667985
0.00165477282755249
0.00156974240938016
0.00170556252904371
0.00159314401361252
0.00154073371093515
0.00149859847913711
0.0016403880155719
0.0016422714777143
0.00166554878999233
0.00155827799639647
0.00155016185600161
0.00174172684192021
0.00164140200603542
0.00166492737826142
0.00163975071464084
0.00156018135116397
0.00174466705686447
0.00169458594200128
0.00161426409678153
0.00160965362646282
0.00160437326618147
0.00172470794740906
0.00163196168822991
0.00160116972725259
0.00152593068140942
0.00178823822201068
0.00154210668764224
0.0017585988097859
0.0018326925525269
0.00162584344316442
0.00164227336704257
0.00170703832848387
0.00169283321555722
0.00170920311497424
0.00170582117525946
0.00173732225919031
0.00175525336509118
0.00159300116528821
0.00166725986133204
0.00185526619560957
0.00177540862933969
0.00171017221156638
0.00168326999177712
0.00163288330232658
0.00183518646961224
0.00169442489300057
0.00184400628532288
0.00176000278697062
0.00186879325986628
0.00190204705663634
0.00181193696367961
0.00181497402496374
0.00186562445744501
0.00173570506847363
0.00183232399957268
0.00188260426259678
0.00191965443443869
0.00187280116661183
0.00182429906079675
0.00199771274832759
0.00207291344640526
0.00250432708724431
0.00199382097274906
0.00168967168350556
0.00165844396392445
0.00169150504643577
0.00160491194174099
0.00138066838682409
0.00138917572420605
0.00125549711270245
0.00132389702349386
0.00138151852930173
0.001413639631378
0.00143459810296975
0.000969256868218616
0.00125638722636515
0.00117212552166933
0.0011142887913984
0.00141265777193138
0.000890312549680398
0.000870589878022554
0.0015562621146045
0.00100040390877399
0.00232042183160555
0.000561568671883009
0.000925613869289016
0.00129971069448894
0.00090423426959515
0.00246950453240539
0.00074456349487285
0.000567729844337312
0.00117509288833436
0.000139636318482949
0.00288329148451793
0.000550081015641401
0.00154847389607113
0.00175259434210828
0.0011399516165448
0.0023099694145662
0.000761686078691281
0.000683223834607567
0.000952756540542334
0.00032280821537758
0.00143341920512764
0.000733735280808956
0.000927026472566393
0.000686384865722826
0.000953883107983398
0.00125184343504586
0.00104070899555444
0.000855370607725926
0.00078842448927078
0.00083974804858093
0.000906297640121549
0.000886394678019295
0.00102063761887606
0.00106898746024337
0.00100987317875714
0.00116630923084147
0.000939894924589243
0.000916223556612847
0.000835233266733109
0.000927901252824021
0.000880118718963243
0.000959566484035387
0.000902325695726816
0.000981778816730915
0.000924190406862374
0.00100057846602928
0.0008301504921845
0.000888853485531631
0.000972898171749151
0.000890914801380306
0.000822393478933608
0.000771965515710094
0.000822981938079268
0.000807117546872938
0.000740862464489591
0.000714823195785973
0.000738832493155353
0.000657917586703668
0.000745213868599058
0.00071941344891576
0.000629051788499672
0.000654813653788722
0.000662564258316908
0.000684094598672513
0.000545001867517759
0.000565230593806151
0.000659781462644998
0.000639722401908946
0.000657979822364843
0.000571768574907479
0.000518843849177775
0.000594909831528708
0.000580223447985826
0.000510091298819513
0.000502255065017358
0.000481110123593597
0.000516483780889305
0.000494890208396469
0.000482837739394666
0.000568578471460499
0.000497397963704817
0.000485844492689967
0.000454058986223246
0.000444443858452843
0.000489007699971889
0.000444177889674132
0.000466085301004749
0.000414057001453502
0.00044227288733413
0.000453496564971539
0.000424001253155337
0.000452825129838306
0.000390030364119527
0.00037948077459219
0.000430047157357539
0.000405439654691849
0.000384804279258601
0.000352404423986063
0.000398001813100595
0.000375301812107181
0.000363438499879043
0.000370983325219795
0.000361458917519299
0.000339770858897253
0.000363334919249782
0.000321344443204418
0.000316455881256738
0.000326674154679189
0.00031867294826692
0.000365717943402595
0.000298885964147766
0.000296784159808616
0.000264378540060499
0.00032312889488916
0.000263343822401462
0.000270079146071976
0.000318610278428595
0.000258446338440996
0.000267852899430024
0.000285372669978132
0.000254575314212044
0.000256382436866282
0.000246253485723789
0.000280639613239824
0.000229270066644134
0.000241921536561301
0.000253935249049949
0.000236821607158763
0.000205288713063404
0.000221175667353622
0.000202464703744857
0.000197493325524193
0.000238490819070271
0.000218676202007951
0.000213971918521422
0.000177946627279647
0.000226723435925839
0.000216281029297942
0.000239733128875845
0.000239483931233902
0.000207329140409302
0.000180461966000646
0.000183779245308073
0.000190231683540931
0.000218820522778716
0.000178409578164034
0.000173194832477312
0.000198977248392509
0.000173403759449927
0.00020670287300949
0.000169700206223552
0.000189750327257245
0.000167879862492692
0.00016623671453999
0.000174825834815403
0.000158408879736811
0.000170744124649979
0.000180939724407975
0.00017900931559617
0.000174262199189844
0.000139280054570267
0.000148902223095643
0.000160054231071315
0.000146055520692679
0.00016783757187044
0.000134314507935852
0.000130885760429865
0.000151074437989949
0.00014556043422599
0.000144675132664503
0.000145458752340216
0.000134026219730053
0.00011905329981948
0.000132644822477985
0.000152231115674861
0.000161656434207355
0.000124578917649009
0.00015791187230914
0.000144876236642382
0.000132965767409533
0.000152709170691309
0.000139872237380501
0.000144809540920328
0.000124725195314695
0.000132201571719905
0.000127723596743806
0.000118117939409344
0.000122113125318329
0.000119045876884822
0.000123142110730723
0.000138949222250475
0.0001303003161398
0.000126825017786361
0.000148629446874588
0.000111956430083005
0.000121148533341812
0.00013861033509129
0.000115510981182187
0.000115798340085236
0.000119183773049672
0.000117495424373003
0.00012056290520651
0.000123080077944427
0.000125034951492236
0.000141736871121591
0.000126762836732022
0.000106748359293523
0.000117181160730565
0.000110454020388455
0.000145864708821371
0.000126210814107056
0.000117752003145558
0.000129061666085722
0.00012918603382598
0.000113543524356445
0.00013232450713708
0.000134171091768208
0.000137372409878639
0.000135131430736201
0.000126131693067427
0.00011657599261741
0.000118301586876915
0.000114881364019636
0.00011239264942546
0.000126379520346858
0.000127921915832815
0.000125513718893596
0.000120240415794589
0.000122862108372212
0.000127047878968136
0.00015067479855942
0.000133621813146588
0.000132232018943688
0.000114179111415339
0.000116306236293495
0.000127041818348344
0.000129519735414866
0.000109548660163731
0.000131777917194435
0.000117090597774839
0.000126940989874637
0.000120065825151496
0.000111039072731117
0.000132330393995072
0.000136876566898667
0.000117688666863915
0.000105497632170998
0.000142877882719301
0.000126389946200369
0.000197350555583931
0.000125624573229116
0.000114511712507378
0.000119279022458765
0.00013389708560974
0.000123588593126618
0.000128933180440911
0.000114476502806457
0.000124746851468441
0.000124414727978146
0.000133105605713898
0.000142242501180423
0.000126845936449995
0.000121596487602741
0.000131180314779488
0.000118666347400144
0.000144013589967594
0.000134484350246521
0.000115147547675444
0.000108814962326374
0.000123238174768305
0.00033494360066051
0.000383197831601025
0.000352972070181061
0.000348282829163968
0.000360331962206473
0.000329280655434464
0.000367804654188457
0.000350536754809258
0.000410310810249396
0.000400900861839264
0.000339450986130469
0.000387710902778167
0.000361582056273946
0.000388478847633833
0.00042707214911207
0.000381062021809723
0.000365540216780438
0.000410212310994081
0.000352384222332257
0.000436708175271156
0.000396423609465778
0.000436631658403253
0.000412972717436962
0.000396101237819668
0.000413903690014133
0.000441440929835472
0.000415940224965015
0.00042039176501984
0.000372686157087013
0.000484876123620143
0.000456053019891696
0.00048096473137085
0.000414791272483191
0.000460886736849975
0.000504934492223545
0.000477384565214235
0.000485224450228295
0.00050590859942216
0.000491662051497575
0.000486648935031901
0.000567203695900121
0.000482746210556536
0.0005220201853537
0.000498647335764469
0.000504975936539426
0.000522205394490677
0.000503712661479178
0.000526186840543216
0.000553542570032936
0.000588563559528007
0.000465655016037922
0.000549688467665968
0.000552670007829804
0.000513652476635517
0.000575757148179465
0.000519875992201253
0.000567094949165155
0.000546481493663479
0.000571056199096636
0.000661854162264419
0.000542805842753078
0.000602378773747407
0.000550534907908918
0.000631663472188978
0.000565976857773697
0.000595177863668598
0.000580484153885445
0.000585334623397876
0.000623116456727565
0.000599675950995123
0.000661337428289494
0.000628363410318922
0.000654622946671297
0.000664839712972074
0.000702258062165011
0.000603675750134199
0.000628387579928179
0.000645715533296818
0.000622150248436296
0.000679790815310233
0.00065998139924943
0.000665198533049345
0.000752225444867947
0.000656490463382737
0.000652751472777399
0.000684370582257408
0.000697000213902991
0.000753363964538675
0.000667173914413221
0.000761016176972361
0.000709163717123591
0.000845895829255633
0.000759330153729683
0.000771717372975368
0.000675343817031464
0.000706043519497158
0.000746598236543048
0.000729756946783407
0.00077647299541507
0.000813614650379425
0.000785792840838249
0.000890600726222114
0.000846917098950514
0.000878538988041035
0.00078669830232822
0.000842951882271208
0.000813455664716728
0.000924286520791536
0.000863241216432526
0.000776886122622499
0.000899732363386417
0.000848168089871673
0.000974299976769063
0.000873871331172779
0.000914893529848069
0.000934598733609981
0.000880183065463922
0.00095843595180692
0.000959386686465485
0.000968735658430353
0.000993948132855502
0.000953901090558339
0.00105022579195253
0.00093255437734758
0.00110512523664833
0.00098249153316475
0.000961176629479304
0.00107073883844374
0.000997112723481952
0.00112502767813777
0.00104538151967625
0.00116377752154119
0.00110459706741892
0.00104850214158521
0.00108581437891453
0.00101700617190428
0.00112646830753089
0.00102610600518029
0.00105427581952438
0.00115900298297036
0.00103585705483155
0.00118351762030477
0.00122344175272892
0.00119751798615755
0.0010893630946263
0.00106672559899676
0.00112175457650841
0.00114208085008766
0.00120269909185469
0.00109589749763022
0.00117998761728425
0.00124046321929753
0.00125330284696767
0.00120313771373245
0.00118324800631353
0.00118870158196802
0.00116747356919283
0.0011574775815123
0.00118447075851527
0.00120395405786938
0.00133937419650961
0.00123795059880146
0.00131155209275246
0.00125521401192754
0.00128366727190328
0.00128219872233083
0.00131491687811696
0.00123695636062147
0.00131530304209947
0.00116467428511876
0.00127619496522615
0.0013974831290157
0.00132164967495711
0.00140524927122592
0.00132889036925348
0.00130863401851648
0.00135024999696296
0.00145972014499137
0.00140871654205183
0.00137370518608388
0.00135546949141259
0.00141378326486025
0.00139873971362086
0.00153296782111431
0.0015041120353107
0.00148879584668605
0.00137308800694381
0.00142678727303492
0.0014224097149138
0.00143541743083443
0.00147164635807839
0.00146834223130011
0.00153495992472275
0.00150170273139352
0.00140672574128019
0.00134245833810854
0.0016285938017615
0.00145560326190145
0.00161750486460299
0.00150808837847886
0.00149833404780515
0.00160813077073301
0.00154420090856788
0.00149011167510687
0.0015763952842219
0.00164671399062658
0.00164790905144229
0.00159786615763984
0.001483013756376
0.00159540118955843
0.001741917922248
0.00165119859725039
0.00160749281507206
0.00157539580675948
0.0015365816409087
0.00178531651149728
0.0016279477170263
0.00166001780836492
0.00171351645229215
0.00164579389390662
0.00177411979582382
0.00171730050286238
0.001665533660252
0.00171358535508033
0.00166819013778119
0.00176635216245117
0.00176647328241537
0.00175753931517049
0.0018310808329831
0.00181881734035859
0.00186063080169925
0.00196996901745779
0.00217051198433656
0.0019059099406218
0.0017738794829179
0.00175275281962643
0.00185934311099325
0.00171358394814827
0.00149490333357945
0.00163123966161017
0.00149854790254363
0.00152042080432276
0.00164143810375931
0.00168615941121818
0.00173234934346052
0.0012355018370287
0.00158892903850935
0.00137251334868812
0.00147507549495562
0.00186891448151494
0.00114559295475155
0.00118044439649103
0.00222930202813604
0.00118338179797355
0.00348015585827648
0.000628980644800665
0.00127716781658067
0.00177873120659083
0.00134063644233006
0.0034619920199732
0.00113850002323155
0.000832436093856114
0.00167470384312159
0.000194485083201257
0.00454002093621654
0.000822027138563196
0.00254458665891557
0.00281899042101547
0.00171883410723216
0.00353902984761812
0.00129519890282158
0.00111998955320827
0.00152946623420826
0.00072672104375188
0.00232036609704138
0.00140948968612336
0.0015105128834817
0.00135912775144917
0.001528592767826
0.00212398187809744
0.00178205242348103
0.00154675297224798
0.00151613998768176
0.00153924472889699
0.00153519135753324
0.00170898622495548
0.00198481309794985
0.00217072088930978
0.0020311618946482
0.00240806256720961
0.0021696898410552
0.00190577191340091
0.00185398786478472
0.00183517855366738
0.00182353123531084
0.00194138183042692
0.00212361703127636
0.00217245038472152
0.00195107613774742
0.00223022428262745
0.00198029369549901
0.00211117208659222
0.00231718875072351
0.00213835559028291
0.0020834659239783
0.00199243203731861
0.00205396947400296
0.00200867036178843
0.001856048687768
0.00183387919591349
0.00189262449262068
0.00176524679329589
0.00186296532827602
0.00184760572691296
0.00175263585070453
0.00183047389454865
0.00181854333362497
0.00181044798509823
0.00162036490217151
0.00168770709533539
0.00180324945323811
0.00177378459782121
0.00179026669347336
0.00164383693285181
0.00149850380285821
0.00173773044554456
0.00166198441058957
0.00156920495017043
0.00161151492342921
0.00146529906128233
0.00160072319764925
0.00140553861499833
0.00158365529106821
0.00161780000613633
0.0014801332914578
0.00151743687029825
0.00139196644427542
0.00146829935706646
0.00152874206097106
0.00141990637784706
0.00151405907052311
0.00131577924985448
0.00146304063277958
0.00150552463288415
0.00140396734090171
0.00145038470148748
0.00131650709967183
0.00130147792363817
0.00150740504889543
0.00130040506034376
0.00129552293203684
0.00127533646068919
0.00127840509936849
0.00124120600706042
0.00125274833320281
0.00121585772943741
0.00127187095114685
0.00119772439086287
0.00125464353448031
0.00109836189115796
0.00112907912461106
0.00115461941483057
0.00112869905308502
0.00132388549744847
0.00111619345729193
0.0011301143264101
0.000989135477841207
0.00109194448957948
0.00101653814518301
0.00103856304349584
0.00111792511906349
0.00101471257223585
0.000994516834383741
0.00106416321666951
0.00096244511646425
0.00103652358034122
0.000988392813425711
0.00105752420372468
0.000901540636518766
0.00096236626132585
0.000887634422237874
0.00101387146969905
0.000825764557080307
0.000914610641760784
0.000819430394047489
0.000861960384476985
0.000952878485184343
0.00090213415569758
0.000918072641416596
0.000755914236822233
0.000891961785168784
0.000834825575639929
0.000896483671471482
0.000800836401069075
0.000791195797633568
0.000716356557731209
0.000790346343383943
0.00077116331604263
0.000854975413848165
0.00072622202041667
0.000713403975537582
0.000786229659412979
0.000743820794197387
0.000811686994284498
0.000690775547068297
0.000701246984333701
0.000690097317838431
0.000698252765634256
0.000676668860616028
0.000641708946253312
0.000629132460872388
0.00071001039259512
0.000660137385740444
0.000674136575828415
0.000580452768838286
0.000595877499519979
0.00067082471707264
0.000587975314546156
0.000604977562565389
0.000551523960312769
0.000511261026836852
0.000596200013097922
0.000600159028764507
0.000622526974566853
0.000555616877485806
0.000532112840841722
0.000520264527959796
0.000491640138374169
0.000594421888115092
0.000619576371378523
0.000514465789086556
0.000526375936286565
0.000515373114183212
0.000546567416129452
0.000552239490735066
0.000507810534170861
0.000546243986725979
0.00046176278147975
0.000482184811719134
0.000491940402589014
0.000486058710596873
0.000449616341229396
0.000472777266465617
0.000445109575168924
0.00048485158796431
0.000494008935837883
0.000473675514950336
0.000469717512797114
0.000466550558884582
0.000446030849597878
0.000435849505660108
0.000492906524323034
0.000439725115871598
0.000485346729692167
0.000422305754091083
0.000410026024141316
0.000400766799555159
0.000446809990660361
0.000423474185131106
0.000467075470959392
0.0004147682244309
0.000362381438678726
0.000452878616006989
0.000459485283870315
0.000431632033241097
0.000456333922820348
0.000416004106906934
0.000414226536380139
0.000442750216652966
0.000462287842836117
0.000429201372203873
0.000421613431434523
0.000448826515526174
0.000429559877067046
0.000348337559377106
0.000388975801124935
0.000370377749860745
0.000409638450299155
0.000428463214876997
0.000456007620688219
0.000387611792799784
0.000398789842465056
0.00045988823702645
0.000433013924316004
0.000456478304284257
0.000420623178163657
0.000439564864269007
0.000457361850906631
0.000412049390784148
0.000440619725702519
0.00041027472907097
0.00045167757992289
0.000430102591990361
0.000460984449221443
0.000436614019617531
0.000445676764935997
0.000401054552201792
0.000481023083187166
0.000440011688668336
0.000399197322296155
0.000380668544112425
0.000482965949370517
0.00041525147857314
0.000448029491901072
0.000408606060516736
0.000409835482335942
0.00044625502781946
0.000469338103769842
0.000446445707249818
0.000405280026567051
0.000392970270743099
0.000399168448121888
0.000382952326747519
0.000424395617815766
0.000378268696394028
0.000376429106647898
