0.000430071702747215
0.000405221260434833
0.000413274631735582
0.000419939517137613
0.000377024508891039
0.000416705309860574
0.000409684563256368
0.000419799160017101
0.000408119242895406
0.000402308073650273
0.000431135094388177
0.000415131336929571
0.000432712366016511
0.000439378377788914
0.000408861131504785
0.000463646221974828
0.000407334445659328
0.000456847801046645
0.000435830891671541
0.000454458711567904
0.000437331048852576
0.000444634006588188
0.000436665281190631
0.000467293173973038
0.000445484980103131
0.000416490001262845
0.000429758570455946
0.000429161943024221
0.00041415278640221
0.00043750717552466
0.000440001901750004
0.00044940743285688
0.000446460283208772
0.000464034037188252
0.000460272013005293
0.000471033392306895
0.000411074777090376
0.000429679936928916
0.000476053010480571
0.000458409753356217
0.000474808571451985
0.000435050608789456
0.000496012302177196
0.000424227901473067
0.000432982823439666
0.00047266963104486
0.000451109196059943
0.000488269668154028
0.00043041233815042
0.00044177545982492
0.000452568807948505
0.000431287064763071
0.000448370948700217
0.000472802497568578
0.000460197091783268
0.000469152035942031
0.000450545977060658
0.000480683307162771
0.000468549742938855
0.000477447685676568
0.000470609447913067
0.000456528932957621
0.000461503629332592
0.000481161707376105
0.000509037335623514
0.000488688932908098
0.000476919117023464
0.000475547940077225
0.000491085268279059
0.000477858796997199
0.000483929277865946
0.000521307403916205
0.000499455623459179
0.000545283414031829
0.000514584662065224
0.000494472071462696
0.000504943113383029
0.000489107953489031
0.000557446197543069
0.000529259823301114
0.000530591480548382
0.000564537651670801
0.000499276668222025
0.000539808397739175
0.000544575704854475
0.000586133963960229
0.000537333500565213
0.000509339644106009
0.000503378930390556
0.000560145725611076
0.000547477209196904
0.000546954762942163
0.000542000164556101
0.000508670158271395
0.000538514590363302
0.000557851495033508
0.000561971815265643
0.000564803657829691
0.000579862479344689
0.000525412906234363
0.000541399174098559
0.000565460731727776
0.000636199490342553
0.000629734211366276
0.000574369994273109
0.000539990832856229
0.000592973974287715
0.000653172184788902
0.000688592504785048
0.000650362791742569
0.000629658997824307
0.000581794923953179
0.000635873341981361
0.000634921033522273
0.000705821312929126
0.000685659068948835
0.000658110993859889
0.000680472733952707
0.000641995383129195
0.000715392143721819
0.00068135767277335
0.00070469258365162
0.000670655636949615
0.000665396581335844
0.000660240174502333
0.000711378647659819
0.00072998289760136
0.000757428609704483
0.000736735255597969
0.00074098396860707
0.000756630114376283
0.000792978336982418
0.000803872665305864
0.000781027354638509
0.000789894536521843
0.000797305071470406
0.000817447780037768
0.000787400246565501
0.000833748188545629
0.000814920921926269
0.000867416568657863
0.000937418749353901
0.000824179049375177
0.00082280630260557
0.000866700449995592
0.000903998757516198
0.000918151089373627
0.000881120116477767
0.000846533492495175
0.000967959272637453
0.000882715177658503
0.000911644252056105
0.000942683739779628
0.000882331339323452
0.00091007562233008
0.000919088624960839
0.000972232425123635
0.00101841836225397
0.000942972680599697
0.00104958623409399
0.00099752468923655
0.00095713023266606
0.00103033296879112
0.00102888005370972
0.00103587369726737
0.000982432632731191
0.00108328679528496
0.00102604406321983
0.00105119718597069
0.0010574316064257
0.00107961100046129
0.00109424644999117
0.0011180357985982
0.00109732380138193
0.00108703434510043
0.0010356288715916
0.00115142152489681
0.00104066712466421
0.00118908834936678
0.00111683420738799
0.00113383745518964
0.00111014373804572
0.0011710847466731
0.001252723762492
0.00117379939297879
0.00124155394079846
0.00112106280469103
0.00113696452659249
0.0011484732544487
0.00115133813507053
0.0012235214105596
0.00122257110612649
0.00117393141867127
0.00123854809930689
0.0011901663295698
0.00122529027691616
0.00119901268575191
0.00115621676101094
0.00114988144036723
0.00120398702850469
0.00119787565706796
0.00124196853954523
0.00118377351226357
0.00121420083678414
0.00135698733933567
0.00127685194875661
0.00141587529886928
0.00116003737115978
0.00123786993254697
0.0012486015046901
0.00132257960766625
0.00131589213615621
0.00118637163627341
0.00123048851793292
0.00126553304723145
0.00136613010802797
0.00131159462185274
0.0012313024366197
0.00123625219114336
0.00133070597332478
0.00131560343385338
0.00131849026922939
0.00131436815584894
0.00133229009841482
0.00135211148856706
0.00141931745353246
0.0013672728077933
0.0012857834358124
0.00134696413868586
0.00127800983523554
0.00138607282577249
0.00149703136868982
0.00140104710861463
0.00128199877057019
0.00123112437295409
0.00119923985170582
0.00119737467344434
0.0015255060167407
0.00159284849032023
0.00167854840759893
0.00126455479699452
0.000909224647048059
0.00245836079072791
0.00190704053421406
0.00311981124414907
0.000564418182901743
0.000257894253781406
0.000917077064221869
0.0021411869473679
0.00315616106712029
0.000641409205017505
0.000314469665658656
0.000922185345194965
0.00111353923463498
0.00368225485186035
0.00277651236126863
0.000912915938450606
0.00206113140192986
0.00109123278834505
0.00342328235190793
0.00152071477518416
0.00166970436652818
0.00142292928712691
0.00154515745747449
0.00165213856856629
0.00159457077044648
0.0016796513204056
0.00165634049906326
0.00164104448252326
0.00177975239377705
0.00170916439877332
0.00175747601670141
0.00178261468782847
0.00178956559691962
0.00178908829171202
0.00172018110748524
0.00177562233430398
0.00168869174548953
0.00180262563061549
0.00171368298725117
0.0016896893134697
0.00179964660421552
0.00166955350833358
0.00172789115915186
0.00163359894526048
0.0017349118943756
0.00177468717964093
0.00187735660546444
0.00179723044796239
0.00177056489784792
0.00177575873599178
0.00175822558232051
0.00189353588263012
0.00181633826306441
0.00181710730931797
0.00169616725353278
0.00181161824574158
0.00170233664856441
0.00188273060146872
0.00187659760161954
0.0018662174561234
0.00175074746405736
0.00168896936994646
0.00177644613576597
0.00188735846170508
0.00176887780862995
0.00179508811195386
0.00157804960738102
0.00180534169705484
0.00181197119256922
0.0018812683458233
0.00171604291831991
0.00175048204423971
0.00186762627384649
0.00169412718998029
0.00186303131977163
0.00174171765710605
0.00165971381194597
0.00164202648003998
0.00174154997152932
0.00176166250492807
0.00176857972929769
0.00177870903423329
0.00171948255100806
0.00170008647931872
0.00164329618342369
0.00166844908889803
0.0016198811671834
0.00166047417699799
0.00162403989848652
0.00170133929330494
0.00168138135997439
0.0016745549783658
0.00172356476063759
0.00168854981166572
0.00182686756109885
0.00167197248406134
0.00168071796725089
0.00163102339581497
0.00175335775943814
0.00180587796360809
0.00167500856710126
0.0016629334020825
0.00171599725969253
0.0017275514961158
0.00171501952669931
0.00163062380149323
0.00158105717788964
0.00174182070910203
0.00168248226447426
0.00166704364817056
0.00156100012960838
0.00168731413550583
0.00165432395384174
0.00172714822953793
0.00163071115028745
0.00157530235655462
0.00165029173705599
0.00159668844919178
0.00164361109192424
0.00164367891295822
0.00155262011286832
0.00163497489975351
0.00164356701766484
0.00157171118859013
0.00159962604800658
0.00147484812700102
0.00169557377428749
0.00160328104544748
0.00157731608896006
0.00172754181713867
0.00155502308311892
0.00156919726554472
0.00157377816482016
0.00152292922992302
0.00151268484704602
0.00146791146435294
0.00152670842492575
0.00164468378906855
0.00155887247860869
0.00147530113259231
0.00151569188895969
0.00153406684470019
0.00151304518766781
0.00145345451982441
0.00144037931951784
0.00148111829131376
0.00146990856276645
0.00140964800790989
0.00148793440092513
0.00144625059350435
0.00142986808159001
0.00148280325090141
0.00142367675944052
0.00140222551579291
0.00138434094942625
0.00142725402700812
0.00142858460844909
0.00139193975718107
0.00139604686704443
0.00145213621982265
0.00133922547740094
0.00143230129673404
0.00129415678585733
0.00138331662347599
0.00134264771506383
0.00136750114940914
0.00134480120043246
0.00137953769421926
0.00130435694357912
0.00137943001674939
0.00132915540066689
0.00134940989132431
0.00130183558584031
0.0013637292442112
0.00129962524093967
0.00136232867349574
0.00131288562243546
0.00129369307300527
0.00136860615144307
0.00123505656736182
0.00130634975128775
0.00128574610727542
0.00131322198298405
0.00129069423469894
0.00128898260237098
0.00128490387366737
0.00120410778032215
0.00125212532288215
0.00123890636628912
0.00125395823053741
0.00130195221320091
0.00119416717958813
0.00121900654371503
0.00119632578579917
0.00123575758387947
0.00120343625579423
0.00109616280570321
0.00115442379863593
0.0011039884202169
0.00125283428500016
0.00111731214716708
0.00118527664906779
0.00110651527375118
0.00112932258301015
0.0011163481400627
0.00111031677224075
0.00110936472038513
0.00117294017490103
0.00111436263402096
0.00110760690499382
0.00111061956028641
0.00111057635202994
0.00106801695010467
0.00108704181596717
0.00102922597302607
0.00105515508839922
0.001057477160395
0.00101931883577475
0.00100644634968352
0.00103236997028957
0.000996854307962266
0.000993415211274254
0.00103611884079224
0.00101068563604783
0.00096241055362864
0.00101122530086334
0.00102879996812124
0.00104558072255518
0.000913157084615514
0.000981056322173654
0.000955243534968429
0.000952934349367617
0.000983059129845334
0.000960245903521503
0.000969229256306474
0.000936445063019776
0.000933058458044322
0.000946863818566588
0.0009196778147626
0.000961956539151221
0.000905363538730104
0.00091256973061555
0.000889817958289722
0.000898439803874917
0.000884719895108145
0.000871364185463931
0.000837091453324516
0.00086910623670208
0.000953808325725102
0.000912749885205159
0.000868366385851414
0.000869001720003498
0.000845344652623715
0.00088901437215973
0.000897515896419693
0.000820638844303566
0.00086374218317465
0.000780822141105362
0.000844782614961675
0.00088700088061123
0.000788640118429966
0.00082372090278913
0.00074451662268211
0.00081861495853613
0.00084160589660497
0.000808385937512059
0.000813439036728393
0.000159559160558079
0.000173712250345581
0.000175228374485958
0.000167426187756861
0.000192721601969081
0.000161187639452676
0.000169152445224881
0.000155703589373791
0.000169725977490646
0.000151767644533597
0.00015432459310335
0.000160839741997775
0.000148121764162804
0.000152758939686715
0.000164078495569496
0.000164665485464805
0.000175668587893458
0.000163220384281104
0.000169856058887963
0.000151593901814042
0.000165660076272325
0.000166920429947131
0.000147956603269304
0.000164704932972506
0.000145058953270148
0.000178941934677244
0.000165685586513034
0.00016301861212434
0.000159979759017897
0.000158516928973722
0.000157380405778086
0.000171369049023034
0.000166312237672778
0.000152716650824396
0.000163396297650598
0.000161870419119377
0.000164017742674265
0.000172196292418377
0.000159403012524237
0.00015932371839273
0.000167153697695637
0.000170448665822441
0.000164479832842466
0.000160011542454426
0.000151243201028688
0.000162263104969799
0.0001682282273167
0.000157538088904462
0.000171071336788555
0.00015643268881129
0.000179109047657626
0.000152086372024312
0.000157323823110538
0.000161558197767576
0.000163864880813247
0.00016542463677429
0.000148820068138418
0.000156640187500271
0.000156954311487855
0.000164302155492658
0.000153585849280601
0.000172439161375396
0.000159508252198881
0.000167897049082157
0.000148599062789431
0.000172781903425041
0.000165752810305545
0.00017423621477061
0.000174525698329439
0.000149762452436031
0.000163514372910056
0.000150503343795849
0.000165138521937936
0.000165923370139337
0.000152485605897535
0.000178159775587887
0.000165762898940742
0.000158239650141664
0.0001732598890445
0.000151589976437493
0.000164477784698452
0.000179482353017297
0.000172446502169856
0.000163786790785899
0.000172084418727831
0.000164543326120542
0.000174394157211726
0.000173235993668295
0.000180638940825555
0.000168607099897931
0.000160299573100481
0.000172111129705593
0.000174941213907149
0.000199502618748714
0.00016014000970469
0.000162822243056238
0.000165027135890226
0.000177444858259134
0.0001836317430268
0.00017317136214677
0.000164019021619561
0.000170997830473082
0.000155830804206647
0.000183733441206163
0.000194592208628708
0.000188028749873971
0.000176044540085017
0.000176829591952242
0.000192768869404447
0.000178490941240866
0.000179637776166082
0.000202419515753531
0.000180370972882438
0.000174977461879829
0.000197961060173178
0.000206076044416292
0.000211429698530546
0.000198914260450771
0.000198255969013613
0.000193688476329574
0.000190464376366891
0.000207686006149377
0.000218077316257366
0.000212749117682115
0.000197735278296816
0.000216413301374931
0.000210055224393861
0.000214102774798411
0.000211905813562111
0.000217182779114066
0.000217700187819234
0.000230074418453018
0.000211136080772139
0.000222980426890484
0.000221262262894331
0.00022916303888371
0.000223970021144379
0.000219472652809317
0.000228065726669505
0.000243648382766265
0.00024107552809593
0.000247876063041146
0.000231265691672277
0.000257847771145522
0.000246755923826715
0.000234609002553744
0.000254491971000772
0.000269381969588468
0.000270732702192323
0.000281087250155722
0.000262725310232975
0.000236241680050517
0.000268212717867419
0.000290615075222535
0.000284232045793279
0.000277427802466951
0.000259120930963296
0.000295507682756249
0.00027336907520904
0.000282944001952509
0.00028947481724001
0.000268681044367824
0.000288689552740495
0.000264495652051581
0.00030260411027449
0.000321802945533335
0.000286423055026195
0.000331060760712351
0.000311603301862004
0.000310135182859273
0.000310477503270225
0.000322995899581235
0.000329055148123072
0.000319531652095682
0.000354642773775351
0.000337209192348025
0.000344777066290176
0.000355659412028136
0.00038009630083703
0.000372702572375276
0.000360054079189899
0.000383306082665254
0.000377800899252317
0.000354254026745229
0.000396320102740637
0.000357171900131806
0.000417721383381971
0.000402865938938408
0.000405971917059621
0.000439968857811976
0.000422212602047033
0.000462800128710708
0.000448112113614261
0.000456235382650659
0.000429498287749586
0.000415591269119671
0.000404833653691826
0.000441565904313107
0.000462646373063584
0.000495891904868924
0.000449358597649615
0.000463770995912491
0.000465924450562684
0.000469392484420472
0.000486115335970435
0.000468123414985283
0.000487757332662414
0.000490117990478721
0.000507459044199106
0.000546341547227615
0.000501465783410673
0.000495451197078721
0.000574786483901724
0.000543181465450918
0.000586476306400302
0.000488730099548285
0.000529671111271188
0.000531458140617729
0.000598320181925043
0.000579236969065335
0.000540325551669403
0.000589504651237529
0.000568282834126644
0.000616357479949231
0.000571451875516486
0.00055062967973414
0.000599065350412526
0.000588847910243115
0.000606373281282966
0.000622230843421886
0.000627651937552967
0.000625372883516636
0.000653536487326776
0.000716320039907924
0.000684029289406257
0.00064636022733014
0.000679830908758072
0.000648286332166927
0.000741737753572012
0.0007195656855312
0.000731695921309556
0.000654065708773941
0.000641772106554068
0.000602576185334736
0.000634097560032135
0.00078546498869285
0.000790608148907761
0.000862444836498406
0.000651088110628533
0.000397761974641515
0.00130275376359653
0.000885340231540324
0.00179957789644945
0.000259449296770515
0.000117512043923074
0.000419005447315034
0.00100097800055851
0.00160174476951991
0.000312202246292397
0.000144625939072267
0.000370578529753624
0.000499835725090272
0.0018627131250374
0.00125693627357725
0.000435337985683083
0.000925962265916055
0.000536103842742805
0.00155138636635645
0.000770995203614377
0.000769879232663541
0.000699212370107172
0.000699598784826616
0.000770186678911919
0.00077033428497486
0.000791546880694881
0.000842184002923444
0.000808687581388237
0.000845140934329827
0.000867652336291314
0.000870959257903928
0.000902712037485075
0.000984915384770042
0.000888293753706684
0.000877503422404313
0.000914077076731861
0.000872404736348299
0.000957697160949376
0.000892404826774624
0.000836808986481194
0.00095529893014987
0.000901342199624985
0.000961506084244553
0.000910866690727581
0.00091502483639987
0.00103535964607079
0.00106763074394106
0.00105068588558891
0.000998815269230475
0.00103573806282162
0.00106860191149311
0.00107752218213141
0.00109103884187564
0.00110498538631966
0.00102974989653555
0.00115625081362755
0.00104131695504293
0.00115547735785265
0.0011595706809443
0.00120557073843286
0.00113157174206591
0.00107206191970203
0.00111739549634346
0.00123666153118412
0.00119411914956241
0.00114692841556236
0.00108569093553835
0.00121279863650072
0.00118128579748313
0.0012372365348045
0.00116012278579858
0.00124092241223473
0.00125572078961998
0.00124685258073477
0.00134426081678069
0.00124439236322749
0.00117273165322797
0.00120721589425801
0.00125301235996168
0.00129686041036469
0.00130278873605548
0.00128033013065842
0.00133366637308506
0.00127287927794471
0.0012973913870167
0.00131394636543252
0.00123237916622719
0.00132710901981364
0.00128779627433107
0.00135643982476867
0.00132639781429792
0.001361117603801
0.00141805714019877
0.00136584415161043
0.00145082306015299
0.00136039565938168
0.00135625430414912
0.00129839644079562
0.00142520146960968
0.00152546883948081
0.00142163368892388
0.00140031543848568
0.00139126110399067
0.00142961853522182
0.00143868989108388
0.00143878017320402
0.00139448936483001
0.0014841683869933
0.00147294164581969
0.00147393522808741
0.00138237611257642
0.0015626337655029
0.00150878257209176
0.00151813899854411
0.00143670338843338
0.00149762153966811
0.0015145861843863
0.00155559141556099
0.00147822312746541
0.0014964668677553
0.00146099633408828
0.00157288088271277
0.00155353480527525
0.00154099631965831
0.00150784650321215
0.00146205206184323
0.00154814189250914
0.00157995430145433
0.00153354814468079
0.00174711434200587
0.00153658842747152
0.00159851206002819
0.00162316064118107
0.00147552939524078
0.0015510854701671
0.00154060865164383
0.00155469689523421
0.00175170287270323
0.00165329678474257
0.00162246813479624
0.00155711466517343
0.00170873109970747
0.00162182373484685
0.00152659238166664
0.00156687265561921
0.00160721640668245
0.00155033876341996
0.00161506916351842
0.00163981686906572
0.00165514470956927
0.00161954601291573
0.00160933307153867
0.00155888992822057
0.0015679031432133
0.00159330123976126
0.00156985054532869
0.00168533824326044
0.00161644776983159
0.00160198323817606
0.00161704525270451
0.00160188582387159
0.00163135661274118
0.00160881302649264
0.00164355911131622
0.00162158928423168
0.00162863558263347
0.00158819561309089
0.00165885380200408
0.00156220380471117
0.00157766395551126
0.00161407410255046
0.00158624525137372
0.00157763122006779
0.00161396651451074
0.00153720150622436
0.00165937021936361
0.00163370724085984
0.00159458174795488
0.00161291850414844
0.00153888538456585
0.00160254934929482
0.00154757648690077
0.00162548273920642
0.00161935007645712
0.00160105403530102
0.00165565919579992
0.00153135274917741
0.00157442153275814
0.00160129807489231
0.00161895967046634
0.00173429536826435
0.00157511743169907
0.00163217323512419
0.00158054143323045
0.00161359384590193
0.00163242502288903
0.00150010446846424
0.00157576616792825
0.00148927487177436
0.00168076069648025
0.00155247915563759
0.00160382823112719
0.00153980780320072
0.00156073175496812
0.00161396716262781
0.00155455075437712
0.00153904669590081
0.00164260969065292
0.00151851860468073
0.00154554258979013
0.00155401563519444
0.00158506139315912
0.00153166786351945
0.00155201069946577
0.00154870995399832
0.0015633664155153
0.0015948531235695
0.00152562116292935
0.00157054866410691
0.00156096117512111
0.00152549807217191
0.00145549796529116
0.001558506985889
0.00152556117208781
0.00153207284217852
0.00152098535925375
0.00155321882761763
0.00151005256341817
0.00152112449057021
0.00157079076965638
0.00152560994926212
0.00146122786377446
0.0014771348549756
0.00157658850907562
0.00156818992815731
0.00151236227193807
0.00150698841020037
0.00150765608068721
0.00149794203455571
0.00153656672395146
0.00148602930650198
0.00147432216799299
0.00146087548387942
0.00149442807069815
0.0014610547852991
0.00145453450506159
0.00150853105007163
0.00147371252498913
0.00155753292645309
0.00155410354716289
0.00146289448637596
0.00152516188019375
0.00149277140761876
0.00147884577228337
0.00152878324889249
0.001454513282338
0.00156725620811437
0.00139511857925897
0.00146498690952245
