0.00040268844858661
0.000417108380556813
0.000409671497044505
0.000437541837256738
0.000415732957795891
0.000414284667977352
0.000455722929008298
0.000406831672822558
0.000404549070592372
0.000411426062066349
0.000475900455386773
0.000461570440162607
0.000422463764211354
0.000414132910846846
0.00045922767002352
0.000423861692402105
0.000448631549793419
0.000378478886928921
0.000473162700255605
0.000507403210206196
0.000441694327119007
0.000508368513378801
0.000472386021638394
0.000431206027090405
0.000518727423596368
0.000468575704812998
0.000514800837537473
0.000489010064516304
0.000445512806832748
0.000493469313067285
0.000472416004776427
0.000605388557816878
0.000543849356017214
0.000442429802974605
0.000474165816741211
0.000503036193602181
0.000563686855971074
0.00053053896738239
0.000476185835161672
0.000611540908288889
0.000519862825868872
0.000565627804215343
0.000557940698076229
0.000542623543150938
0.000626589062895147
0.000511166537758347
0.000562490259330235
0.000537528673933346
0.000586129488662392
0.000583769350427765
0.000620295669608356
0.000555451141937963
0.000586319212273905
0.000597360497960632
0.000569030248186188
0.000558083756697514
0.000640264103355033
0.000674262938603295
0.000623624965530005
0.000670038527476714
0.000624329201656552
0.000632319483465501
0.000656288413818485
0.000675716797026649
0.000753398020969686
0.000621636413398826
0.000766424940049447
0.00074082783160916
0.000657372440858548
0.000692260395636555
0.000656124082015957
0.00081871272138433
0.00062952772927174
0.000722328408047525
0.000745421839223502
0.000746278015686413
0.000837333424308331
0.000823870849839291
0.000776995154625217
0.00075438944942879
0.00081788337029005
0.000845622001816572
0.000792635307412394
0.000859655741455824
0.000863414634571429
0.000886796914611092
0.000904802728075947
0.000928571819058498
0.000905329626787778
0.00084334403485897
0.00098790811793542
0.000988533923502017
0.00084833285714219
0.00104173834187092
0.000857384335702153
0.000999267685908957
0.000985162111559591
0.000892926113660632
0.00104675326116418
0.000862956344424932
0.00107629415256836
0.00109469360777037
0.00113660839848535
0.0010526137957087
0.000945520046310713
0.00126947354354995
0.0011184385073379
0.00124798872547708
0.0011232602619589
0.00109540309685055
0.00130450475383842
0.00110482528761343
0.00132469218505101
0.00131163475149817
0.00102550155070458
0.00120409246584074
0.00116106751479303
0.00127403137186628
0.00118950713554201
0.00117920363650671
0.00121278815337477
0.00124674765592114
0.0014079129805983
0.00133291313628014
0.00118830366658545
0.001272467655026
0.00135353496351954
0.00132168239502764
0.00130713985654035
0.00130616717967504
0.00126754563736889
0.00137188682074905
0.00145192961914508
0.00152400108064377
0.00139871326427792
0.00136516628860362
0.00132292809908555
0.00154099144044175
0.00148823440324857
0.00142531361754942
0.00141943593537026
0.00152119547957923
0.00163042871726357
0.00168434837002947
0.00160538449567236
0.00140770836846021
0.00151040108666091
0.00165210122185986
0.00160277648876625
0.00159542235926907
0.00153287438096153
0.00168164720516325
0.0015785980016451
0.00168288300936947
0.00167042059257768
0.00158890698816197
0.00171843163216405
0.00184889495066819
0.00174429868084309
0.00161840067825252
0.00175104968519099
0.00172817637879929
0.00161226099414788
0.0016464055757632
0.00157671480927252
0.00180663921755682
0.00170705876610208
0.00184740319687831
0.00197600471692283
0.00168793271640252
0.00177620752620068
0.00182359398454741
0.001709084071919
0.00189022314415989
0.00179499272174563
0.00190396060934077
0.00187422246822821
0.00177910703776225
0.00204474708826843
0.00183761731640793
0.00197835639682781
0.00179058447403498
0.00193164828782947
0.00209538168218628
0.0018720895443261
0.00183326636110449
0.00179970651296715
0.00187466799793269
0.00195154968005215
0.00191592264685278
0.0019281335780447
0.00188898566207323
0.00192346920808998
0.00190665774587302
0.00198186165005038
0.00185512112809134
0.00193018080984427
0.00190812009633482
0.00200096762524713
0.00202847158628494
0.00199569626294257
0.00200932490917231
0.00201504572211624
0.00204897647574808
0.00194775266096775
0.00198857889882505
0.0018505691701859
0.00179396946231529
0.00211846933461759
0.00174726519332448
0.00206097832311955
0.00190129318364818
0.0020326836406874
0.00190395806667827
0.00186703662196367
0.00185736660544657
0.00187171177269968
0.00207352033730959
0.00194370696656363
0.0018009111582145
0.00205586634867419
0.00176665286739492
0.00196397815157515
0.00203713439643042
0.00203900185972582
0.00186324351229112
0.00188099750989102
0.00190435850696756
0.00199043919815011
0.00179770619599327
0.00194663660367431
0.00195759159800202
0.00204587034267446
0.00193006408351023
0.00180031545639017
0.00184808060326397
0.00168227164648379
0.00164588557008692
0.00168972219759878
0.00205666232475888
0.00283605213050506
0.00231148327449385
0.00127743489442654
0.00122652855648141
0.00189556630547872
0.00278524816068606
0.00184318486657613
0.00097777743112619
0.000862689005876967
0.00150535743152858
0.0032937960744027
0.00335896622599111
0.00235864485418731
0.00174050597368039
0.000974169695454678
0.00195159437849036
0.0018515916235584
0.00272997707291248
0.00322979082079617
0.00246288207058519
0.00231803334623697
0.00146690406069298
0.00176834234081196
0.00163168048718808
0.0016749406908762
0.00169417736079968
0.00172756311108042
0.00150919450959444
0.00155294981371851
0.00143728340142709
0.00145451508969713
0.0015294682487297
0.00158001257936856
0.00162501991295736
0.0015889031307284
0.00154945876713169
0.00159151601404162
0.00161282201720876
0.00149535565194007
0.00160860938243928
0.00138583584123739
0.0016458853508546
0.00139098636262621
0.00155968886844145
0.00140809760719047
0.00142170048367912
0.00139250250322572
0.00147213309937141
0.00155010653695627
0.00148792650909606
0.00142365815166965
0.0013775478066783
0.00142132942601848
0.00147431077907121
0.00150942618506165
0.00140891222774417
0.00134695724703421
0.0014975723439268
0.00143394764569731
0.00146764134992088
0.00131039447438121
0.00135961493721176
0.00122327233461724
0.00126741784348133
0.0011503339368883
0.00120372865366164
0.0012423151463367
0.00122878662842893
0.0014106679631169
0.001100213388512
0.00115246577834683
0.0012183045197508
0.0011407255829325
0.00137269473031601
0.00121631183281969
0.00110535660290916
0.00116288713232289
0.00107829647092203
0.00109371163765167
0.00110359735756828
0.00111280245870403
0.00110606537676814
0.00103331265215066
0.00112331257558536
0.00110400561097522
0.000927478736563055
0.000981252608173015
0.00103350208967504
0.00105737471210582
0.00112394826433477
0.00111900205810914
0.000874572011171214
0.000855396512280852
0.000979613886435537
0.000929225930736356
0.000991472124445438
0.000964139590451949
0.000899479683270085
0.000865161009651354
0.000806288135592443
0.000907432487815382
0.000843496539342495
0.00078206998249749
0.000974665970453144
0.000776445626187964
0.000886734873300554
0.00085381739143519
0.000878647956434271
0.000831017281079774
0.000747491904785421
0.000761460788918266
0.000822137661821143
0.000737736831719586
0.00081770020083228
0.00078579525534946
0.00080846992371218
0.000761275490002363
0.000681163172195028
0.000733134636696678
0.000731650806473972
0.000672619793398014
0.000710846076181244
0.000727408770761026
0.000717858744091439
0.000728977091801125
0.000657860712126663
0.000691857036584535
0.000628986490042494
0.000584141735977897
0.000627454746043825
0.000676496308293769
0.000565635112563154
0.000536987063346627
0.00054696081182944
0.000614138342914428
0.000627350223336047
0.000591914804245224
0.000573402213876039
0.000538452862081457
0.000565554980226293
0.00058212923938268
0.000542957199158043
0.000569763403475583
0.000543798134707913
0.000523706296366127
0.000548135347517784
0.00049900841278029
0.000488690522727115
0.000493133869781718
0.000541266718439801
0.000524395747386485
0.000518547171046409
0.000528292565210212
0.00048297160661445
0.000451890391379616
0.000446102932365825
0.000441617511452773
0.00042666445775921
0.000434192867245867
0.000423568733754446
0.00043461604724217
0.000423054075018033
0.000403718069724371
0.000380354618113013
0.000412493857012203
0.000387616886148177
0.000385852106762223
0.000405823945983797
0.000383115887187505
0.000388868566010928
0.000360093616008162
0.000358933143397453
0.000419740535108115
0.000352602789508194
0.000345874863873514
0.000284082361857517
0.00037791046895511
0.000375462491025698
0.000296237178734702
0.000318327559024542
0.000297685692048217
0.000355454868559332
0.000326359584791825
0.000319982777293579
0.000324221633726507
0.000302201692279974
0.000280167282958283
0.000312458934032049
0.000325611160704718
0.000273079969455479
0.000313286600125439
0.000311976946824039
0.000265417687175508
0.000327945748043531
0.000318106920773308
0.000287069448313864
0.000261144346576597
0.000244287887993342
0.000271228293031153
0.000227946547626153
0.000236030926339564
0.000219079777351588
0.00023749640991967
0.00025273403742941
0.000232810738933922
0.000254016521634548
0.000216686655579097
0.000241354214740951
0.000244822715850413
0.000251097332696779
0.000249404032883566
0.000236924051109769
0.00022933144833194
0.000202122246004089
0.000206320416472212
0.000231913160569519
0.000252769947251422
0.000226212100822434
0.000231034949008345
0.000175202496331944
0.000216958586652435
0.000234447500299628
0.000225211913359814
0.000215592890709404
0.000202100237630867
0.000204157616134745
0.000233318153945747
0.000182267803831039
0.000192397244026303
0.0001831114863272
0.0002038444231091
0.000197745639693956
0.000227213594398286
0.000221138919875041
0.000175794673771204
0.0001615262719701
0.000192643412119347
0.00018009850352482
0.000237613593179642
0.000209019187674838
0.000162590227794332
0.000162711393206868
0.000189950487707066
0.00018898825802416
0.000157319707166064
0.000188543530285244
0.000193877010400124
0.000178927659758216
0.000168904356884715
0.000157849150673035
0.000185809736034839
0.000172486432589442
0.000203637756741628
0.000174536650170113
0.000151909053479194
0.000162536843404692
0.000159347084555618
0.000150593181306693
0.000174207023341945
0.000163324734880044
0.000148390882194218
0.000164754660842632
0.000168380648009069
0.0001530424541411
0.000186594545756093
0.000158835780585195
0.000167808170638981
0.000168500686480967
0.000118959815337926
0.000105213175050127
0.000127033771445124
9.87332383420085e-05
0.000111200060669456
0.000119908695711894
0.000129424473457415
0.000133096718972029
0.000122892359285325
0.000121503002104266
0.000103714278220279
0.000133459561044428
0.000111573059105554
0.000122896717353439
0.000124930594795212
0.000130912989739233
0.000125574587118075
0.000103695078199337
0.000125828825639689
0.000116862781795811
0.000133334411550178
0.000117500787527804
0.000110752962241665
0.000117484696106515
0.000135384222956006
0.000113915452547828
0.000128127561983879
0.000118784059860872
0.00011101467220007
0.000127956788032131
0.000128867842727247
0.000132846591001613
0.000134279912741366
0.000136914098319413
0.000131769121035249
0.000121559587879119
0.00011044997816931
0.000123904025989942
0.000137071326036523
0.000148602841535149
0.000150127093454523
0.000115130180878806
0.000116762740757588
0.000130115400610346
0.000137024748578848
0.000129413292758115
0.000113134291803677
0.000152618339402708
0.000138072076980155
0.000167268781970634
0.000139568413947375
0.000141652317679939
0.000170207881870469
0.000132555925716402
0.000144847319831108
0.000140062301462757
0.000151105866648714
0.000141703041570989
0.000146196550653378
0.000125383174207653
0.00013394909456745
0.000157977249891655
0.00014459383206675
0.000153043866187816
0.000150390704035751
0.000164149210368029
0.000169911471950428
0.000172505691943979
0.000190072194031268
0.000146709358929459
0.00014860806344113
0.000158474204695282
0.000192074029499689
0.00015886852632427
0.000188173542330863
0.000184686369268279
0.000174953316423688
0.000169562651555863
0.000172894596099341
0.000195253050740072
0.000147329813523383
0.000180538664562489
0.000187086917911396
0.000206933889726924
0.000193850003747908
0.000200411489258447
0.000196103694290218
0.000184549774632015
0.000193676839255767
0.000209577836906406
0.000179904203248518
0.000208565762650543
0.000208665722081196
0.000234516720831588
0.000232887061822376
0.00022584280973585
0.000214635579904154
0.000195297251192749
0.00025975104241531
0.000244148499366249
0.000206037713514299
0.000247952755140982
0.00022449293344302
0.000256738007924044
0.000253989935556862
0.00022682105700312
0.000255976325265439
0.000245569795051724
0.000294767146155228
0.000287698966638057
0.000284807560015463
0.000281486256894922
0.000243696950927796
0.000296601483254971
0.000293303217981501
0.000333928993488755
0.000270160726523756
0.000269229721199954
0.000333065469246395
0.000287077694895926
0.000383432029673121
0.000350111604053643
0.000266631239890507
0.0003434979722316
0.000341336545499786
0.00035247248510672
0.000321864859291733
0.00033306925554598
0.000340393891908334
0.000357267403919447
0.00038645945782111
0.000354835453499136
0.00030683582720298
0.000393319249308029
0.000353825336896907
0.000380675376516393
0.000353567187657269
0.000403274497298495
0.000369438962528213
0.000397400817360943
0.000420882124479047
0.000484407987454936
0.000402336106306622
0.000427965751274726
0.000398719750820858
0.000409003151972085
0.000475052310931056
0.000420242221598237
0.000396713402124356
0.000485593301603197
0.000520206039659999
0.000562919561364877
0.000506772619484637
0.00047127062581045
0.000475728405507611
0.000530775005683531
0.000513674642888606
0.000496482639566491
0.000510574643255654
0.000576406622491564
0.000546616139378038
0.000549110456959014
0.00054014502123721
0.000547135958410801
0.000569812022756668
0.000665007525598284
0.000611143988038455
0.000569456169086613
0.000631068148214346
0.00067540700285589
0.000569697240526908
0.000594240502250896
0.000582699141503117
0.000692638414980148
0.00068658430586491
0.000661766177663232
0.000727766834095564
0.000657811862538984
0.00074225047604131
0.000700925194906033
0.00065276583022363
0.000727237805198663
0.00074828990902322
0.000771141522843673
0.000763933003520346
0.000736809256697045
0.000838189543505997
0.000831147885297133
0.00085406864787064
0.000739978856641686
0.000842705901023718
0.000811537032583096
0.000842618962709281
0.000835110928131501
0.000799253701462154
0.000876781402297996
0.000858380315053057
0.000905010292052417
0.000998366421773546
0.000877632089376449
0.000884204348435684
0.000880504170950675
0.000982368899854017
0.00090636403266908
0.000971903932331743
0.00100761399364291
0.00102219158490739
0.00108045727451625
0.000915887643760326
0.00106428394035673
0.0011363614593897
0.00106569574762075
0.00103415389182745
0.00110508484379179
0.00110510042057185
0.00109178092867652
0.0012214452155334
0.00106002317950033
0.00116105717107798
0.00120049088580684
0.00115559292157168
0.00119543314224525
0.00113793285282671
0.00114388685263276
0.0010605477560529
0.00124242100400657
0.00131329960384178
0.00115325495148934
0.00128968973534913
0.00116654681582159
0.00123722606377094
0.00131823701435354
0.00127675137360532
0.00128880865490398
0.00135565427709557
0.0013124685244251
0.00142793199135147
0.00124399216290903
0.00137715647231992
0.00139858736763362
0.0014849615244369
0.00141975896868695
0.00132998997603344
0.00138951989711239
0.00131202538281505
0.00126327276810454
0.00131457552318199
0.00162931406855452
0.00246740077529213
0.00179363337594077
0.00101454193617985
0.000902474508444495
0.001573937485147
0.00243305080151869
0.0014829319919258
0.000783612838168333
0.000779213215517358
0.00118936061832341
0.00281240689619079
0.00295999941094348
0.00212146851734607
0.00157192981017759
0.00088002268142264
0.00160071622721464
0.00169243724603935
0.00250139217252867
0.00308020358072026
0.00248917946969548
0.00226919426670987
0.00145361678306344
0.00176603739811896
0.0016401620903615
0.00178006188380982
0.0018568973960563
0.00185388981787189
0.00172399660085376
0.00173309938988958
0.00158920998544682
0.00173723529967938
0.00170500026270419
0.00182543534536874
0.00190910989646707
0.00185728061684303
0.00193915304016763
0.00174483261383171
0.00187043719081363
0.00185356577039089
0.00190704697549163
0.00167243408162431
0.00198363629448077
0.00187072892189226
0.00196265530193049
0.0018063893855852
0.00184191213847773
0.00181195394295535
0.00197134723510076
0.00204250790831546
0.00201740942912066
0.00188120291789264
0.00181837465181162
0.00191717915695294
0.00198608364537664
0.00209109274293326
0.00192791420258702
0.00205111944247897
0.00201477072759148
0.00198748575299105
0.00196456216395296
0.00195521281385122
0.00195443396835287
0.00193923593131503
0.00190395979802509
0.0018279138869891
0.00187105535253448
0.0020578458439286
0.00195192781114095
0.00211282871877488
0.00176466387242943
0.00192468831674665
0.0017919185566545
0.00202783291794715
0.00207735748534826
0.00196036812659205
0.00188935579602082
0.00185657029382487
0.00195067522313756
0.00192923696091964
0.00188647051598781
0.00193705749962587
0.00187020794803025
0.00205732524228871
0.00191686179271342
0.00184083164439172
0.00176130281524421
0.0018297005158607
0.00201095159778674
0.00190970569903818
0.00206635404493467
0.00205097352596927
0.0016766613011381
0.00167037982084707
0.00187242916954908
0.00175705538047009
0.0019690950239551
0.00185997281148585
0.001933565391404
0.0016891038580347
0.00166437119190297
0.00185440543382583
0.0017635443728988
0.00168000354617114
0.00191480306785603
0.00173539554092568
0.00185651856480784
0.00171895625722865
0.00187712876265491
0.00176784229847049
0.00177106931495237
0.00165815313582563
0.0018206028085723
0.00157748843005258
0.00187064052109724
0.00190431038335793
0.00183301208937448
0.00172136472041157
0.00166763906116109
0.00184497095018685
0.00173606110511641
0.00165944896791915
0.00170744490041758
0.00169260884745333
0.00164782779310375
0.00172459605596274
0.00155595698876378
0.00159355151623135
0.00167666944809315
0.00157044165092061
0.00160368520324737
0.00162835085402954
0.00153100891314884
0.00153479081386208
0.0014871467606526
0.0015768381125457
0.00156541286031799
0.0014366181925231
0.00145618978815068
0.00139644253602454
0.00154325089913515
0.00149072074890541
0.0014605941012992
0.00156845818919463
0.00136389304589485
0.00139692589363619
0.00151450481470985
0.00137729484236441
0.00131805574924629
0.0014024696377705
0.00142852751586439
0.00148885312185191
0.00143161951675358
0.00142412681544019
0.00140526691918964
0.00137608951408095
0.00127138137475262
0.00132540198211531
0.00114618990858698
0.00130781429575558
0.00126230123797967
0.00141059882686197
0.00129474195052913
0.00120783932606314
0.00118198971174802
0.0011932582766351
0.0011964388566512
0.00128656090263386
0.00114775891835231
0.0011921615590182
0.00119251018654614
0.00109180924101981
0.00108388104312728
0.0012245101526234
0.00114364931153109
0.00117723281120633
0.00108836533480302
0.001138490176595
0.00120422353413664
0.00106638926189707
0.00110354390346575
0.00100864856018221
0.00108592963056624
0.00111421963706651
0.00107061407055383
0.00108327216028521
0.00100039621220552
0.000990408369356237
0.00106115396119599
0.00101181986661878
0.000961774015903313
0.000980611515381041
0.00113368860533948
0.000972261238201532
0.00100736783047379
0.00101983662769928
0.000854809378795375
0.000954953198583921
0.000869185820097329
0.00082637848160998
0.000922867058794973
0.000863292520973743
0.000842115184115241
0.000917025534662762
0.000879918872655744
0.000899259454448135
0.000857104457357425
0.000810911410070002
0.000822337306714922
0.000780592838809472
0.00086841123480482
0.000807725951680242
0.000797322238066698
0.000815271524468329
0.00080266889607663
0.000722511464491007
0.000817950622644511
0.000891521788418309
0.000781782248546075
0.000747182732996713
0.00072080993199134
0.000755608949658594
0.000865943083907063
0.000766565206837954
0.000717751378577642
0.000732235115457928
0.000737098425128642
0.000806853868222989
0.000670154936590949
0.000672760996458452
0.000669990244965118
0.000700708213147876
0.000681671488162413
0.000835590738930376
0.000725613568842975
0.000727451015424072
0.000681020383421217
0.000663125979569637
0.000671165572591846
0.000741522369235637
0.000641497569638487
0.000595844035199652
0.000614986072407437
0.000651211357025424
0.000652900994425403
0.000589802398707704
0.000605517690085812
0.000627516920379788
0.000574029325018212
0.000633816466313505
0.000519765669535018
0.000614938341097322
0.000549316839375723
0.000553258055388978
0.000646674841363036
0.000548935439643006
0.00052573771751709
0.000536107057244651
0.000517694461700935
0.000657700241929723
0.000585461558167849
