0.000473669584153155
0.00044948995230253
0.000440858114916496
0.000474598851789754
0.000492389606498293
0.00044768200619739
0.000481201877819161
0.000516107853787951
0.000545449593584644
0.000452770862476054
0.000485921683009705
0.000415349280975571
0.000589748343462902
0.000448343796733685
0.00056814381053238
0.000581602763657502
0.000472427321503416
0.00053429107714449
0.000575612899626803
0.000516726958010249
0.00058627230740527
0.000516370991119933
0.00056090409473379
0.000473569103515526
0.000501207614688687
0.000558815919605336
0.000587991636186403
0.00055645031908687
0.000480235256645007
0.000529191578473431
0.000536018577317215
0.000550807037931529
0.000735041300188097
0.000496717658958618
0.000622698679548642
0.000462139807551141
0.000569937518735856
0.000596795263122154
0.000595551385900206
0.000530335957621804
0.00050918597698971
0.000550069384994547
0.0005611069395139
0.000545300875379324
0.000673699128007385
0.000590394585567105
0.000591526594145303
0.000581564188048089
0.000607222353233423
0.000624584219487408
0.00057636588358016
0.000615662092761582
0.00058096370171071
0.000567957203133837
0.000645318660031641
0.000588477560473419
0.000548958334124113
0.000733181383288122
0.000523524258640605
0.000709460524787538
0.000613801274592591
0.00055057721561143
0.000742564603673909
0.000625751362174303
0.000576520804457218
0.000614416120015062
0.000706239594898221
0.000705734042335539
0.000687062788098526
0.000754006993213375
0.000704604781351462
0.000602254823884051
0.000689972529008827
0.000634907807177886
0.000716189925422912
0.000729295913735366
0.000875822310849343
0.000781170765699271
0.000836197546481182
0.000712516300142158
0.000835619905132985
0.000927402975578184
0.000768062727438371
0.000902810890206727
0.00083216952821898
0.000987772829767453
0.00093043410673928
0.00081043062251208
0.000883224108303237
0.000824571734670457
0.000916106192832638
0.000961518204238009
0.000900423216304473
0.00091652837292247
0.000992384933404919
0.000995157973536618
0.000981047060778186
0.0010542979583932
0.000980474699170008
0.00107018525631217
0.000994929714850753
0.000975274827045021
0.00104767735213956
0.000955154632610554
0.00099956651395467
0.00108211906939054
0.00112835587223314
0.00098705987605809
0.00102268238585497
0.00116558311882645
0.00118909036204786
0.00118640623308745
0.00115447029158607
0.0011963673028508
0.00112652870411283
0.00125549711250832
0.00124386179327242
0.00112774814381932
0.00106262671361999
0.00114701607488714
0.00114038332938433
0.00131220844525925
0.00121763780111272
0.00135717263345863
0.00122165818325693
0.001246374605414
0.00120946019334549
0.00123651055413083
0.00129246824440145
0.00130382232323548
0.00125223815506499
0.00145486852447129
0.00136170571976878
0.00140764464528031
0.00130868235612461
0.00133169555144573
0.00124464410425706
0.00126303977145698
0.0014311961082348
0.00135068858809249
0.00143016751538757
0.00136913308053603
0.00150638093017083
0.00146286475807141
0.0014423981199406
0.00135371940284931
0.00147191291783106
0.00160099946821453
0.00162343221863784
0.0015988207030523
0.00144208775555872
0.00162064475976931
0.00149496633317072
0.00176382764010628
0.00143447012360562
0.00160257596411337
0.00157008457805358
0.00154309953917164
0.00156440859542877
0.00160499543085104
0.00147241095529032
0.00178074724365825
0.00156013047996865
0.00176804559911094
0.0016620946783843
0.00152264236326509
0.0018272783100525
0.00160527212554912
0.00174887877807415
0.0018042362637062
0.00172483366270578
0.00190279872708423
0.00165667119874713
0.00178179679779482
0.00182495699963471
0.00169875894870251
0.00180465969629908
0.00186735973864824
0.00178946285932057
0.00168763616118613
0.00196390296004291
0.00198275466156371
0.00178704633442981
0.00187801196640285
0.00198010111690356
0.00188670965432641
0.00187716333828777
0.00185636864619537
0.00202874938015891
0.00168734240471478
0.00237108752758377
0.00189526874830164
0.00200765293144364
0.00208856603450666
0.00191084347235265
0.00214879061128246
0.0021750381967148
0.00197761178478806
0.00203028504389622
0.00175262256277467
0.00207042917569483
0.00208867226075458
0.00187300199333173
0.00197642205036592
0.00190169831085741
0.00201816909325178
0.00215924426748342
0.00209739311613804
0.00203241901047142
0.00208339243862563
0.00198652609708135
0.00194212064948657
0.00215997636675988
0.0018849039117409
0.00207110092017344
0.00211113504456054
0.00196206748350441
0.00198540757842962
0.00209048391238519
0.0022521998516464
0.00216508673225285
0.00176368060973578
0.00188401800466322
0.00186306070274253
0.00199434336566164
0.00215196373708972
0.00199620175193741
0.00187709694592463
0.00202284601891368
0.00184083843097582
0.00205545705996144
0.00197274880464055
0.00188845682299266
0.00207396481443825
0.00175342620975995
0.00189759425610747
0.00195318471580648
0.00223980120114243
0.00177092576739181
0.00223077885601081
0.000889845494049604
0.00467833555926028
0.00165492388010967
0.00191904551807328
0.000598704594537534
0.00255423871650453
0.00324242697636621
0.00271348634562911
0.00109824353878545
0.00110591179441304
0.000211056574034577
0.00301159542832398
0.00212436098371959
0.0035104330186292
0.000747111974871987
0.00132110602659147
0.00201617859836231
0.00421448652940928
0.000563437376002844
0.00311304800150497
0.00151767526461717
0.00257467747549718
0.00125329151561728
0.00152169049366231
0.00174339808134454
0.00161097725271708
0.00169365444117591
0.00172261105194504
0.00177229018366381
0.00163759684465788
0.00158349707884236
0.00161348749475779
0.00154409433340615
0.00164119005243658
0.00161536126491539
0.0015803473254296
0.00144747333722644
0.00151563900441408
0.00136495867627069
0.00156816353790659
0.0014420799419593
0.00143507409999188
0.00128294080715832
0.00126450725817872
0.00146539370754934
0.00167825651016986
0.00132667846570339
0.00155845581938212
0.00127559344804889
0.00129687822610447
0.0014711266795055
0.00140054734608937
0.00148875503512667
0.00127060645332936
0.00131698217266356
0.00142941102990868
0.00156860548418638
0.00150727680591416
0.00140994125621075
0.00125101369530897
0.0012283549332787
0.00149652155796976
0.00148098709188091
0.00136097022042216
0.00122797226894727
0.00108817387636876
0.00141654037174337
0.00122207046238882
0.00129453509114831
0.00112681982931874
0.00114969495994435
0.00124026054508543
0.0013178920812345
0.00122664628666672
0.00124361037155397
0.000948485674831882
0.000960119600906297
0.00106409685989494
0.00113665755181086
0.000968129596547042
0.00105156191162755
0.00109848277157831
0.00100731025056688
0.0011175869709994
0.000954637178797583
0.00100614345985242
0.000942039350076622
0.00096828320789272
0.000914987919755195
0.000955984417256789
0.00106264732960507
0.00110527355017434
0.000802761797787687
0.000917763459138589
0.000775920881777501
0.00094827380095376
0.000991476477584088
0.000903203641749136
0.000789084259111017
0.000779603769952086
0.000806144998936154
0.000905674096330132
0.000754492759613042
0.000796581231691493
0.000820193381166242
0.000877005683389393
0.000894508876107209
0.000790925069104853
0.000667576857518148
0.000781266031226465
0.000616430365924536
0.000771837022714259
0.000688312103253619
0.000788605543425519
0.00072441766072518
0.000773978913155009
0.0006804834991303
0.000619476398615233
0.000640929580381954
0.000697786446648515
0.00061795852315646
0.00068512403854289
0.000647582065875261
0.000658076483354228
0.000606003855986526
0.000531693182451068
0.000580794931767147
0.00059004653821805
0.000588966093207083
0.000705188730068013
0.000532556474185606
0.000583136323243724
0.000606739886668744
0.000627826223353099
0.00059038210960283
0.00062811452267237
0.000521953546014458
0.000602083774344968
0.000562737612186851
0.000554881888169351
0.000514605317842589
0.000501622218957292
0.00055268730453442
0.0005045346553229
0.000573387324976475
0.00047879843333714
0.000464090514101444
0.000527129306320726
0.000488770117461475
0.000490664111308349
0.000480522916446096
0.000460486191787981
0.000464222325580353
0.000430341222640535
0.000431132940857436
0.000407214393432652
0.000390857132510006
0.000412993623844059
0.000432948393803291
0.000380078270370446
0.000369616155289898
0.000370403291482063
0.000377377103008789
0.000360830906617127
0.00038817090111905
0.000346410246285265
0.000303791826822867
0.000338823173940099
0.000394569738985745
0.000361690790593334
0.000424954017286397
0.000358894582938049
0.000400087791270109
0.000367791837679489
0.000311839987291681
0.000401373760210163
0.000264889574690624
0.000327673634064426
0.000317171998354907
0.000313881837093637
0.000377016607405133
0.000313080146363214
0.000315015554691441
0.000382730371849089
0.000316634362975288
0.000378163693827291
0.000295368075439899
0.000258793062357196
0.000338653341385638
0.000228394459656968
0.000280830595558138
0.000244417166495486
0.000246117056500306
0.000270798979116841
0.000250120659983881
0.000299698714257476
0.000270885446774913
0.000257329191730223
0.000271133353875937
0.000282430162096816
0.000249961598401996
0.000243854038827784
0.000246416964275035
0.000244979681154601
0.000237229076960778
0.000222143740193664
0.000226811784805637
0.000205941120857156
0.000262979405196601
0.000213013928848036
0.000201780423355202
0.000254510477554791
0.000211283177255148
0.000199102467198589
0.000289685409913126
0.000200255432514956
0.000239020428271146
0.000235851765289335
0.000231513730612886
0.00021789070188855
0.000221074469971475
0.00022250409877442
0.000197944941371264
0.000216567448257256
0.000197048085195227
0.00016584083931402
0.000192680361776247
0.000183532970339764
0.000220787194645973
0.000217355809191173
0.00021031236595099
0.000192094875077346
0.000188294007941267
0.000173193797800648
0.000186087999023681
0.000173694023151671
0.000190302084264846
0.000149685127756722
0.000197790180581648
0.000151750813979643
0.000222045648441096
0.000186380257590862
0.000180751342736044
0.000186171825472991
0.0001771400022083
0.000169345036347468
0.000174422713450289
0.00017511209513419
0.000192640171211821
0.000162564630942079
0.00017458731848486
0.000220148738934194
0.000188763150126417
0.000146149400108625
0.000151746632279272
0.000148832952539207
0.000159163805832909
0.000163794592518871
0.000153177185764222
0.000187837118860195
0.000133478540341675
0.000159386884846212
0.000148702651298866
0.000153984313442531
0.000146669489288138
0.000153767475159398
0.000189011453705948
0.000157129688339416
0.000123587499045126
0.000116518899008656
0.000122990642661609
0.000126166912056777
0.000129402813065647
0.000119787844816895
0.000136022334967389
0.000127944298460807
0.000128300421490976
0.000123032419174918
0.000126333014074375
0.000115068740302541
0.000139770082997615
0.000129351714427801
0.000119302161978176
0.000154388451237269
0.000150374188326896
0.000124933159432683
0.00013445558246305
0.00012273579874778
0.000192242204709684
0.000146683224279472
0.000150591790279262
0.000145481428687011
0.000134332704252771
0.000157260238239305
0.000162015777315206
0.000151936453788442
0.000149202447489492
0.000124144553037002
0.000141175572354772
0.000118579239467735
0.000160099039044757
0.000130064962825528
0.000174909226909551
0.000186077456445282
0.000135425734761685
0.000140925021888088
0.000154866298181602
0.000157663361146123
0.000196822184273077
0.000129611648765327
0.000143229694134805
0.000126677356392094
0.000162683654348446
0.000143939105326167
0.00017418319655156
0.000141267772453952
0.000140696584382651
0.000172767409056763
0.000156926779770149
0.00014963528876233
0.000172693415078382
0.000181142073379335
0.000156337341633707
0.000175555143577899
0.000158694529769775
0.000162537600747633
0.000175045511768944
0.000149165030785144
0.000184160538623627
0.000142705390957064
0.000198358045934348
0.000161755660962158
0.000140900441823306
0.000192866514492151
0.000165080300663262
0.000177305747241029
0.000177116861375163
0.000145398647068549
0.000167900848668648
0.000196850741367539
0.000163150716657574
0.000189890508586086
0.000169243729641475
0.000185713039134694
0.000181679123187335
0.000232354707899323
0.000215303489809227
0.000209095564481708
0.000168671433771172
0.00014460655911332
0.000182089799654069
0.00023534654584516
0.000215850593372969
0.000206306253664769
0.000205259512453646
0.000185533687238516
0.000236304824814928
0.000238246097263777
0.000180966451783776
0.000258044431026002
0.000180796734094767
0.000268778710937505
0.00022808487731929
0.000232994937353429
0.000252610769416076
0.000205714976210701
0.000238912814588549
0.000254310740566643
0.000221838272736918
0.000246790611403461
0.000258649136831019
0.000258012426452723
0.000259074622317101
0.000259052919519827
0.000274558837053115
0.000271741565207454
0.000285971932413049
0.00027210229641923
0.000293466960014628
0.000253113096670858
0.000283798165491982
0.000318981072284045
0.000297592272355031
0.000290136536139855
0.000269781377535366
0.000307412618844966
0.00030397871121317
0.000310056212696136
0.000315775410502719
0.000318566798338433
0.000349454582390108
0.000336962896917458
0.00032848792937711
0.000340556763363841
0.000323826647274278
0.000339318258656682
0.000361092242106145
0.000383996077617711
0.000368110834116713
0.000411459294588184
0.000414652605590744
0.000372480606103115
0.00034223234399376
0.000358370717300748
0.000418189170290229
0.000387754079645565
0.000408846893659057
0.000435536084589891
0.000404172050613299
0.000444954050413641
0.000390481638956949
0.000539465107005142
0.000392474295200244
0.000376664449355744
0.000423965351429322
0.000448515211186088
0.0004767592147382
0.000461932467089467
0.00045200028052641
0.000509560696749568
0.000420071864827536
0.000528679658583929
0.000487549438304807
0.00051920071081956
0.000579085068273657
0.000559564710874433
0.000526361618503882
0.000629235035005486
0.000530855507250102
0.000592357171110292
0.000593283541811334
0.000634516972499663
0.000601097392467848
0.000537236193219164
0.000578119227477296
0.000569365439970583
0.000540144759264338
0.000664928284552577
0.000574206894068125
0.000680984908337005
0.000692164840007921
0.000566864931621112
0.000678864847139016
0.000571174322097121
0.000683809423955089
0.000712196077039928
0.000696733509315093
0.000804150078273912
0.000630185440921264
0.000700182075527702
0.000736937305383788
0.000759855875285944
0.000759587858724353
0.000757621061258237
0.000733777447925668
0.000752958055206941
0.000798933636291189
0.000904272180309202
0.000715827828211537
0.000806671276490039
0.000777502361519034
0.000861360018173893
0.000833994888793887
0.00082131376198425
0.000976232916897806
0.000683769569728551
0.0011729762813673
0.000957096885405871
0.000927668541889566
0.0010129197457399
0.000921246510669501
0.00111767025440615
0.00105302176531579
0.000898115909520327
0.00102884957898969
0.000887942519855877
0.00105130073438005
0.00108277170562895
0.00102898739134795
0.0010223310026551
0.0009942398295906
0.000971023479231944
0.00124609084950155
0.00128171365414969
0.000973845277533123
0.00108637486504252
0.0011666287686171
0.0010261652544848
0.00128546316643118
0.00116819635192663
0.00114588688824482
0.0012826616789873
0.00106234110624069
0.00118713693968588
0.00116316287085102
0.00142631097702717
0.00140266111255651
0.00123338499880354
0.00124317831324028
0.0012745939773077
0.0014006541823564
0.00135779511151504
0.00141791382580052
0.0013270747973683
0.00140654848631921
0.0014505518699313
0.00147797149239997
0.00142205326723486
0.00125318096359628
0.00145015961388054
0.00142396393141664
0.00147256928857527
0.0013170096435278
0.00190401220640629
0.00125998930243954
0.00182872909422782
0.000469999333727675
0.00404693647544169
0.00115336833023055
0.00173255761101127
0.000319174159811754
0.00248695388058156
0.00275309299025601
0.00257334185197643
0.000601107777184474
0.00116990977341364
0.00031924004007886
0.00244337711762251
0.00193404574873825
0.00301955234932189
0.000887800705970533
0.00115430075749057
0.00196581806418976
0.00373418869458803
0.000971873354870693
0.0029307718108323
0.00169010495242037
0.00257067250226572
0.00131014348047608
0.00169961221425505
0.00177128411531984
0.00192622111017982
0.00177582013263518
0.00178841884948174
0.00194368121325043
0.00184672501141587
0.00194466284664012
0.00193652677441175
0.00176786416029431
0.0019795671801442
0.00191883402699348
0.00196291570644871
0.00189214167905251
0.00194474811884022
0.00162063506236016
0.00203629119987
0.00193854209918185
0.00200374560546078
0.00171114477195362
0.00174022251049964
0.00203948355300657
0.00215375973963011
0.00188868296031801
0.00196211285652117
0.00186717368991173
0.00202210894412458
0.00204334135244922
0.00198524664784734
0.00216133827546828
0.00184114834117076
0.00199863487009566
0.0020021908475401
0.00228295114476792
0.00215700399187545
0.00204476305653662
0.00197882726705908
0.00184443329075275
0.00221437026298805
0.00225138510340808
0.00225739218997217
0.00195537412354296
0.00199817514764205
0.0022363752065107
0.00197984528622114
0.00206861797970003
0.00193504840797189
0.00192795741187704
0.00204978796573322
0.00209491057996076
0.00203715366495351
0.00215563718391007
0.00178604421570952
0.00187215395186147
0.00182448040781831
0.00197632718310487
0.00176984219090768
0.00184108889003927
0.00194323444538375
0.00186542386984631
0.00197516659973054
0.00169781577147889
0.00188915260424945
0.00180263168203637
0.00180077742130651
0.0017569740253656
0.00174966776970447
0.00189351299939814
0.00216511633524275
0.00179244901161088
0.00168380319820777
0.00170046385791737
0.00187492382681304
0.00197526912414269
0.00181419917754746
0.00156025886164005
0.00153417552875236
0.00163703656577597
0.00196963980929787
0.00163064737070459
0.00177561286353552
0.00171045845024849
0.00182903965956489
0.00179472205874424
0.00165189691171985
0.00158697068300922
0.00177845815729531
0.00146897277134204
0.00185838108489469
0.00156883248499381
0.00172661171042959
0.00162189932689576
0.00162079552999782
0.00172289059852375
0.0015606148726932
0.00144004071675151
0.0015181350647603
0.00158064711236586
0.00164946433451616
0.00165613335176449
0.00148568080740354
0.00146345084356084
0.00148757025189607
0.00156905309506245
0.00151014391158934
0.00149762881875442
0.00168703594261648
0.00147929778983106
0.00143460580996846
0.00158713181160997
0.00143707734643684
0.00158896719088077
0.00146482048185617
0.00148802921585702
0.00160036940658557
0.00163398246497794
0.001488583677141
0.00140632537203866
0.00130998908431775
0.00168929969109344
0.0013673979034059
0.00149482376826174
0.00148846050173998
0.00128665049730664
0.00154467725617132
0.00141364996949907
0.00143127802902748
0.00143612190172553
0.00134457601187503
0.00136448034861629
0.00137510234699514
0.00124715681629739
0.00129020433578456
0.00134485607201601
0.00121978140353769
0.00135916814358262
0.00122530386292232
0.00124702549758591
0.0012339694543978
0.0011297709105336
0.00119492715477412
0.00120229511478393
0.00112650836875741
0.00106390374145439
0.00108582689041479
0.00119658651344856
0.00115364175323198
0.00122153213527174
0.00116840378137116
0.00121838552704346
0.00117725198240606
0.0010425683989929
0.00119163730056439
0.000894106224301991
0.00102742503717812
0.00105313790520701
0.0010148256265223
0.00119644948850827
0.00113729353955961
0.00105570348290264
0.00112557855212111
0.00118944836470655
0.00112715537671986
0.00110722746214209
0.000790198123586505
0.00104022290221679
0.00082214547267704
0.00101935229604399
0.000822163581296762
0.000997424077983194
0.000898664085196516
0.000874205455136041
0.000971363832708485
0.000990339710270282
0.000872364337614686
0.000877412495323855
0.000878397959538731
0.000990388910832392
0.000829346879176509
0.000908366100036265
0.000882741278971474
0.000852606552778904
0.000854986882253757
0.000851403939915981
0.000742394766970035
0.000874753780945537
0.000766510540657619
0.000757575939428561
0.000932536267934732
0.000729003373602155
0.000783452142527331
0.000913131063584957
0.000713388476127081
0.000885729221505938
0.000954356031877407
0.000803463644380028
0.000798507539749519
0.000772162452360767
0.000805010861873809
0.000639287598837506
0.000768390706458052
0.000815417433972254
0.000620481123891061
0.000739845287484102
0.000712935132210637
0.000694098622915969
0.000775072972092744
0.000746273618816351
0.000779887005962885
0.000686133552943767
0.000591114590474767
0.000694206811893703
0.00062597928430081
0.000682242391404059
0.000603359558357995
0.000741814094926786
0.000610361364221899
0.000671126592079123
0.000650082373015339
0.000658122975594727
0.00069405868493842
0.000595076811373164
0.000572868132035426
0.000550465385785832
0.000660831248073411
0.000626276336064883
0.000608051036433255
0.000561433418849653
0.000667864966713078
0.000585603312206462
0.000535589411029437
0.000543451580606386
0.000540121307164614
0.00061286766683396
0.000616612932178399
0.000544070212540124
0.000663496797378198
