[0.0, 0.0, 0.0, 0.0, 0.0, 0.0, 0.0, 0.0, 0.0, 0.0, 2.523839235305786, 0.0, 0.0, 0.0, 0.8632425665855408, 0.0, 0.39767736196517944, 0.0, 0.0, 0.0, 0.0]
[0.0, 0.0, 0.5364556908607483, 0.0, 1.661542534828186, 0.0, 0.0, 0.0, 1.9311057925224304, 0.0, 0.0, 0.2809624969959259, 0.0, 0.0, 0.0, 0.0, 0.5108840465545654, 0.0, 0.4792356789112091, 0.0, 0.0]
[3.6251630783081055, 0.0, 1.7858656644821167, 0.0, 0.0, 0.0, 2.5771751403808594, 0.0, 0.0, 0.0, 0.0, 0.0, 0.0, 0.0, 0.0, 0.0, 0.0, 0.14843514561653137, 0.0, 0.0, 0.0]
[0.0, 0.0, 0.0, 0.9195985794067383, 0.3183915913105011, 6.094300270080566, 1.7181406021118164, 0.0, 0.0, 3.8057890832424164, 0.0, 0.10328761488199234, 0.0, 0.0, 0.7472344636917114, 0.0, 0.0, 0.0, 0.0, 0.3300760090351105, 0.0]
[0.0, 0.9314768314361572, 0.5488105416297913, 0.5194799900054932, 2.072333589196205, 0.0, 0.0, 0.0, 0.0, 0.7470283508300781, 0.0, 0.0, 0.0, 0.0, 2.5700035095214844, 0.23400086164474487, 0.0, 0.0, 0.0, 0.4262012839317322, 0.6875281929969788]
[0.5629979372024536, 0.0, 1.1584479808807373, 0.0, 0.0, 0.0, 1.0414024591445923, 0.0, 2.1388744711875916, 0.0, 0.0, 0.0, 0.595134437084198, 0.0, 0.0, 0.0, 0.0, 0.0, 0.0, 0.0, 0.0]
[0.0, 0.0, 1.2501702308654785, 0.0, 0.0, 0.6707941889762878, 0.0, 0.0, 3.947250485420227, 0.9311078786849976, 0.46398213505744934, 0.0, 0.0, 0.0, 0.0, 0.0, 0.0, 0.8521978259086609, 0.0, 0.0, 0.0]
[0.7279964685440063, 0.0, 1.6843947172164917, 0.0, 0.0, 0.0, 0.0, 0.0, 0.0, 0.46600595116615295, 0.0, 0.0, 0.0, 0.0, 0.0, 0.0, 0.0, 0.0, 0.0, 0.0, 0.0]
[0.0, 0.0, 1.1851228475570679, 0.0, 0.35619109869003296, 0.0, 0.0, 0.0, 0.0, 1.8558003902435303, 0.0, 0.0, 0.0, 0.0, 0.0, 0.7581284642219543, 0.0, 0.0, 0.0, 0.0, 0.0]
[0.0, 0.6136691570281982, 0.0, 0.0, 0.0, 0.0, 0.0, 4.722813129425049, 0.0, 0.0, 0.0, 0.0, 1.727540135383606, 0.0, 1.745814323425293, 0.3083256483078003, 0.0, 0.0, 0.0, 0.0, 0.0]
[4.014908209443092, 0.0, 0.796166718006134, 0.8541254997253418, 2.7434098720550537, 0.0, 0.0, 0.0, 0.7787806987762451, 0.0, 0.0, 0.41698315739631653, 0.0, 1.567146897315979, 0.0, 1.0197116136550903, 0.9953753650188446, 0.0, 0.0, 0.0, 1.4855562448501587]
[0.0, 0.8629695177078247, 1.2542755603790283, 3.073925733566284, 1.6121445894241333, 0.0, 0.0, 0.0, 0.5417163968086243, 1.6121445894241333, 0.8693762421607971, 2.722667932510376, 0.8337373733520508, 0.0, 1.3861541748046875, 1.6064467430114746, 0.0, 0.0, 0.0, 0.0, 1.6064467430114746]
[0.0, 0.0, 0.0, 0.0, 2.4832866191864014, 0.9242752194404602, 0.9907389283180237, 0.0, 1.1015416383743286, 1.0893210470676422, 0.0, 1.0763349533081055, 0.9530621767044067, 0.0, 1.238188624382019, 0.0, 0.0, 0.0, 0.0, 0.0, 0.0]
[0.0, 2.203217029571533, 1.2555729150772095, 0.0, 2.239593595266342, 1.237722396850586, 0.0, 1.7360543012619019, 1.4730092287063599, 1.8791040480136871, 0.0, 0.0, 1.7360543012619019, 1.3944175243377686, 0.0, 0.0, 0.0, 0.0, 0.8648430109024048, 0.0, 0.0]
[0.0, 0.0, 0.0, 0.4437698423862457, 0.0, 0.0, 0.0, 0.0, 0.0, 0.0, 0.0, 0.0, 0.0, 0.5056813955307007, 0.0, 0.0, 0.0, 0.0, 0.0, 0.0, 0.0]
[0.0, 1.963160753250122, 0.0, 0.8226103186607361, 0.9564839601516724, 0.0, 0.4395541846752167, 0.0, 0.48871320486068726, 2.408676862716675, 0.0, 0.37601444125175476, 0.0, 1.0522220134735107, 0.0, 0.0, 0.0, 0.0, 0.0, 0.0, 0.0]
[0.5219098553061485, 0.47058579325675964, 0.0, 1.3493775129318237, 0.0, 0.0, 0.6752006709575653, 1.356956958770752, 0.0, 0.3336052894592285, 0.0, 0.0, 0.0, 0.0, 0.0, 0.0, 0.0, 0.0, 0.0, 0.0, 0.0]
[0.0, 0.0, 0.0, 1.3822566270828247, 0.0, 0.0, 1.5526890754699707, 0.0, 0.0, 0.0, 0.0, 2.3200541734695435, 0.0, 0.0, 0.0, 0.0, 0.0, 0.0, 0.0, 0.0, 0.0]
[0.0, 1.2281548976898193, 0.0, 0.0, 0.0, 0.0, 0.0, 0.8347402811050415, 0.0, 0.0, 0.0, 2.78188955783844, 0.0, 0.0, 0.0, 0.0, 0.465335488319397, 0.0, 0.0, 0.0, 0.0]
[0.0, 0.0, 0.0, 0.0, 0.0, 0.7330990433692932, 0.0, 0.0, 0.0, 0.0, 0.0, 0.0, 0.0, 0.8846586346626282, 2.3742950558662415, 0.0, 0.0, 0.0, 0.0, 3.073030471801758, 0.0]
[0.0, 0.7230600714683533, 0.0, 0.7461562752723694, 0.0, 0.0, 0.0, 0.0, 1.5435119569301605, 0.0, 0.0, 0.0, 2.178144335746765, 0.0, 0.0, 0.0, 0.0, 0.0, 1.5435863733291626, 1.2347877025604248, 0.0]
