[0.0, 4.042494416236877, 1.0898258090019226, 1.2224554121494293, 0.0, 1.9242051243782043, 0.0, 0.816742479801178, 3.336150109767914, 0.6749427318572998, 0.0, 0.8887469172477722, 0.9819071143865585, 2.3930234611034393, 1.4112121760845184, 0.5882910490036011, 1.0809675455093384, 0.9271613955497742, 1.2681934833526611, 0.0, 2.0353088676929474]
[2.023294687271118, 1.326807975769043, 0.8222758173942566, 0.6644787192344666, 1.4783987998962402, 0.19932162761688232, 2.00008487701416, 4.656916439533234, 8.144347429275513, 5.539447069168091, 1.513067752122879, 0.0, 5.120410680770874, 2.1375340074300766, 1.1739235818386078, 2.865251302719116, 0.3243825137615204, 1.409763216972351, 5.468238025903702, 0.0, 0.0]
[0.3869768977165222, 2.8354449570178986, 1.723351001739502, 2.2821948006749153, 1.4262703955173492, 0.07029396295547485, 1.8238956034183502, 0.0, 2.00637549161911, 0.8701412677764893, 0.8240746259689331, 2.6601035594940186, 14.8128262758255, 1.6967040300369263, 1.1034976541996002, 1.1641358137130737, 2.5275094509124756, 1.6827830970287323, 0.0, 1.9047616124153137, 0.0]
[1.589525818824768, 3.055833101272583, 9.12806186079979, 0.9592296183109283, 0.8254757076501846, 0.8255489468574524, 0.6480686068534851, 1.5549131631851196, 0.0, 0.0, 5.0490031242370605, 0.0, 2.9669116735458374, 1.823972463607788, 1.0566207766532898, 0.43696317076683044, 2.0709171295166016, 4.801837936043739, 8.570483580231667, 1.9341934025287628, 0.7972461581230164]
[0.9927340894937515, 0.0, 2.513469099998474, 0.3546278178691864, 0.9351310133934021, 0.3311539888381958, 2.019927501678467, 0.7023158669471741, 0.17157243192195892, 19.618947327136993, 4.059303268790245, 2.1678004264831543, 1.328922688961029, 2.6405670642852783, 0.9572364389896393, 1.4223868250846863, 0.7138931751251221, 0.3799119293689728, 10.014128684997559, 0.0, 0.9440559148788452]
[0.9967700839042664, 0.3438430726528168, 0.2801482081413269, 0.0, 3.641759216785431, 1.111249566078186, 1.408263087272644, 0.34267517924308777, 1.780800700187683, 1.5268718004226685, 1.0178472399711609, 3.2155086398124695, 1.2690143883228302, 2.208842694759369, 0.0, 0.7491863965988159, 0.8615185022354126, 2.813200891017914, 2.413315713405609, 0.0, 1.3980334997177124]
[3.461994558572769, 1.9279465973377228, 1.2079148888587952, 1.2735906541347504, 1.835572063922882, 0.0, 2.4418005645275116, 1.05082368850708, 2.8929634988307953, 4.887867450714111, 4.090691447257996, 1.665907546877861, 3.0397311449050903, 1.6902487874031067, 1.7692534923553467, 3.798222601413727, 3.0225329399108887, 2.15418016910553, 0.4776003956794739, 0.7378655076026917, 1.949940025806427]
[3.6944340467453003, 1.0843654870986938, 2.817338228225708, 0.0, 1.7689335644245148, 0.3003638982772827, 4.776431053876877, 0.35649752616882324, 1.100595772266388, 3.9784756898880005, 10.249889999628067, 2.1294785141944885, 2.86368964612484, 0.9192541241645813, 4.259452521800995, 2.63668355345726, 3.8343026638031006, 4.963190197944641, 0.7277792394161224, 0.9719985723495483, 2.3879485726356506]
[2.486992582678795, 2.7298710644245148, 5.690949857234955, 1.1556367874145508, 2.138871282339096, 1.4497580528259277, 0.6480686068534851, 2.2527649998664856, 1.0726543068885803, 1.3890153765678406, 1.592594861984253, 1.186817079782486, 7.391898274421692, 4.644098654389381, 6.311407178640366, 7.432066440582275, 3.5308752059936523, 4.118120908737183, 5.261030733585358, 0.0, 0.6122062802314758]
[1.5189718008041382, 2.9056754112243652, 0.0, 0.38228464126586914, 0.8606602847576141, 1.0765518546104431, 1.5842616558074951, 2.8062260150909424, 0.3870841860771179, 1.8179050087928772, 6.177955433726311, 2.253126382827759, 3.0451285243034363, 2.8029713332653046, 2.1448334455490112, 14.475137770175934, 5.1442179679870605, 1.6798160076141357, 2.2504173815250397, 2.6638247072696686, 1.6945788860321045]
[0.31638726592063904, 0.11947858333587646, 1.5754499733448029, 0.36281776428222656, 0.0, 2.3562615513801575, 4.567273557186127, 1.5613094568252563, 3.833217352628708, 3.1411825120449066, 0.6878128945827484, 2.1895081996917725, 1.103549063205719, 1.1447101831436157, 3.31783264875412, 0.0, 1.1889452636241913, 1.9463673382997513, 2.3527086675167084, 0.5526368021965027, 1.346566379070282]
[1.4042421877384186, 0.8434639573097229, 6.506174206733704, 1.9079027771949768, 7.653647236526012, 0.0, 0.0, 2.846526116132736, 5.122298061847687, 4.431666433811188, 8.422257423400879, 10.007620811462402, 3.6016440987586975, 3.7319060564041138, 0.20740622282028198, 0.5426671504974365, 7.165621757507324, 2.135505199432373, 3.1148438453674316, 1.483272835612297, 0.7820279598236084]
[0.2520471513271332, 1.9479190707206726, 0.31195068359375, 13.735945016145706, 0.0, 2.020897924900055, 4.988758862018585, 1.48984494805336, 0.10200151801109314, 4.444420203566551, 1.2362737357616425, 6.131462961435318, 5.571106195449829, 0.10333679616451263, 0.0, 0.0, 6.41997654736042, 4.427293077111244, 4.922324061393738, 5.681310057640076, 2.8249116092920303]
[1.656161591410637, 1.4423984289169312, 1.986281968653202, 1.4540351629257202, 2.213644325733185, 1.4088020324707031, 0.41167813539505005, 8.175997823476791, 5.305478245019913, 1.7960986196994781, 3.793488383293152, 1.7331314086914062, 3.560259833931923, 2.6767957359552383, 3.5591295957565308, 0.0, 0.5559122562408447, 0.4377213716506958, 1.886827290058136, 2.907837152481079, 1.6142022013664246]
[0.0, 5.91398186981678, 6.701191425323486, 1.7366675734519958, 6.871766358613968, 3.559029132127762, 0.9871411770582199, 0.628202348947525, 8.68709909915924, 1.7890922129154205, 2.764431446790695, 1.5747974067926407, 7.762586712837219, 3.303094446659088, 0.9194919764995575, 0.0, 0.0, 0.0, 3.475505769252777, 1.5219495296478271, 0.0]
[6.329801321029663, 1.8665077090263367, 4.155452489852905, 0.30760252475738525, 0.0, 1.9355179816484451, 0.0, 0.643515557050705, 0.3226834237575531, 1.6663664281368256, 4.849939256906509, 5.764930725097656, 1.3363021612167358, 2.0480931103229523, 2.6110689640045166, 0.6465740203857422, 0.9285058379173279, 0.0, 0.9198108315467834, 0.5211264491081238, 1.4455936551094055]
[0.26839303970336914, 0.8496739268302917, 0.8810559511184692, 3.104424834251404, 1.1396713256835938, 5.136436462402344, 1.9316215217113495, 1.892183929681778, 2.4681867957115173, 0.861389696598053, 11.876553535461426, 2.5961345434188843, 5.749357581138611, 0.7310151159763336, 3.8588536083698273, 1.7286533415317535, 3.9801917672157288, 7.99123752117157, 3.175877273082733, 0.0, 0.0]
[18.661294147372246, 2.1936624348163605, 0.0, 2.6744250059127808, 3.1253108754754066, 2.1936037838459015, 3.686463236808777, 0.36577409505844116, 1.1647858768701553, 1.0808924734592438, 1.4427950382232666, 0.9694862067699432, 2.4454333186149597, 2.60869699716568, 1.6108222007751465, 0.771229088306427, 2.2896907925605774, 4.7293002009391785, 0.0, 2.4973661303520203, 2.8388283252716064]
[1.5504774674773216, 1.343324363231659, 4.796121545135975, 2.837358132004738, 1.0197888612747192, 5.457808494567871, 0.7472131848335266, 3.854575902223587, 4.376375734806061, 3.5041950941085815, 2.196544647216797, 0.5913033485412598, 1.1796029806137085, 2.131564140319824, 15.235435217618942, 0.0, 0.5200885683298111, 2.323276698589325, 2.147258222103119, 0.0, 0.0]
[2.536364793777466, 0.33143046498298645, 2.693851739168167, 0.3401874005794525, 2.5641384422779083, 1.4537091255187988, 1.1387994289398193, 0.6267603039741516, 3.1263680458068848, 5.1323772966861725, 1.711264580488205, 2.0440524220466614, 3.472513496875763, 5.747718721628189, 0.0, 0.4723092317581177, 0.905252993106842, 1.4446818828582764, 0.5987848043441772, 1.6533476412296295, 1.7180881798267365]
[7.345004022121429, 3.0805017948150635, 1.966833233833313, 0.08364101499319077, 1.2476845383644104, 1.258760929107666, 1.6493311524391174, 5.886609300971031, 0.3888092339038849, 5.728753909468651, 4.328454673290253, 2.0069177597761154, 0.7917978763580322, 2.450926721096039, 1.781078577041626, 4.047155737876892, 0.6961272954940796, 0.4736291766166687, 0.8875076770782471, 2.75353467464447, 0.0]
