[0.0, 0.12837925568332317, 0.138556666646406, 0.07984702294556051, 0.0, 0.14048723920435366, 0.0, 0.017959916889386616, 0.15048082694143053, 0.038394384611285595, 0.0, 0.028251557491623044, 0.03237688584583662, 0.08107064355555933, 0.06624790821239293, 0.024342839574375108, 0.06503367480565643, 0.06190718907783579, 0.06779804873803308, 0.0, 0.13370693863825983]
[0.10345732569526071, 0.07301628419599077, 0.06111511456776213, 0.025845165980861125, 0.06896294816927616, 0.011363636363636364, 0.06357885669643147, 0.10334693845313987, 0.3512007334204343, 0.23859700400587877, 0.11347046622554129, 0.0, 0.3599782296524627, 0.1731591314684832, 0.11139618884502069, 0.3889455691150731, 0.015254484069256058, 0.04748887571682752, 0.24488330376468956, 0.0, 0.0]
[0.011592722441648783, 0.2044553650651221, 0.08784782098863175, 0.09695093581445982, 0.05802612314314534, 0.011363636363636364, 0.10073231934890924, 0.0, 0.07467503080786914, 0.0821034903076004, 0.03710827797659652, 0.21252067052149143, 0.34711864844843643, 0.0636239158798145, 0.06743394142102549, 0.0535487650861979, 0.1612172811686498, 0.06096405918259643, 0.0, 0.05642012372859775, 0.0]
[0.06841527780327562, 0.12644207008297897, 0.5086467574256031, 0.07207165949378197, 0.05878943158656679, 0.037220170841348245, 0.08797253241941948, 0.058826869223662814, 0.0, 0.0, 0.37278998420728676, 0.0, 0.033310396203346394, 0.0608011598983412, 0.06451314299178029, 0.0486805556791398, 0.12878006853810162, 0.1702058059318944, 0.6554452121894165, 0.08207502252587193, 0.021421561380308752]
[0.03490828447486404, 0.0, 0.1374554468070183, 0.01980101503612037, 0.03688082161063782, 0.013661816747729249, 0.012040591048785349, 0.06920990903813339, 0.005118512184579671, 1.1862972833658898, 0.268806604383548, 0.07243294212663648, 0.05066909703123809, 0.11473142976184614, 0.04400992247907382, 0.09948299675667108, 0.02973290919876751, 0.011333894482691531, 0.17444666864688788, 0.0, 0.06815155180048567]
[0.0163719500466148, 0.017384761083426924, 0.012172311356906784, 0.0, 0.1875800423583989, 0.05859465080066918, 0.08472458219395053, 0.011363636363636364, 0.07375805569850087, 0.06743069699627968, 0.05660236066493471, 0.287468034222664, 0.04803573239180349, 0.09419533846149955, 0.0, 0.03787898476865605, 0.038841871167357114, 0.11913614702251621, 0.09179656671163948, 0.0, 0.060173197018083296]
[0.1876816335738649, 0.09610732650499534, 0.03916957866235546, 0.08797494054788023, 0.0749056128565939, 0.0, 0.08349376715102545, 0.07475700000315398, 0.1783081178237196, 0.36787487285610837, 0.25565629309053783, 0.0500099365354526, 0.2293543274434329, 0.07498671293257825, 0.08206994665237963, 0.4196432535366075, 0.10655380781914636, 0.09154612161566082, 0.01571455225544673, 0.024023877519928905, 0.06698617361533445]
[0.23187251392531302, 0.14719796169644755, 0.1401482865323221, 0.0, 0.1056437194345308, 0.011363636363636364, 0.5439382651955529, 0.023088473331468306, 0.03442324100146281, 0.20708380912277222, 0.48212993223277745, 0.10899507470076518, 0.11746877750702116, 0.03102449677806994, 0.2149015618973245, 0.08615187946201876, 0.11920184292586666, 0.18211895016362367, 0.024643816082868596, 0.020670390509114758, 0.12652942570381]
[0.09431172103421191, 0.13621502645406167, 0.2323959004525277, 0.04303242365179551, 0.09084045814563016, 0.0877483663362732, 0.08797253241941948, 0.1459541465486752, 0.03548420268911983, 0.04910112987678003, 0.19661554726799677, 0.041389075207754845, 0.3766084369341702, 0.19792263324618797, 0.36247374405306865, 0.34985445965742895, 0.11617687806374057, 0.11511233163142245, 0.12708898554704606, 0.0, 0.036899994723910534]
[0.17478452593967428, 0.07772270370198751, 0.0, 0.02475856940650165, 0.07753925084817181, 0.10427388600335714, 0.06162049177230406, 0.07669590417089818, 0.023714580796215468, 0.0744628177810365, 0.2671382340493692, 0.12367063091143908, 0.39501533570532155, 0.1483228963381469, 0.11499548272964362, 0.6052648093307107, 0.2172759832282191, 0.09129424759325677, 0.15666990713784218, 0.1080960544671774, 0.11684828120218556]
[0.051146779735332035, 0.011774049646101795, 0.12558206640590033, 0.011363636363636364, 0.0, 0.15405925048831004, 0.21854582058599245, 0.07423942835574825, 0.20570689660540467, 0.10752816244309825, 0.022727272727272728, 0.08862556425101793, 0.03410092742470144, 0.04926982893672809, 0.15875185814248363, 0.0, 0.03844651853886522, 0.059706937574264575, 0.10933168985814756, 0.011363636363636364, 0.06821038742300421]
[0.06068776786936778, 0.03970492317100312, 0.3698785164681082, 0.08319068551558569, 0.26190535566462586, 0.0, 0.0, 0.16534085197707318, 0.4797854483043988, 0.3047543756688731, 0.2579283602053818, 0.3509582060418502, 0.13233786086930022, 0.1287504683830761, 0.014972689345517775, 0.016413117046498345, 0.26557909325431517, 0.03720061721167869, 0.12443781156296307, 0.08383323908712756, 0.023427323784287208]
[0.011363636363636364, 0.07103809354037177, 0.02042630507490683, 0.9213686934527573, 0.0, 0.0725795767128008, 0.169521963424703, 0.10673905989941733, 0.011363636363636364, 0.1606971820472757, 0.05808929953313988, 0.23172745293817207, 0.33242739075631733, 0.01151239508483615, 0.0, 0.0, 0.2249982739542268, 0.1792060254667691, 0.22089259206047487, 0.4746880962366928, 0.12292629737072883]
[0.04246593306802349, 0.03875644449971408, 0.09650308941417478, 0.10628317628908465, 0.18378947341671814, 0.02995939396373079, 0.022606092672865553, 0.3530333349878596, 0.19767204879056965, 0.06598911085678259, 0.2103470293925839, 0.10228276480498137, 0.12044469574988129, 0.257953843444524, 0.10856980174453547, 0.0, 0.01672252388091075, 0.01620736844586353, 0.07331724577216657, 0.11996333925739275, 0.07930634825163728]
[0.0, 0.32343694239859494, 0.2659775982647866, 0.04763082030712724, 0.2690897127692924, 0.21324832749150666, 0.027175493946816683, 0.022727272727272728, 0.51411595851822, 0.0927198065083082, 0.1786436362053542, 0.07527808376989766, 0.25811126641340815, 0.2771520166084535, 0.04129823851884535, 0.0, 0.0, 0.0, 0.1370097421862781, 0.11276450371590481, 0.0]
[0.22564326101454107, 0.10879283098725953, 0.16608305254143274, 0.012728255725672178, 0.0, 0.12867394768447002, 0.0, 0.047685758061639924, 0.02322893597473005, 0.07369144210111402, 0.24489440231440288, 0.18726133990637425, 0.0754732401601179, 0.08413852445782626, 0.13860041399816656, 0.025148755546354293, 0.05283193478899788, 0.0, 0.02201284606302624, 0.026348237124867245, 0.035904486070045566]
[0.013569995276330793, 0.05513001318394729, 0.026393919526331466, 0.23344815963564816, 0.04627908022331704, 0.18330194130994923, 0.07892705279439437, 0.08422882609097478, 0.27656816930729394, 0.048014503477390974, 0.8548498891226505, 0.1013675031206903, 0.19552118185148543, 0.031118390496095195, 0.11901527670682353, 0.050084426917777994, 0.14014446113470092, 0.35461843333303167, 0.19198602879947071, 0.0, 0.0]
[0.7058931719859011, 0.050489922692734265, 0.0, 0.22925098790714393, 0.07833977239892241, 0.06691059194139606, 0.15904205147767667, 0.03604530815677043, 0.12040664728170179, 0.067075519221878, 0.06371764481028297, 0.05876467854739591, 0.10764913574655509, 0.09998146858089976, 0.07175026235675962, 0.051018117576130284, 0.07676233713534261, 0.12961539412626139, 0.0, 0.15819390131216832, 0.11267619321967648]
[0.06817717197641845, 0.061617422714339606, 0.26991572012694315, 0.16188379424645472, 0.032884197060709566, 0.3690945262794511, 0.037779218864280255, 0.2259959114003852, 0.16313962270618407, 0.16942778794228477, 0.09089061282797718, 0.018796397739453866, 0.06197390201688597, 0.09081291241831478, 0.6459879905052622, 0.0, 0.03160227621551775, 0.08944603616400405, 0.08751888059728051, 0.0, 0.0]
[0.09671617460213165, 0.013714229806498383, 0.12376191308747744, 0.014076582214798588, 0.10043401134065912, 0.10494350091895516, 0.03747007602262923, 0.05020153934687485, 0.1436589652577363, 0.17252841891947657, 0.18797351488862893, 0.06862842382789859, 0.11742944609908261, 0.30839324952097463, 0.0, 0.020858424843795707, 0.03087683630124361, 0.06409127803817553, 0.023683454707142323, 0.13184822849954728, 0.1119112227044332]
[0.3675406639323698, 0.0847436124014301, 0.0418264102089846, 0.011363636363636364, 0.024207545038638787, 0.06364315513136745, 0.15830759863771357, 0.2480431022423345, 0.025458947344395817, 0.2342479905595767, 0.1868659730389767, 0.18917271813996686, 0.03297755908284751, 0.06788434176056422, 0.09637487911591042, 0.1410199011648733, 0.09449629317523914, 0.014129756653373996, 0.01914671033052287, 0.054274882451795986, 0.0]
