[0.0, 0.04593743654814634, 0.012384384193203667, 0.013891538774425333, 0.0, 0.021865967322479595, 0.0, 0.009281164543195204, 0.03791079670190811, 0.0076698037711056795, 0.0, 0.010099396786906504, 0.011158035390756348, 0.027193448421629993, 0.016036502000960438, 0.006685125556859103, 0.012283722108060663, 0.010535924949429253, 0.014411289583552967, 0.0, 0.02312850986014713]
[0.022991985082626343, 0.015077363361011852, 0.009344043379480188, 0.007550894536755302, 0.016799986362457275, 0.00226501849564639, 0.022728237238797275, 0.05291950499469584, 0.09254940260540355, 0.06294826214963739, 0.01719395172866908, 0.0, 0.05818648500875993, 0.02429015917534178, 0.013340040702711452, 0.032559673894535415, 0.0036861649291081862, 0.01602003655650399, 0.06213906847617843, 0.0, 0.0]
[0.004397464746778662, 0.032220965420657936, 0.01958353411067616, 0.02593403182585131, 0.016207618130878967, 7.987950335849415E-4, 0.020726086402481254, 0.0, 0.022799721495671707, 0.00988796895200556, 0.009364484386010603, 0.030228449539704758, 0.16832757131619888, 0.01928072761405598, 0.012539746070450003, 0.013228816064921293, 0.028721698305823586, 0.019122535193508323, 0.0, 0.021645018322901294, 0.0]
[0.018062793395736, 0.034725376150824806, 0.1037279756909067, 0.010900336571715095, 0.009380405768752098, 0.00938123803247105, 0.007364415986971422, 0.01766946776346727, 0.0, 0.0, 0.05737503550269387, 0.0, 0.0337149053812027, 0.020726959813724865, 0.01200705428015102, 0.004965490576895801, 0.023533149199052292, 0.05456634018231522, 0.09739185886626894, 0.021979470483281395, 0.009059615433216095]
[0.011281069198792631, 0.0, 0.028562148863619026, 0.0040298615666953, 0.010626488788561388, 0.0037631135095249524, 0.022953721609982578, 0.007980862124399706, 0.001949686726385897, 0.22294258326292038, 0.046128446236252785, 0.02463409575549039, 0.015101394192738968, 0.03000644391233271, 0.010877686806700447, 0.016163486648689617, 0.00811242244460366, 0.004317181015556509, 0.11379691687497226, 0.0, 0.010727908123623241]
[0.011326932771639391, 0.003907307643782009, 0.003183502365242351, 0.0, 0.04138362746347081, 0.012627835978161205, 0.01600298962809823, 0.003894036127762361, 0.020236371593041855, 0.01735081591389396, 0.011566445908763193, 0.036539870906959884, 0.014420618049123072, 0.0251004851677201, 0.0, 0.008513481779532, 0.00978998297994787, 0.031968191943385384, 0.027424042197791012, 0.0, 0.015886744314974006]
[0.03934084725650874, 0.02190848406065594, 0.013726305555213581, 0.014472621069713074, 0.020858773453669117, 0.0, 0.027747733687812633, 0.011941178278489546, 0.03287458521398631, 0.05554394830356945, 0.046485130082477226, 0.018930767578157513, 0.034542399373921485, 0.019207372584126213, 0.02010515332221985, 0.043161620470610534, 0.0343469652262601, 0.02447932010347193, 0.005427277223630385, 0.00838483531366695, 0.022158409384163944]
[0.04198220507665114, 0.012322335080666975, 0.0320152071389285, 0.0, 0.020101517777551304, 0.0034132261167873035, 0.054277625612237236, 0.004051108251918446, 0.012506770139390772, 0.04520995102145455, 0.11647602272304622, 0.024198619479482826, 0.03254192779687318, 0.010446069592779333, 0.048402869565920395, 0.029962313107468865, 0.04357162117958069, 0.056399888613007286, 0.008270218629728664, 0.01104543832215396, 0.02713577923449603]
[0.02826127934862267, 0.031021262095733124, 0.0646698847413063, 0.013132236220619896, 0.02430535548112609, 0.01647452332756736, 0.007364415986971422, 0.025599602271210064, 0.012189253487370232, 0.015784265642816372, 0.018097668886184692, 0.013486557724800978, 0.08399884402751923, 0.05277384834533388, 0.07172053612091325, 0.08445530046116222, 0.040123581886291504, 0.046796828508377075, 0.059784440154379066, 0.0, 0.006956889548084952]
[0.017261043190956116, 0.03301903876391324, 0.0, 0.004344143650748513, 0.009780230508609251, 0.0122335438023914, 0.01800297336144881, 0.0318889319896698, 0.004398683932694522, 0.020658011463555424, 0.07020403901961716, 0.025603708895769985, 0.03460373323072087, 0.03185194696892392, 0.024373107335784218, 0.16449020193381744, 0.058457022363489326, 0.019088818268342453, 0.02557292479005727, 0.0302707353098826, 0.019256578250364826]
[0.0035953098400072618, 0.0013577111742713234, 0.01790284060619094, 0.004122929139570757, 0.0, 0.02677569944750179, 0.051900835877115074, 0.017742152918468822, 0.0435592880980535, 0.03569525581869212, 0.007816055620258505, 0.024880774996497414, 0.012540330263701353, 0.013008070262995634, 0.03770264373584227, 0.0, 0.013510741632093082, 0.022117810662497173, 0.026735325767235325, 0.0062799636613238945, 0.015301890671253204]
[0.015957297587936577, 0.009584817696701397, 0.07393379780379208, 0.021680713377215645, 0.08697326405143196, 0.0, 0.0, 0.032346887683326546, 0.058207932520996444, 0.050359845838763496, 0.09570747072046454, 0.11372296376661821, 0.040927773849530655, 0.04240802336822857, 0.002356888895685023, 0.006166672164743597, 0.08142751997167415, 0.024267104539004238, 0.03539595278826627, 0.01685537313195792, 0.008886681361631914]
[0.002864172174171968, 0.02213544398546219, 0.003544894131747159, 0.15609028427438304, 0.0, 0.022964749146591534, 0.05669044161384756, 0.01693005622787909, 0.0011591081592169676, 0.05050477504052899, 0.014048565179109573, 0.0696757154708559, 0.06330802494829352, 0.0011742817745967345, 0.0, 0.0, 0.0729542789472775, 0.050310148603536865, 0.05593550069765611, 0.06456034156409177, 0.03210126828740944]
[0.018820018084211784, 0.016390891237692398, 0.022571386007422752, 0.01652312685142864, 0.025155049156058918, 0.0160091140053489, 0.004678160629489205, 0.09290906617587263, 0.06028952551158992, 0.020410211587494072, 0.04310782253742218, 0.01969467509876598, 0.04045749811286276, 0.03041813336312771, 0.04044465449723331, 0.0, 0.0063171847300096, 0.004974106496030634, 0.021441219205206093, 0.03304360400546681, 0.01834320683370937]
[0.0, 0.06720433942973614, 0.07614990256049417, 0.019734858789227226, 0.07808825407515872, 0.0404435128650882, 0.01121751337566159, 0.007138663056221875, 0.09871703521771864, 0.020330593328584324, 0.031413993713530625, 0.0178954250771891, 0.08821121264587749, 0.03753516416658055, 0.010448772460222244, 0.0, 0.0, 0.0, 0.039494383741508834, 0.017294881018725308, 0.0]
[0.07192956046624617, 0.021210314875299282, 0.04722105102105574, 0.003495483235879378, 0.0, 0.02199452251873233, 0.0, 0.007312676784667102, 0.0036668570881540127, 0.018935982137918472, 0.055112946101210335, 0.06551057642156427, 0.015185251832008362, 0.023273785344579002, 0.029671238227324054, 0.007347432049837979, 0.010551202703605999, 0.0, 0.01045239581303163, 0.005921891467137771, 0.016427200626243244]
[0.0030499209057201038, 0.009655385532162407, 0.010011999444528059, 0.03527755493467504, 0.012950810519131748, 0.058368596163663, 0.0219502445649017, 0.021502090110020206, 0.028047577223994515, 0.009788519279523329, 0.13496083563024347, 0.029501528902487324, 0.06533360887657512, 0.008306989954276518, 0.04385060918602077, 0.019643787971951744, 0.045229451900178734, 0.09080951728604057, 0.03608951446684924, 0.0, 0.0]
[0.2120601607655937, 0.024927982213822277, 0.0, 0.030391193249008873, 0.03551489631222053, 0.02492731572552161, 0.04189162769100883, 0.004156523807482286, 0.013236203146251766, 0.012282869016582315, 0.01639539816162803, 0.01101688871329481, 0.027789014984260906, 0.02964428405870091, 0.01830479773608121, 0.008763966912573034, 0.026019213551824745, 0.05374204773794521, 0.0, 0.02837916057218205, 0.032259412787177345]
[0.01761906213042411, 0.015265049582177942, 0.054501381194726986, 0.032242706045508385, 0.011588509787212719, 0.0620205510746349, 0.008491058918562803, 0.043801998888904396, 0.049731542440977966, 0.03982039879668843, 0.0249607346274636, 0.006719356233423407, 0.013404579325155779, 0.02422231977636164, 0.17312994565476073, 0.0, 0.005910097367384217, 0.026400871574878693, 0.02440066161480817, 0.0, 0.0]
[0.02882232720201666, 0.0037662552838975735, 0.030611951581456444, 0.0038657659156755967, 0.029137936844067142, 0.016519421880895443, 0.012940902601588856, 0.00712227618152445, 0.03552690961144187, 0.05832246928052469, 0.019446188414638695, 0.023227868432348427, 0.03946038064631549, 0.06531498547304761, 0.0, 0.005367150360887701, 0.010286965830759569, 0.01641683957793496, 0.006804372776638378, 0.018788041377609428, 0.019523729316212914]
[0.08346595479683443, 0.03500570221380754, 0.02235037765719674, 9.504660794680769E-4, 0.014178233390504663, 0.014304101467132568, 0.018742399459535427, 0.06689328751103445, 0.004418286748907783, 0.06509947624396194, 0.049186984923752876, 0.022805883633819492, 0.008997703140432184, 0.027851440012454987, 0.02023952928456393, 0.04599040611223741, 0.00791053744879636, 0.005382149734280326, 0.010085314512252808, 0.031290166757323525, 0.0]
