[0.19560393691062927, 0.0, 0.24737052619457245, 0.0, 0.0, 0.0, 0.0, 0.0, 0.0, 0.0, 0.0, 0.0, 0.6832277774810791, 0.0, 0.21216531097888947, 0.0, 0.0, 0.46082603931427, 1.1582038402557373, 2.67190945148468, 0.0]
[0.0, 0.0, 0.0, 0.0, 0.0, 0.38037052750587463, 0.0, 0.0, 0.0, 0.3993554413318634, 0.5748863220214844, 0.0, 0.0, 0.0, 0.0, 0.0, 0.3426553010940552, 0.9747969508171082, 0.0, 0.0, 0.0]
[0.0, 0.40228867530822754, 2.2790279388427734, 0.0, 0.7991563677787781, 0.0, 0.0, 0.0, 0.0, 0.9377010464668274, 0.0, 0.0, 0.0, 0.0, 0.0, 0.0, 0.0, 0.0, 0.0, 0.0, 0.0]
[1.6087875366210938, 0.344345360994339, 0.0, 0.5505655407905579, 1.3952063620090485, 0.0, 0.0, 0.3434278964996338, 0.0, 0.8026400804519653, 0.0, 0.0, 0.0, 0.7286340594291687, 0.0, 0.0, 0.6886848211288452, 1.404786467552185, 0.5404472351074219, 0.0, 0.0]
[0.0, 0.0, 0.0, 0.4329403340816498, 0.0, 0.0, 0.0, 0.0, 0.6862462759017944, 0.0, 0.0, 0.0, 0.0, 0.6208564043045044, 0.0, 0.0, 0.0, 0.0, 0.0, 0.0, 0.0]
[3.2099661827087402, 0.3315548598766327, 0.0, 0.0, 0.0, 1.321966528892517, 0.0, 0.0, 0.0, 0.0, 1.0182136297225952, 0.0, 0.0, 0.0, 0.0, 0.0, 0.0, 0.0, 0.0, 0.0, 0.0]
[0.0, 0.1978883296251297, 0.0, 0.0, 0.0, 0.0, 0.0, 0.0, 0.0, 0.0, 0.0, 0.31783971190452576, 0.6536427140235901, 0.0, 0.0, 0.0, 0.0, 0.0, 0.0, 0.0, 0.0]
[0.6187258958816528, 0.0, 0.0, 0.0, 0.865394651889801, 1.1488749980926514, 0.5902953147888184, 0.0, 0.25765082240104675, 0.0, 0.5369633436203003, 1.4391997456550598, 0.0, 0.0, 0.0, 1.331893801689148, 0.12150772660970688, 0.0, 0.0, 0.0, 0.0]
[0.0, 0.0, 0.0, 1.6064453721046448, 1.0904271602630615, 0.0, 0.0, 4.312544167041779, 0.0, 0.0, 0.0, 0.2295328974723816, 0.0, 0.0, 0.0, 1.1201274394989014, 0.0, 1.681662917137146, 0.0, 1.799729824066162, 0.0]
[0.0, 0.0, 0.0, 0.2387198805809021, 0.0, 0.0, 1.1384960412979126, 0.6238741874694824, 2.3304105401039124, 0.0, 1.035635232925415, 0.0, 0.8347069025039673, 0.4412144124507904, 0.6486051678657532, 0.0, 0.2514653205871582, 0.7043898105621338, 0.0, 0.0, 1.3279051780700684]
[0.0, 0.0, 0.47385117411613464, 0.0, 0.0, 0.7932133078575134, 1.3179222345352173, 0.7818347811698914, 0.0, 0.0, 0.7424716949462891, 0.6093509793281555, 0.5999956727027893, 0.0, 0.0, 0.0, 0.0, 0.0, 0.0, 0.0, 0.0]
[0.5395054221153259, 0.0, 0.0, 0.0, 0.0, 0.5706266760826111, 0.0, 0.0, 0.0, 0.0, 0.0, 0.4383586347103119, 0.0, 0.0, 0.0, 0.0, 0.0, 0.0, 0.35604971647262573, 0.0, 0.0]
[1.6566779613494873, 0.5752195566892624, 0.0, 0.6785035729408264, 0.3075370192527771, 0.2571537494659424, 0.0, 0.5177275538444519, 0.0, 0.0, 0.8419678211212158, 0.19754695892333984, 1.526894211769104, 0.9644675850868225, 1.706531047821045, 0.0, 0.1961163729429245, 0.0, 0.0, 0.7758063077926636, 0.0]
[0.0, 0.9947153925895691, 0.0, 0.0, 0.0, 0.0, 0.0, 0.0, 0.0, 0.0, 0.0, 0.0, 0.0, 0.0, 0.0, 0.0, 0.0, 0.0, 0.0, 0.0, 0.0]
[0.0, 0.41200777888298035, 0.0, 0.36988162994384766, 0.0, 0.0, 0.0, 0.0, 1.0999891757965088, 0.0, 0.0, 0.0, 0.4945931136608124, 1.7766696214675903, 0.0, 0.0, 0.0, 2.7623833417892456, 0.0, 0.0, 0.0]
[1.249206304550171, 0.0, 0.0, 0.0, 2.205479234457016, 0.0, 0.0, 0.0, 0.0, 0.0, 0.0, 1.8446682691574097, 0.0, 0.0, 0.7400256395339966, 0.0, 0.28411865234375, 0.0, 0.0, 0.0, 0.0]
[1.3184229880571365, 0.8626255989074707, 0.2684534192085266, 0.0, 0.15364159643650055, 0.0, 0.0, 0.14764566719532013, 0.0, 0.0, 1.3798822164535522, 0.0, 0.0, 0.3132525682449341, 0.23024772107601166, 0.8659766912460327, 0.0, 0.5001013278961182, 0.0, 0.0, 0.0]
[0.0, 0.0, 0.0, 1.7573853135108948, 0.0, 0.0, 0.0, 1.0227813720703125, 0.0, 0.0, 0.0, 0.2869437336921692, 0.0, 0.0, 0.0, 0.0, 0.0, 0.0, 0.2330653965473175, 0.6787556409835815, 0.0]
[0.5879509449005127, 1.2515847980976105, 0.0, 0.29450470209121704, 0.0, 0.0, 0.0, 0.25655436515808105, 0.0, 0.0, 0.0, 0.518704354763031, 0.8276586532592773, 0.0, 0.0, 0.0, 0.0, 0.8689938187599182, 0.4213092029094696, 0.0, 0.0]
[0.33783698081970215, 0.32756197452545166, 0.0, 0.5789670944213867, 0.0, 0.0, 0.0, 0.0, 0.0, 0.0, 0.0, 0.0, 0.0, 0.0, 0.36644092202186584, 0.0, 0.9424195885658264, 0.0, 0.0, 0.0, 0.0]
[0.0, 0.0, 0.0, 0.0, 0.0, 0.0, 0.0, 0.24101649224758148, 0.0, 0.0, 0.0, 0.6660379767417908, 0.9052273035049438, 0.5113528370857239, 0.0, 0.0, 0.0, 0.0, 0.0, 0.0, 0.0]
