[0.039120787382125856, 0.0, 0.04947410523891449, 0.0, 0.0, 0.0, 0.0, 0.0, 0.0, 0.0, 0.0, 0.0, 0.13664555549621582, 0.0, 0.042433062195777894, 0.0, 0.0, 0.09216520786285401, 0.23164076805114747, 0.5343818902969361, 0.0]
[0.0, 0.0, 0.0, 0.0, 0.0, 0.07607410550117494, 0.0, 0.0, 0.0, 0.07987108826637268, 0.11497726440429688, 0.0, 0.0, 0.0, 0.0, 0.0, 0.06853106021881104, 0.19495939016342165, 0.0, 0.0, 0.0]
[0.0, 0.08045773506164551, 0.45580558776855473, 0.0, 0.15983127355575563, 0.0, 0.0, 0.0, 0.0, 0.18754020929336548, 0.0, 0.0, 0.0, 0.0, 0.0, 0.0, 0.0, 0.0, 0.0, 0.0, 0.0]
[0.32175750732421876, 0.0688690721988678, 0.0, 0.11011310815811158, 0.2790412724018097, 0.0, 0.0, 0.06868557929992676, 0.0, 0.16052801609039308, 0.0, 0.0, 0.0, 0.14572681188583375, 0.0, 0.0, 0.13773696422576906, 0.280957293510437, 0.10808944702148438, 0.0, 0.0]
[0.0, 0.0, 0.0, 0.08658806681632997, 0.0, 0.0, 0.0, 0.0, 0.13724925518035888, 0.0, 0.0, 0.0, 0.0, 0.12417128086090089, 0.0, 0.0, 0.0, 0.0, 0.0, 0.0, 0.0]
[0.6419932365417481, 0.06631097197532654, 0.0, 0.0, 0.0, 0.26439330577850345, 0.0, 0.0, 0.0, 0.0, 0.20364272594451904, 0.0, 0.0, 0.0, 0.0, 0.0, 0.0, 0.0, 0.0, 0.0, 0.0]
[0.0, 0.03957766592502594, 0.0, 0.0, 0.0, 0.0, 0.0, 0.0, 0.0, 0.0, 0.0, 0.06356794238090516, 0.13072854280471802, 0.0, 0.0, 0.0, 0.0, 0.0, 0.0, 0.0, 0.0]
[0.12374517917633057, 0.0, 0.0, 0.0, 0.1730789303779602, 0.2297749996185303, 0.11805906295776368, 0.0, 0.051530164480209355, 0.0, 0.10739266872406006, 0.28783994913101196, 0.0, 0.0, 0.0, 0.2663787603378296, 0.024301545321941377, 0.0, 0.0, 0.0, 0.0]
[0.0, 0.0, 0.0, 0.32128907442092897, 0.21808543205261233, 0.0, 0.0, 0.8625088334083557, 0.0, 0.0, 0.0, 0.045906579494476324, 0.0, 0.0, 0.0, 0.22402548789978027, 0.0, 0.3363325834274292, 0.0, 0.35994596481323243, 0.0]
[0.0, 0.0, 0.0, 0.04774397611618042, 0.0, 0.0, 0.22769920825958254, 0.12477483749389649, 0.4660821080207825, 0.0, 0.20712704658508302, 0.0, 0.16694138050079346, 0.08824288249015809, 0.12972103357315065, 0.0, 0.050293064117431646, 0.14087796211242676, 0.0, 0.0, 0.2655810356140137]
[0.0, 0.0, 0.09477023482322694, 0.0, 0.0, 0.1586426615715027, 0.26358444690704347, 0.15636695623397828, 0.0, 0.0, 0.14849433898925782, 0.12187019586563111, 0.11999913454055787, 0.0, 0.0, 0.0, 0.0, 0.0, 0.0, 0.0, 0.0]
[0.10790108442306519, 0.0, 0.0, 0.0, 0.0, 0.11412533521652223, 0.0, 0.0, 0.0, 0.0, 0.0, 0.08767172694206238, 0.0, 0.0, 0.0, 0.0, 0.0, 0.0, 0.07120994329452515, 0.0, 0.0]
[0.3313355922698975, 0.11504391133785248, 0.0, 0.1357007145881653, 0.06150740385055542, 0.05143074989318848, 0.0, 0.10354551076889039, 0.0, 0.0, 0.16839356422424318, 0.039509391784667974, 0.30537884235382085, 0.1928935170173645, 0.341306209564209, 0.0, 0.039223274588584905, 0.0, 0.0, 0.15516126155853271, 0.0]
[0.0, 0.19894307851791382, 0.0, 0.0, 0.0, 0.0, 0.0, 0.0, 0.0, 0.0, 0.0, 0.0, 0.0, 0.0, 0.0, 0.0, 0.0, 0.0, 0.0, 0.0, 0.0]
[0.0, 0.08240155577659608, 0.0, 0.07397632598876953, 0.0, 0.0, 0.0, 0.0, 0.21999783515930177, 0.0, 0.0, 0.0, 0.09891862273216248, 0.35533392429351807, 0.0, 0.0, 0.0, 0.5524766683578491, 0.0, 0.0, 0.0]
[0.2498412609100342, 0.0, 0.0, 0.0, 0.44109584689140324, 0.0, 0.0, 0.0, 0.0, 0.0, 0.0, 0.36893365383148197, 0.0, 0.0, 0.14800512790679932, 0.0, 0.05682373046875, 0.0, 0.0, 0.0, 0.0]
[0.2636845976114273, 0.17252511978149415, 0.053690683841705326, 0.0, 0.03072831928730011, 0.0, 0.0, 0.029529133439064027, 0.0, 0.0, 0.27597644329071047, 0.0, 0.0, 0.06265051364898681, 0.04604954421520233, 0.17319533824920655, 0.0, 0.10002026557922364, 0.0, 0.0, 0.0]
[0.0, 0.0, 0.0, 0.351477062702179, 0.0, 0.0, 0.0, 0.20455627441406252, 0.0, 0.0, 0.0, 0.05738874673843384, 0.0, 0.0, 0.0, 0.0, 0.0, 0.0, 0.046613079309463505, 0.1357511281967163, 0.0]
[0.11759018898010254, 0.2503169596195221, 0.0, 0.05890094041824341, 0.0, 0.0, 0.0, 0.051310873031616216, 0.0, 0.0, 0.0, 0.1037408709526062, 0.16553173065185547, 0.0, 0.0, 0.0, 0.0, 0.17379876375198366, 0.08426184058189393, 0.0, 0.0]
[0.06756739616394043, 0.06551239490509034, 0.0, 0.11579341888427735, 0.0, 0.0, 0.0, 0.0, 0.0, 0.0, 0.0, 0.0, 0.0, 0.0, 0.07328818440437317, 0.0, 0.1884839177131653, 0.0, 0.0, 0.0, 0.0]
[0.0, 0.0, 0.0, 0.0, 0.0, 0.0, 0.0, 0.0482032984495163, 0.0, 0.0, 0.0, 0.13320759534835816, 0.1810454607009888, 0.10227056741714478, 0.0, 0.0, 0.0, 0.0, 0.0, 0.0, 0.0]
