[0.0, 0.0, 0.0, 0.0, 0.0, 0.0, 0.0, 0.3029962480068207, 0.0, 0.44446173310279846, 0.0, 0.0, 0.0, 0.0, 0.0, 0.0, 0.0, 0.0, 0.0, 0.0, 0.0]
[0.0, 0.0, 0.0, 0.0, 0.0, 0.5048398971557617, 0.0, 0.0, 0.0, 0.6153625845909119, 0.0, 0.0, 0.0, 0.5626267194747925, 0.0, 0.0, 0.0, 0.0, 0.0, 0.0, 0.0]
[0.0, 0.0, 0.0, 0.0, 0.4055386483669281, 0.5829370617866516, 0.0, 0.0, 0.0, 0.3552786409854889, 0.0, 0.0, 0.0, 0.3703940808773041, 0.0, 0.0, 0.0, 0.0, 0.0, 0.0, 0.0]
[0.5006959438323975, 0.7450886964797974, 0.0, 0.0, 0.0, 0.0, 0.0, 0.0, 0.0, 0.0, 0.5426475405693054, 0.0, 0.0, 0.0, 0.0, 0.0, 0.0, 0.0, 0.0, 0.0, 0.0]
[0.0, 0.0, 0.0, 0.0, 0.0, 0.0, 0.6854237914085388, 0.0, 0.0, 0.0, 0.0, 0.0, 0.5620988607406616, 0.7176395058631897, 0.0, 0.0, 0.0, 0.0, 0.0, 0.0, 0.0]
[0.40343528985977173, 0.3600650727748871, 0.0, 0.7116679549217224, 0.0, 0.0, 0.4169797897338867, 0.0, 0.0, 0.2579728960990906, 0.2681269347667694, 0.0, 0.0, 0.0, 0.0, 0.40343528985977173, 0.3600650727748871, 0.3601701855659485, 0.28227531909942627, 0.0, 0.0]
[0.0, 0.0, 0.0, 0.0, 0.0, 0.0, 0.0, 0.0, 0.0, 0.0, 0.0, 0.0, 0.0, 0.43357381224632263, 0.0, 0.0, 0.0, 0.0, 0.0, 1.7169697284698486, 0.0]
[0.0, 0.0, 0.5965193510055542, 0.0, 0.0, 0.0, 0.7025569081306458, 0.4012101888656616, 0.0, 0.0, 0.0, 0.0, 0.0, 1.012882947921753, 0.0, 0.0, 0.0, 0.0, 0.0, 0.0, 0.0]
[0.0, 0.0, 0.3308989405632019, 0.0, 0.32426655292510986, 0.0, 0.0, 0.32307788729667664, 0.0, 0.0, 0.5905210375785828, 0.5541065335273743, 1.523996353149414, 0.0, 0.3011707663536072, 0.0, 1.5371748208999634, 0.7275171875953674, 0.0, 0.0, 0.0]
[0.0, 0.34109869599342346, 0.4132319688796997, 0.0, 0.5579127073287964, 1.2715175449848175, 0.0, 0.0, 0.6569766998291016, 0.652082085609436, 0.2540033757686615, 0.0, 0.39912086725234985, 0.2547816038131714, 0.0, 0.0, 0.34109869599342346, 0.34119826555252075, 0.0, 0.0, 0.46955201029777527]
[0.0, 1.077008455991745, 0.7290659844875336, 0.8380513191223145, 0.2914161682128906, 0.0, 0.9210857450962067, 0.7331156730651855, 0.0, 1.1071158945560455, 0.0, 1.862791270017624, 0.4169479310512543, 0.46684181690216064, 0.5413203239440918, 0.0, 0.7126682996749878, 0.2973766624927521, 1.6845954060554504, 0.0, 0.0]
[0.8802918195724487, 0.3928292393684387, 0.8037355244159698, 0.30796098709106445, 0.0, 0.0, 0.0, 0.0, 0.7568390369415283, 1.0324230194091797, 0.0, 0.5489732027053833, 0.0, 0.0, 0.29838067293167114, 0.8802918195724487, 0.3928292393684387, 0.3278334140777588, 0.30796098709106445, 0.0, 0.0]
[0.7489465773105621, 0.0, 0.3457891047000885, 0.0, 0.40531936287879944, 0.4870881140232086, 0.0, 0.42623287439346313, 0.39914584159851074, 0.0, 0.6170939803123474, 0.0, 0.0, 0.3094923198223114, 0.0, 0.4642530679702759, 0.8031731843948364, 0.3457891047000885, 0.0, 0.40531936287879944, 0.0]
[0.0, 0.0, 1.0582002401351929, 0.0, 0.7143486142158508, 0.0, 0.0, 0.0, 1.6823792457580566, 0.0, 0.650449275970459, 0.0, 0.0, 0.0, 0.0, 0.0, 0.0, 0.0, 0.0, 0.0, 0.0]
[0.26312997937202454, 0.38296106457710266, 1.1031430959701538, 0.0, 0.31319212913513184, 0.0, 0.9899134635925293, 0.31204405426979065, 0.36891332268714905, 0.8231309652328491, 0.6523571610450745, 0.5351825952529907, 1.0238443315029144, 0.0, 0.0, 0.0, 0.38296106457710266, 0.63919597864151, 0.0, 0.0, 0.0]
[0.0, 1.0117947459220886, 0.41750362515449524, 0.0, 0.8985154628753662, 0.0, 0.5793551206588745, 0.514630913734436, 0.0, 1.1959120035171509, 0.0, 0.0, 0.5853763818740845, 0.6554251909255981, 0.0, 0.0, 0.5002773404121399, 0.41750362515449524, 0.0, 0.4893800914287567, 0.0]
[0.0, 0.0, 0.0, 0.0, 0.0, 1.649635672569275, 0.0, 0.0, 0.0, 0.0, 0.0, 2.2949442863464355, 0.0, 0.0, 0.0, 0.0, 0.0, 0.0, 0.0, 0.0, 1.649635672569275]
[1.4622815251350403, 0.5861698985099792, 0.0, 0.6990321278572083, 0.0, 0.0, 1.3576490879058838, 1.2059757709503174, 0.0, 0.8399367332458496, 0.0, 0.0, 0.0, 0.0, 0.4452361464500427, 0.6567746996879578, 0.5861698985099792, 0.0, 0.0, 0.0, 0.0]
[0.0, 0.6276616454124451, 0.0, 0.0, 0.6004979014396667, 1.690089225769043, 0.0, 0.0, 0.0, 0.0, 0.9142509698867798, 0.0, 0.0, 0.45852604508399963, 0.46627581119537354, 0.0, 0.0, 0.0, 0.0, 0.6004979014396667, 1.690089225769043]
[0.0, 0.5311033129692078, 0.0, 1.2388907670974731, 0.4248010814189911, 0.0, 1.482279896736145, 0.9575799107551575, 0.0, 0.3721538186073303, 0.0, 0.0, 0.0, 0.6805213093757629, 0.0, 0.0, 0.0, 0.0, 0.0, 0.0, 0.0]
[0.0, 0.0, 0.0, 0.5081542134284973, 0.0, 0.8922925591468811, 0.7506502270698547, 0.0, 0.0, 0.0, 0.0, 0.0, 0.0, 0.0, 0.4923461079597473, 0.0, 0.0, 0.0, 0.5081542134284973, 0.0, 0.8922925591468811]
