[0.0, 0.6768392324447632, 0.8408154249191284, 0.0, 0.0, 0.0, 0.0, 0.0, 0.0, 0.0, 0.0, 0.0, 0.0, 0.0, 0.0, 0.0, 0.0, 0.0, 0.0, 0.0, 0.0]
[0.36597710847854614, 0.0, 0.7571394443511963, 0.0, 0.713250458240509, 0.5550327897071838, 0.0, 0.0, 0.0, 0.0, 0.0, 0.0, 0.0, 0.0, 0.0, 0.7477250099182129, 0.4573141038417816, 0.0, 0.0, 0.0, 0.0]
[0.0, 0.0, 0.0, 0.0, 0.0, 0.0, 2.1870930194854736, 0.9421922564506531, 0.0, 0.0, 0.0, 0.0, 0.0, 2.6851584911346436, 0.0, 1.0385076999664307, 0.0, 0.0, 0.0, 0.0, 0.0]
[0.0, 0.0, 0.0, 0.0, 1.3782405853271484, 1.1162866353988647, 0.0, 0.0, 0.0, 1.3395483493804932, 0.0, 0.0, 0.0, 0.0, 0.0, 0.0, 0.0, 0.0, 0.0, 0.0, 0.0]
[0.0, 0.0, 0.0, 0.0, 0.0, 0.0, 0.0, 0.0, 0.0, 0.0, 0.7903870940208435, 0.0, 0.0, 0.0, 0.0, 0.0, 0.0, 0.0, 0.8122069239616394, 0.0, 0.0]
[0.9469118714332581, 0.0, 0.0, 0.0, 0.3156851530075073, 0.4913158118724823, 0.6969659328460693, 0.0, 0.0, 0.0, 0.0, 0.6172787547111511, 0.5436632633209229, 0.0, 0.0, 0.0, 0.0, 0.0, 0.0, 0.0, 0.0]
[0.0, 0.0, 0.0, 0.0, 0.0, 0.0, 0.0, 0.0, 0.0, 1.3835744857788086, 0.0, 0.0, 0.0, 0.48685434460639954, 0.0, 0.0, 0.0, 0.0, 0.0, 0.4049667716026306, 0.0]
[3.874170660972595, 0.0, 0.0, 0.0, 1.2232556343078613, 0.6425115466117859, 1.0694886445999146, 0.0, 0.0, 0.0, 0.0, 0.8577904105186462, 0.0, 0.0, 0.0, 1.7420445680618286, 0.0, 1.5771467685699463, 0.0, 0.0, 0.0]
[0.0, 0.0, 0.0, 0.0, 0.0, 3.5648021697998047, 0.0, 1.2212471961975098, 0.0, 0.0, 0.0, 0.0, 0.0, 0.0, 0.0, 2.4427928924560547, 0.0, 0.0, 0.0, 0.0, 0.0]
[0.0, 0.0, 1.6817153692245483, 0.0, 0.7921158075332642, 0.0, 0.0, 0.0, 0.0, 1.914258360862732, 0.0, 1.2782078981399536, 1.3641574382781982, 0.0, 0.0, 0.0, 0.0, 0.0, 0.0, 0.0, 0.0]
[0.0, 0.0, 0.28754445910453796, 1.1298036575317383, 0.0, 0.9074417948722839, 0.0, 0.0, 0.0, 0.0, 0.6448500156402588, 1.1257127523422241, 0.0, 0.0, 0.6922187209129333, 0.0, 0.7476782202720642, 0.4761837124824524, 0.0, 0.5594817996025085, 0.0]
[0.6552397608757019, 0.0, 0.0, 2.9540092945098877, 0.0, 0.0, 0.0, 0.0, 1.5326296091079712, 0.722684383392334, 0.8430194854736328, 0.0, 0.0, 0.2721135914325714, 1.4452415704727173, 0.6693575978279114, 0.5060105919837952, 0.0, 0.0, 0.0, 0.0]
[1.0309209823608398, 0.0, 0.8512803912162781, 3.8401856422424316, 0.0, 0.6240442395210266, 0.0, 4.1962175369262695, 0.0, 5.269972324371338, 0.0, 0.0, 0.0, 0.0, 0.0, 0.0, 0.0, 0.0, 0.0, 0.0, 0.0]
[0.0, 0.0, 0.0, 0.0, 0.0, 1.2168070077896118, 0.0, 0.0, 0.0, 1.8059357404708862, 1.1824864149093628, 0.0, 0.0, 0.0, 0.0, 0.5745389461517334, 1.5067224502563477, 0.0, 1.1772146224975586, 0.0, 0.6649917364120483]
[0.6321671009063721, 0.0, 0.0, 1.9470129013061523, 0.0, 0.0, 0.0, 0.0, 0.8956282138824463, 0.0, 0.0, 2.4781698286533356, 0.0, 0.0, 0.0, 0.0, 0.0, 1.2367732524871826, 0.0, 0.0, 0.0]
[0.6168674230575562, 0.0, 0.0, 0.0, 0.42161181569099426, 0.0, 0.0, 1.5854943990707397, 0.0, 0.0, 0.0, 0.5912984609603882, 0.0, 0.0, 0.0, 0.0, 0.8381353616714478, 0.0, 0.0, 0.0, 0.0]
[1.598250299692154, 0.5464423298835754, 0.0, 0.0, 0.0, 0.4302412271499634, 0.5574268698692322, 0.5520743727684021, 0.0, 1.1878166198730469, 0.4181060791015625, 0.27864447236061096, 0.0, 0.0, 0.0, 0.0, 0.9910153150558472, 0.0, 0.24908019602298737, 0.7440486550331116, 0.0]
[0.40095117688179016, 0.0, 20.470414221286774, 0.0, 0.9095830917358398, 0.0, 0.6808738708496094, 1.6320148706436157, 0.0, 2.4719147086143494, 0.0, 0.0, 0.7852813601493835, 0.0, 0.0, 0.0, 0.0, 0.0, 0.0, 0.42527422308921814, 0.0]
[0.0, 0.5471776127815247, 0.0, 1.3477189540863037, 2.2588725984096527, 0.0, 2.1590070724487305, 0.0, 0.0, 0.0, 0.0, 0.0, 0.0, 0.0, 0.0, 1.0251715183258057, 0.0, 0.0, 0.0, 0.0, 1.8653432130813599]
[0.0, 1.7253450155258179, 0.0, 6.271306991577148, 0.3508313298225403, 0.0, 0.0, 0.0, 0.0, 0.0, 0.8081609606742859, 0.0, 1.2083818912506104, 0.0, 0.0, 0.0, 0.0, 0.0, 0.7535887360572815, 0.0, 0.0]
[0.0, 0.0, 1.6863654851913452, 0.0, 0.0, 1.5037285089492798, 1.708027720451355, 0.0, 0.0, 0.0, 1.4613151550292969, 0.0, 0.0, 0.0, 0.0, 0.0, 0.0, 0.0, 0.7632138133049011, 1.2678594589233398, 0.0]
