[0.0, 0.0, 0.0, 0.06484511494636536, 0.0, 0.0, 0.0, 0.06300969918568929, 0.0, 0.0, 0.0, 0.0, 0.0, 0.1808591956893603, 0.0, 0.0, 0.03377870718638102, 0.0, 0.0, 0.1223077376683553, 0.0]
[0.37552376588185626, 0.0, 0.0, 0.0, 0.0, 0.0, 0.0, 0.0, 0.0, 0.0, 0.0, 0.0, 0.0, 0.031317236522833504, 0.0, 0.0, 0.0, 0.0, 0.0, 0.0, 0.0]
[0.0, 0.0449799249569575, 0.0, 0.0, 0.0, 0.0, 0.1470213234424591, 0.1265946626663208, 0.0, 0.0, 0.0, 0.0, 0.08348177870114644, 0.10472209254900613, 0.0, 0.18746169408162433, 0.0, 0.0, 0.0, 0.0, 0.0]
[0.0, 0.10426401098569234, 0.0, 0.0, 0.059917911887168884, 0.0, 0.0, 0.022467421988646187, 0.0, 0.12845897674560547, 0.0, 0.0, 0.05074795583883921, 0.0, 0.0, 0.0, 0.0, 0.0, 0.0, 0.16661717494328815, 0.0]
[0.0, 0.0, 0.0, 0.047658721605936684, 0.0, 0.0, 0.0, 0.06685090065002441, 0.07603794833024342, 0.0, 0.028713293373584747, 0.1406852292517821, 0.0, 0.0, 0.0, 0.10391759872436523, 0.023355772097905476, 0.0, 0.0, 0.0, 0.04546089470386505]
[0.0, 0.0, 0.0, 0.0, 0.0, 0.0, 0.0, 0.06806187331676483, 0.15078012148539224, 0.026137699683507282, 0.0, 0.0, 0.0, 0.15078012148539224, 0.0, 0.0, 0.05269530415534973, 0.18515803416570026, 0.0, 0.049852609634399414, 0.0]
[0.0, 0.0, 0.0, 0.0, 0.0, 0.0, 0.0, 0.0, 0.021695703268051147, 0.0, 0.0, 0.0, 0.0, 0.0, 0.0, 0.0, 0.045983001589775085, 0.0, 0.0, 0.0, 0.0]
[0.0, 0.0, 0.0, 0.0, 0.0, 0.0, 0.0, 0.0, 0.0, 0.23411208391189575, 0.042680924137433365, 0.0, 0.0, 0.025762381652990975, 0.0, 0.3654453953107198, 0.0, 0.046838050087292984, 0.0, 0.0691706637541453, 0.0]
[0.0, 0.0, 0.0, 0.0, 0.23610393206278482, 0.04340299963951111, 0.044741903742154435, 0.05074795583883921, 0.0, 0.0, 0.0, 0.0, 0.05074795583883921, 0.0, 0.0, 0.0, 0.0, 0.0, 0.0, 0.0, 0.06512300173441568]
[0.0, 0.0, 0.3461815118789673, 0.0, 0.0, 0.0, 0.0, 0.02168946216503779, 0.11269263426462808, 0.0, 0.25985538959503174, 0.0, 0.05779090027014414, 0.15684979160626727, 0.0, 0.0, 0.0, 0.0, 0.0, 0.08808130025863647, 0.0]
[0.1495615740617116, 0.0, 0.0, 0.0, 0.0, 0.0, 0.0, 0.025342223544915516, 0.035941220819950104, 0.0, 0.0, 0.0, 0.0, 0.0, 0.0, 0.0, 0.0, 0.18515803416570026, 0.0, 0.0, 0.0]
[0.0, 0.019487091650565464, 0.0, 0.0, 0.1545952558517456, 0.0, 0.0, 0.0, 0.0, 0.04950441295901934, 0.032492885986963906, 0.0, 0.0, 0.0, 0.0, 0.0, 0.0, 0.0, 0.0, 0.0, 0.0]
[0.0, 0.19902531305948892, 0.0, 0.2107752760251363, 0.0, 0.0, 0.0, 0.0, 0.0, 0.0, 0.13320748011271158, 0.0, 0.21275603771209717, 0.0, 0.05555772284666697, 0.8232659300168355, 0.1219308574994405, 0.0, 0.0, 0.0, 0.0]
[0.0, 0.0, 0.04445200165112813, 0.0, 0.06161775688330332, 0.07121460139751434, 0.0, 0.0, 0.0627947598695755, 0.02878946562608083, 0.0, 0.0, 0.0, 0.21596594651540119, 0.07714399198691049, 0.0, 0.09548387924830118, 0.0, 0.0, 0.0, 0.0]
[0.20052401721477509, 0.0, 0.0, 0.19655526677767435, 0.07974047462145487, 0.0, 0.0, 0.0, 0.11269263426462808, 0.0, 0.0, 0.0, 0.04217005272706349, 0.0, 0.13341689109802246, 0.0, 0.0, 0.0, 0.0, 0.0, 0.0]
[0.1495615740617116, 0.0, 0.1244703729947408, 0.0, 0.0, 0.12189461787541707, 0.0, 0.0, 0.0, 0.0, 0.0, 0.0, 0.0, 0.0, 0.0, 0.0, 0.23103866974512735, 0.0, 0.0, 0.0, 0.0]
[0.16757744550704956, 0.0, 0.0, 0.0, 0.27720614274342853, 0.0, 0.0, 0.0, 0.0, 0.0691379408041636, 0.04124804586172104, 0.0, 0.0, 0.0, 0.0, 0.0, 0.0, 0.0, 0.0, 0.0, 0.0]
[0.10587452848752339, 0.24547828237215677, 0.0, 0.11041693886121114, 0.0, 0.07462477684020996, 0.0, 0.0, 0.0, 0.0, 0.045299659172693886, 0.0, 0.0, 0.0, 0.0, 0.0, 0.0, 0.0, 0.0, 0.0, 0.29705389340718585]
[0.0, 0.024411641061306, 0.0, 0.25969682137171424, 0.154562105735143, 0.15572463472684223, 0.0, 0.2562581102053324, 0.0, 0.0, 0.0, 0.0, 0.07090642551581064, 0.0, 0.0, 0.0, 0.09548387924830118, 0.0, 0.0, 0.0, 0.0]
[0.0, 0.04863932232062022, 0.0, 0.0, 0.035103194415569305, 0.0, 0.0, 0.04217005272706349, 0.0, 0.0, 0.0, 0.0, 0.04217005272706349, 0.03637540340423584, 0.0, 0.0, 0.0, 0.0, 0.0, 0.0, 0.0]
[0.0, 0.015919317801793415, 0.011164059241612751, 0.03443085650602976, 0.0, 0.016515888273715973, 0.0, 0.0, 0.0, 0.0, 0.017970681190490723, 0.15726128220558167, 0.0, 0.0, 0.0, 0.0, 0.0, 0.0, 0.0, 0.0, 0.0]
