[0.0, 0.0, 2.0288692712783813, 0.2506192922592163, 0.0, 1.4866760969161987, 0.0, 0.0, 0.5527920722961426, 3.1346067786216736, 2.7697801887989044, 0.8995016813278198, 2.109102249145508, 0.15214280784130096, 0.0, 2.6455760300159454, 1.3493551015853882, 0.8989704251289368, 1.4342405796051025, 2.3289127945899963, 0.0]
[0.0, 0.0, 0.4907403290271759, 0.4083687365055084, 0.0, 0.49262455105781555, 2.2306301593780518, 0.0, 3.619040012359619, 0.77158522605896, 3.1677602529525757, 0.7063381671905518, 0.9840874373912811, 1.5462702512741089, 1.8668519258499146, 0.5721776485443115, 0.0, 0.0, 1.6603964567184448, 0.0, 0.7675672769546509]
[0.3850520849227905, 0.0, 0.0, 0.34154942631721497, 0.0, 1.6357612609863281, 2.564002275466919, 0.0, 2.433064192533493, 0.0, 0.33110907673835754, 3.1712486743927, 0.0, 1.1392144560813904, 0.6419651508331299, 0.33854398131370544, 1.037048578262329, 0.0, 0.0, 1.5447561144828796, 0.0]
[0.0, 1.9588714838027954, 2.0906829237937927, 0.0, 0.0, 0.0, 0.9479387402534485, 0.0, 2.2306301593780518, 0.0, 0.0, 0.0, 2.5274338126182556, 0.0, 0.0, 0.6512046456336975, 0.0, 0.0, 0.5080716609954834, 0.0, 0.7675672769546509]
[2.5312435626983643, 5.8595757484436035, 0.0, 0.0, 1.055782437324524, 0.0, 1.055782437324524, 1.8574223518371582, 1.559621810913086, 0.6912646889686584, 4.62041175365448, 1.7194404006004333, 1.2880666851997375, 3.8820244669914246, 4.007000625133514, 0.8646894097328186, 0.0, 2.8749482929706573, 0.892829179763794, 2.4364695847034454, 0.0]
[0.0, 1.9588714838027954, 1.0762311220169067, 0.43516814708709717, 0.0, 0.0, 0.6921648383140564, 0.0, 0.0, 2.7269740104675293, 0.0, 1.526665210723877, 0.46915939450263977, 0.0, 1.6334587931632996, 0.55198073387146, 1.0797334909439087, 0.0, 2.8781648576259613, 1.4688810110092163, 0.0]
[2.5312435626983643, 0.6221212148666382, 0.46837401390075684, 0.714660108089447, 0.6221212148666382, 0.46837401390075684, 1.055782437324524, 0.6511796116828918, 1.5763288736343384, 3.5661882162094116, 3.1383485794067383, 1.7741593718528748, 3.4519466161727905, 1.6533968448638916, 0.715889036655426, 0.7307843565940857, 0.29397284984588623, 0.0, 0.9873372316360474, 0.4036717712879181, 0.21368353068828583]
[0.0, 0.0, 0.0, 0.8881189227104187, 0.0, 0.0, 1.3394442796707153, 0.8092308044433594, 0.0, 2.507973790168762, 5.81912899017334, 1.526665210723877, 2.8838151693344116, 0.4304298758506775, 3.2713274359703064, 0.0, 1.5101633667945862, 0.8000509142875671, 0.0, 0.0, 0.0]
[4.888726115226746, 0.0, 0.8824657797813416, 6.8697121143341064, 1.002804160118103, 0.8824657797813416, 5.525694012641907, 1.8434796333312988, 0.38638222217559814, 1.7140073776245117, 1.2860491871833801, 0.8745112717151642, 0.31299352645874023, 1.1928097009658813, 0.0, 1.1928097009658813, 0.0, 0.0, 4.929444968700409, 0.0, 0.265910804271698]
[0.0, 0.6221212148666382, 1.9614605903625488, 0.3012677729129791, 11.815324187278748, 0.0, 1.7810616493225098, 1.195473074913025, 1.6361894607543945, 5.088823974132538, 5.809201240539551, 18.56315052509308, 4.13007515668869, 2.0848934650421143, 12.317614912986755, 1.1799474358558655, 0.0, 2.6485068798065186, 3.510954260826111, 2.6485068798065186, 3.2887682169675827]
[0.0, 0.0, 1.992046594619751, 1.243241786956787, 0.9237226247787476, 0.0, 1.002804160118103, 0.0, 0.38638222217559814, 2.301605701446533, 0.45023807883262634, 1.2312477827072144, 0.7632316052913666, 0.4304298758506775, 2.0946727991104126, 2.02871572971344, 0.6679834723472595, 0.8359060287475586, 1.6636271476745605, 0.0, 1.2353999018669128]
[4.1402528285980225, 2.092522144317627, 4.533376157283783, 2.4282968044281006, 2.092522144317627, 3.150778293609619, 2.623121917247772, 0.0, 1.3758991360664368, 2.071098506450653, 0.8259149789810181, 3.4873292446136475, 0.0, 0.0, 0.0, 0.0, 0.0, 0.0, 0.0, 4.73226261138916, 1.8368217945098877]
[2.301357865333557, 0.9667142629623413, 0.4502449631690979, 0.19022589921951294, 2.7490785121917725, 0.0, 1.0579497516155243, 5.523564517498016, 2.6947069466114044, 4.054424226284027, 2.629127323627472, 2.1204495429992676, 3.864812523126602, 0.9935856759548187, 0.0, 0.9568899124860764, 1.8125128149986267, 1.5515075325965881, 1.2761492431163788, 0.5692039132118225, 0.32745879888534546]
[0.886716365814209, 0.0, 0.5001320838928223, 0.0, 0.0, 0.0, 5.459876775741577, 1.120641052722931, 1.682858169078827, 2.909808397293091, 0.0, 3.031962752342224, 0.0, 0.0, 4.51975679397583, 0.0, 0.0, 1.6861603260040283, 0.0, 0.0, 2.6708017587661743]
[1.9110573530197144, 2.092522144317627, 4.244046688079834, 0.0, 0.0, 0.0, 0.0, 0.0, 2.400581866502762, 2.369687557220459, 0.0, 0.2909005284309387, 0.5893488526344299, 0.45049795508384705, 3.1647303104400635, 0.5893488526344299, 3.1647303104400635, 1.8097787499427795, 0.6014416217803955, 1.9315636157989502, 1.4216360449790955]
[3.4492828249931335, 0.0, 0.0, 0.8833056092262268, 2.1877012252807617, 0.0, 2.0220858454704285, 1.2433080077171326, 0.9806401133537292, 1.1679168939590454, 3.395378351211548, 0.0, 0.45449256896972656, 0.5430877208709717, 0.6073557138442993, 0.5602060556411743, 0.0, 0.0, 0.0, 1.0796021223068237, 0.0]
[1.6504977941513062, 0.0, 2.0880503058433533, 0.0, 0.0, 0.8737406134605408, 2.909808397293091, 0.0, 1.128537654876709, 0.0, 0.0, 3.9192609786987305, 0.0, 1.029826045036316, 2.2914879322052, 0.680626392364502, 4.471955895423889, 1.6861603260040283, 0.0, 0.0, 0.0]
[0.0, 0.0, 0.2858809232711792, 0.27977070212364197, 0.825633704662323, 0.0, 1.3210245370864868, 0.0, 0.0, 0.7398520112037659, 0.0, 0.0, 0.5893488526344299, 0.6662605404853821, 0.0, 0.0, 0.0, 1.09417724609375, 0.0, 0.0, 0.5952374935150146]
[1.4566913843154907, 0.0, 1.5283006429672241, 0.0, 0.0, 0.0, 0.0, 1.2093144655227661, 2.1912078857421875, 1.005253791809082, 2.4703851342201233, 1.0689280033111572, 0.9671357870101929, 2.620991826057434, 0.2841908931732178, 0.2621288597583771, 1.3072255849838257, 0.7037557363510132, 0.0, 0.0, 0.0]
[0.0, 0.0, 3.4262983202934265, 0.3305797874927521, 0.9513625502586365, 0.0, 0.0, 0.0, 0.5850429534912109, 0.5050715208053589, 3.5173689126968384, 2.4302467703819275, 0.9945371150970459, 0.9960556030273438, 1.0603562593460083, 0.24225741624832153, 0.0, 0.4929247200489044, 0.0, 0.0, 0.0]
[0.0, 2.2885444164276123, 0.0, 0.7578204274177551, 0.0, 0.0, 4.038383483886719, 0.23016873002052307, 2.4578607082366943, 5.801088571548462, 2.4578607082366943, 0.7644591331481934, 0.25823166966438293, 0.0, 1.6541329622268677, 0.32145267724990845, 1.3493551015853882, 0.0, 0.0, 1.5440505743026733, 0.0]
