[0.0, 0.0, 1.0521085487414508, 0.16472634876085332, 0.0, 0.591079545521869, 0.0, 0.0, 0.3633376300460787, 1.4686137051912214, 1.3552516055772927, 0.3382719569411485, 1.0840163700809677, 0.1, 0.0, 1.2281735000136536, 0.6314736083024484, 0.3622879323019156, 0.5130960747854865, 1.1456939247929083, 0.0]
[0.0, 0.0, 0.1755611576909299, 0.1873821099654694, 0.0, 0.1762352335340578, 0.49543347492100437, 0.0, 1.4134269370629449, 0.2760327357090463, 1.7893947330203492, 0.28082918916485083, 0.42267396425019865, 0.6147732645146613, 1.0125643638237727, 0.22748903083924896, 0.0, 0.0, 0.5883081037410453, 0.0, 0.2886559194376993]
[0.25308595942598583, 0.0, 0.0, 0.17954938192884073, 0.0, 1.0751485950572035, 1.1420066150513226, 0.0, 1.0489752818906695, 0.0, 0.21763044959952033, 1.2529285326432194, 0.0, 0.4588743795579994, 0.4219490621618861, 0.2225172429227402, 0.681628394385929, 0.0, 0.0, 0.6653323080700435, 0.0]
[0.0, 0.7366648712029361, 0.9358811552337283, 0.0, 0.0, 0.0, 0.6230585288278867, 0.0, 0.8388640564972587, 0.0, 0.0, 0.0, 1.1519795769320056, 0.0, 0.0, 0.25890894915262275, 0.0, 0.0, 0.23776828254332846, 0.0, 0.2886559194376993]
[0.9519145224772558, 3.8513655897265178, 0.0, 0.0, 0.23449425691890569, 0.0, 0.3970438283680131, 1.220841378039126, 0.6514443224970689, 0.15353314645464106, 2.162268537388863, 0.9357575753539606, 0.426771047160392, 1.5260486465414986, 1.9645927932165783, 0.5683406412709102, 0.0, 1.072198931142604, 0.41782779275873266, 1.220430263166258, 0.0]
[0.0, 0.7366648712029361, 0.3850190631343717, 0.22876387961501018, 0.0, 0.0, 0.4549441726066002, 0.0, 0.0, 0.8898474508930442, 0.0, 0.5741268072597704, 0.3083677770637811, 0.0, 0.6037649196520742, 0.290171178654541, 0.40605100417081075, 0.0, 1.839487353625264, 0.5254886047662101, 0.0]
[0.9519145224772558, 0.2911413962801687, 0.21919050681730112, 0.4697298007243982, 0.2473458244910582, 0.18621830259124578, 0.3970438283680131, 0.42800551726515557, 1.0360850414162168, 1.8614179518133718, 1.8054322516118078, 0.6473640497845177, 1.4359900440329363, 0.6780600062701216, 0.2692214927543736, 0.32428755697588135, 0.11687908270208079, 0.0, 0.42831690054163885, 0.15180720933605274, 0.09999999999999999]
[0.0, 0.0, 0.0, 0.5837403261525244, 0.0, 0.0, 0.8803861968078568, 0.531888964010354, 0.0, 1.4129172048827732, 2.5293340338938304, 0.5741268072597704, 1.111277702285577, 0.20143334138304453, 1.5309216510197066, 0.0, 0.5771833011954222, 0.3180879357597603, 0.0, 0.0, 0.0]
[2.524190053934052, 0.0, 0.4129779103419309, 2.9513328429024632, 0.2227275317801119, 0.35085481843269267, 2.326381937922514, 0.7515127881035666, 0.1453051985735814, 0.5434923194085908, 0.5160089679066826, 0.34691647596869307, 0.11770620878530938, 0.2649286582020314, 0.0, 0.448575116845238, 0.0, 0.0, 3.1242947596723396, 0.0, 0.1]
[0.0, 0.2911413962801687, 0.8289779412470994, 0.13823827807217667, 7.529294468089026, 0.0, 0.9362876751431397, 0.559459622864871, 0.7657068635491666, 2.378732703104928, 2.6210867203552426, 10.96421228732379, 1.624477711414567, 0.8496164244288669, 7.7350668591226395, 0.5457990601386922, 0.0, 0.5882458646486645, 1.1761511340777588, 0.9960132635680236, 1.4417095152122898]
[0.0, 0.0, 1.0472005141219023, 0.7571938883312909, 0.6071418280529408, 0.0, 0.3771205020663524, 0.0, 0.1453051985735814, 0.9799150047898526, 0.1, 0.510606871818838, 0.28702542094210065, 0.20143334138304453, 0.8521895644322974, 0.6342337867904565, 0.2512058410626814, 0.31435579725202145, 0.8745534411982474, 0.0, 0.6096514731027577]
[1.8145918954902847, 0.9792622471079094, 2.075567407319966, 1.136398671720946, 0.8319546138014142, 1.2527009788413392, 1.4099939860503845, 0.0, 0.6134213839397221, 0.8709377580540963, 0.5428550916731626, 1.3098284643936613, 0.0, 0.0, 0.0, 0.0, 0.0, 0.0, 0.0, 2.191670005354053, 0.6907661384954821]
[1.000411627787816, 0.4435818468320816, 0.2065972334755665, 0.1, 1.3189151831449326, 0.0, 0.4117037405068669, 2.110742542793582, 1.2509660633863873, 1.7730205026580288, 1.171376317848681, 0.879011322539445, 1.7879905522179538, 0.423572103495266, 0.0, 0.28578155782344905, 0.6007121839229046, 0.583469158707562, 0.48145736157676233, 0.2663770630232414, 0.1231461052446594]
[0.5828184574713097, 0.0, 0.1880826487147192, 0.0, 0.0, 0.0, 2.5318494101779754, 0.6249761665664245, 1.0128697829922657, 1.1568950550798205, 0.0, 1.3153334841759363, 0.0, 0.0, 2.131930104782582, 0.0, 0.0, 0.7890923182394158, 0.0, 0.0, 1.3175737782941261]
[1.0046252171027628, 0.9792622471079094, 1.9091735433674506, 0.0, 0.0, 0.0, 0.0, 0.0, 1.0716584960523217, 0.9795366440552646, 0.0, 0.13348121424256984, 0.27580452772195707, 0.1694169427668477, 0.7029015223780162, 0.2343160374284472, 1.190147319928549, 0.7811683815917896, 0.2261817166202334, 0.6910121799355181, 0.5581741457727906]
[1.8138802664638949, 0.0, 0.0, 0.4643456084846408, 1.0238043232597578, 0.0, 1.1512240557964517, 0.6585293222242806, 0.6445523960466325, 0.535904716230429, 1.6677813546806732, 0.0, 0.298727606922967, 0.2541551607284182, 0.31928129467977207, 0.2944951544136056, 0.0, 0.0, 0.0, 0.6018501730156598, 0.0]
[0.6562125321550742, 0.0, 0.843311026880392, 0.0, 0.0, 0.34738582652907674, 1.3617373261853385, 0.0, 0.5178353484055898, 0.0, 0.0, 1.5809321361376951, 0.0, 0.3872825129677984, 0.6816685331039853, 0.3577990143072405, 1.6817503552261108, 0.7890923182394158, 0.0, 0.0, 0.0]
[0.0, 0.0, 0.13117794241505906, 0.14707287665429722, 0.43402802039567456, 0.0, 0.6061589513282548, 0.0, 0.0, 0.38893337565459835, 0.0, 0.0, 0.27580452772195707, 0.4379178680469428, 0.0, 0.0, 0.0, 0.5120550201362492, 0.0, 0.0, 0.31291085806782537]
[0.6684103868903177, 0.0, 1.0045171800440171, 0.0, 0.0, 0.0, 0.0, 0.5549002063686704, 1.3569325979919646, 0.6607304059076226, 1.3225274435139296, 0.7025820138840531, 0.34599047269749755, 1.0199055494495148, 0.14939653030383265, 0.13779872290465087, 0.4916030352975617, 0.32292196485510505, 0.0, 0.0, 0.0]
[0.0, 0.0, 1.4237523678356672, 0.21728255984178851, 0.551142625266979, 0.0, 0.0, 0.0, 0.307551682442618, 0.26551143817831396, 1.460144156528047, 1.223367681927547, 0.37401154790268093, 0.3563364664540012, 0.6623872229976281, 0.1273524884057803, 0.0, 0.3239881838930372, 0.0, 0.0, 0.0]
[0.0, 1.0501104594085777, 0.0, 0.49809809492160284, 0.0, 0.0, 1.889889909100095, 0.15128466030455437, 0.5459024511230627, 2.532236947878465, 0.9243177293861824, 0.5024615648907933, 0.16972979093020452, 0.0, 0.50002167112053, 0.2112835183015771, 0.507446512104362, 0.0, 0.0, 0.7225875430498577, 0.0]
