[0.0, 0.0, 0.20288692712783815, 0.025061929225921632, 0.0, 0.14866760969161988, 0.0, 0.0, 0.05527920722961426, 0.31346067786216736, 0.27697801887989043, 0.08995016813278199, 0.2109102249145508, 0.015214280784130098, 0.0, 0.26455760300159453, 0.13493551015853883, 0.08989704251289368, 0.14342405796051025, 0.23289127945899965, 0.0]
[0.0, 0.0, 0.04907403290271759, 0.040836873650550845, 0.0, 0.04926245510578156, 0.2230630159378052, 0.0, 0.36190400123596195, 0.07715852260589601, 0.3167760252952576, 0.07063381671905518, 0.09840874373912811, 0.1546270251274109, 0.18668519258499147, 0.057217764854431155, 0.0, 0.0, 0.16603964567184448, 0.0, 0.0767567276954651]
[0.03850520849227906, 0.0, 0.0, 0.034154942631721495, 0.0, 0.1635761260986328, 0.2564002275466919, 0.0, 0.2433064192533493, 0.0, 0.03311090767383575, 0.31712486743927004, 0.0, 0.11392144560813905, 0.06419651508331299, 0.03385439813137055, 0.10370485782623291, 0.0, 0.0, 0.15447561144828797, 0.0]
[0.0, 0.19588714838027954, 0.2090682923793793, 0.0, 0.0, 0.0, 0.09479387402534485, 0.0, 0.2230630159378052, 0.0, 0.0, 0.0, 0.25274338126182555, 0.0, 0.0, 0.06512046456336976, 0.0, 0.0, 0.05080716609954834, 0.0, 0.0767567276954651]
[0.2531243562698364, 0.5859575748443604, 0.0, 0.0, 0.10557824373245239, 0.0, 0.10557824373245239, 0.18574223518371583, 0.1559621810913086, 0.06912646889686584, 0.46204117536544803, 0.17194404006004335, 0.12880666851997377, 0.3882024466991425, 0.40070006251335144, 0.08646894097328187, 0.0, 0.28749482929706577, 0.0892829179763794, 0.24364695847034457, 0.0]
[0.0, 0.19588714838027954, 0.10762311220169068, 0.04351681470870972, 0.0, 0.0, 0.06921648383140565, 0.0, 0.0, 0.27269740104675294, 0.0, 0.1526665210723877, 0.04691593945026398, 0.0, 0.16334587931632996, 0.055198073387145996, 0.10797334909439088, 0.0, 0.28781648576259616, 0.14688810110092163, 0.0]
[0.2531243562698364, 0.06221212148666382, 0.04683740139007569, 0.0714660108089447, 0.06221212148666382, 0.04683740139007569, 0.10557824373245239, 0.06511796116828919, 0.15763288736343384, 0.35661882162094116, 0.31383485794067384, 0.17741593718528748, 0.3451946616172791, 0.16533968448638917, 0.0715889036655426, 0.07307843565940857, 0.029397284984588625, 0.0, 0.09873372316360474, 0.040367177128791815, 0.021368353068828585]
[0.0, 0.0, 0.0, 0.08881189227104187, 0.0, 0.0, 0.13394442796707154, 0.08092308044433594, 0.0, 0.2507973790168762, 0.581912899017334, 0.1526665210723877, 0.28838151693344116, 0.04304298758506775, 0.32713274359703065, 0.0, 0.15101633667945863, 0.08000509142875672, 0.0, 0.0, 0.0]
[0.4888726115226746, 0.0, 0.08824657797813416, 0.6869712114334107, 0.10028041601181031, 0.08824657797813416, 0.5525694012641907, 0.1843479633331299, 0.03863822221755982, 0.17140073776245118, 0.128604918718338, 0.08745112717151643, 0.03129935264587402, 0.11928097009658814, 0.0, 0.11928097009658814, 0.0, 0.0, 0.49294449687004094, 0.0, 0.026591080427169803]
[0.0, 0.06221212148666382, 0.1961460590362549, 0.030126777291297913, 1.1815324187278748, 0.0, 0.17810616493225098, 0.11954730749130249, 0.16361894607543948, 0.5088823974132538, 0.5809201240539551, 1.856315052509308, 0.41300751566886906, 0.20848934650421144, 1.2317614912986756, 0.11799474358558655, 0.0, 0.26485068798065187, 0.35109542608261113, 0.26485068798065187, 0.3288768216967583]
[0.0, 0.0, 0.1992046594619751, 0.12432417869567872, 0.09237226247787476, 0.0, 0.10028041601181031, 0.0, 0.03863822221755982, 0.23016057014465333, 0.045023807883262636, 0.12312477827072144, 0.07632316052913667, 0.04304298758506775, 0.20946727991104128, 0.202871572971344, 0.06679834723472595, 0.08359060287475586, 0.16636271476745607, 0.0, 0.12353999018669129]
[0.4140252828598023, 0.2092522144317627, 0.45333761572837833, 0.24282968044281006, 0.2092522144317627, 0.31507782936096196, 0.2623121917247772, 0.0, 0.1375899136066437, 0.20710985064506532, 0.08259149789810181, 0.3487329244613648, 0.0, 0.0, 0.0, 0.0, 0.0, 0.0, 0.0, 0.473226261138916, 0.18368217945098878]
[0.23013578653335573, 0.09667142629623414, 0.045024496316909794, 0.019022589921951296, 0.27490785121917727, 0.0, 0.10579497516155244, 0.5523564517498016, 0.26947069466114043, 0.40544242262840274, 0.2629127323627472, 0.21204495429992676, 0.38648125231266023, 0.09935856759548188, 0.0, 0.09568899124860764, 0.1812512814998627, 0.15515075325965882, 0.12761492431163787, 0.056920391321182255, 0.03274587988853455]
[0.08867163658142091, 0.0, 0.05001320838928223, 0.0, 0.0, 0.0, 0.5459876775741578, 0.1120641052722931, 0.1682858169078827, 0.2909808397293091, 0.0, 0.30319627523422243, 0.0, 0.0, 0.45197567939758304, 0.0, 0.0, 0.16861603260040284, 0.0, 0.0, 0.2670801758766174]
[0.19110573530197145, 0.2092522144317627, 0.42440466880798344, 0.0, 0.0, 0.0, 0.0, 0.0, 0.2400581866502762, 0.2369687557220459, 0.0, 0.029090052843093874, 0.058934885263442996, 0.045049795508384706, 0.31647303104400637, 0.058934885263442996, 0.31647303104400637, 0.18097787499427798, 0.060144162178039556, 0.19315636157989502, 0.14216360449790955]
[0.3449282824993134, 0.0, 0.0, 0.08833056092262269, 0.21877012252807618, 0.0, 0.20220858454704285, 0.12433080077171327, 0.09806401133537293, 0.11679168939590455, 0.3395378351211548, 0.0, 0.045449256896972656, 0.05430877208709717, 0.060735571384429934, 0.056020605564117434, 0.0, 0.0, 0.0, 0.10796021223068238, 0.0]
[0.16504977941513063, 0.0, 0.20880503058433533, 0.0, 0.0, 0.08737406134605408, 0.2909808397293091, 0.0, 0.1128537654876709, 0.0, 0.0, 0.3919260978698731, 0.0, 0.1029826045036316, 0.22914879322052004, 0.0680626392364502, 0.4471955895423889, 0.16861603260040284, 0.0, 0.0, 0.0]
[0.0, 0.0, 0.028588092327117922, 0.0279770702123642, 0.0825633704662323, 0.0, 0.13210245370864868, 0.0, 0.0, 0.07398520112037658, 0.0, 0.0, 0.058934885263442996, 0.0666260540485382, 0.0, 0.0, 0.0, 0.109417724609375, 0.0, 0.0, 0.05952374935150147]
[0.14566913843154908, 0.0, 0.1528300642967224, 0.0, 0.0, 0.0, 0.0, 0.12093144655227661, 0.21912078857421877, 0.1005253791809082, 0.24703851342201233, 0.10689280033111573, 0.09671357870101929, 0.26209918260574344, 0.028419089317321778, 0.026212885975837708, 0.13072255849838257, 0.07037557363510132, 0.0, 0.0, 0.0]
[0.0, 0.0, 0.34262983202934266, 0.033057978749275206, 0.09513625502586365, 0.0, 0.0, 0.0, 0.0585042953491211, 0.05050715208053589, 0.3517368912696839, 0.24302467703819275, 0.0994537115097046, 0.09960556030273438, 0.10603562593460084, 0.024225741624832153, 0.0, 0.049292472004890446, 0.0, 0.0, 0.0]
[0.0, 0.22885444164276125, 0.0, 0.07578204274177552, 0.0, 0.0, 0.4038383483886719, 0.02301687300205231, 0.24578607082366943, 0.5801088571548462, 0.24578607082366943, 0.07644591331481934, 0.025823166966438296, 0.0, 0.16541329622268677, 0.03214526772499084, 0.13493551015853883, 0.0, 0.0, 0.15440505743026733, 0.0]
