[1.702314555644989, 0.0, 0.0, 0.0, 0.0, 0.0, 0.35443317890167236, 0.0, 0.0, 0.0, 1.526565670967102, 0.0, 0.0, 0.0, 0.0, 0.0, 0.0, 0.0, 0.0, 0.0, 0.0]
[0.0, 0.0, 0.0, 1.6088179349899292, 0.9238621592521667, 0.0, 0.0, 0.0, 0.0, 0.0, 0.0, 0.8923126459121704, 0.0, 0.0, 0.5866267681121826, 1.2022778987884521, 0.0, 1.6393886804580688, 0.0, 0.0, 0.0]
[0.0, 1.9142482280731201, 0.0, 0.0, 0.0, 0.0, 0.0, 0.0, 0.0, 0.0, 0.0, 1.5804436206817627, 0.0, 0.0, 0.0, 0.0, 0.0, 0.0, 0.0, 0.0, 0.0]
[0.0, 0.0, 0.0, 0.0, 0.0, 0.0, 0.0, 1.7866007685661316, 0.6070775389671326, 0.0, 1.6210662126541138, 0.0, 0.0, 0.0, 0.0, 0.0, 0.0, 0.0, 0.0, 0.0, 0.0]
[1.9637024402618408, 0.0, 0.0, 0.0, 0.0, 0.0, 0.0, 0.0, 0.0, 0.0, 0.0, 0.0, 0.0, 0.0, 1.7486674785614014, 0.0, 0.0, 2.5470216274261475, 0.0, 0.0, 0.0]
[0.0, 0.0, 0.0, 0.0, 0.0, 2.84570050239563, 0.0, 0.0, 1.8664687871932983, 0.0, 0.0, 0.0, 2.0226352214813232, 0.0, 0.0, 0.0, 0.0, 0.0, 0.0, 1.4562548398971558, 0.0]
[0.0, 1.1367518901824951, 0.0, 0.0, 0.0, 1.1970431804656982, 0.0, 0.0, 0.0, 0.0, 0.0, 0.9385262727737427, 0.0, 0.0, 0.0, 0.0, 0.0, 0.0, 0.0, 0.0, 0.9627964496612549]
[0.6728975772857666, 0.0, 0.0, 0.0, 0.983696699142456, 0.0, 0.0, 0.0, 0.6558828353881836, 0.0, 0.0, 0.9501038193702698, 1.0156667232513428, 0.0, 0.0, 0.0, 0.0, 0.0, 0.0, 0.0, 0.0]
[0.7120198607444763, 0.0, 1.5967870950698853, 0.0, 0.0, 0.0, 0.0, 0.7325422763824463, 0.0, 0.0, 1.2059026956558228, 0.5292534232139587, 0.0, 0.0, 0.0, 0.0, 0.0, 0.0, 0.9157814383506775, 0.0, 0.0]
[1.0050556659698486, 1.5264995098114014, 0.0, 0.0, 0.0, 0.0, 2.341214179992676, 1.0062958002090454, 0.0, 0.0, 0.0, 0.0, 0.0, 0.0, 0.0, 0.0, 0.0, 0.0, 0.0, 0.0, 0.0]
[0.0, 0.0, 0.0, 0.0, 1.3216012716293335, 0.0, 0.0, 0.7328612208366394, 0.0, 1.224758267402649, 0.0, 1.7254540920257568, 0.0, 0.5323193073272705, 0.0, 1.392503023147583, 0.0, 0.9493867754936218, 0.0, 0.8336846232414246, 1.0602208375930786]
[0.0, 0.0, 0.0, 0.0, 0.9163557291030884, 0.0, 0.0, 1.7097207307815552, 3.040577530860901, 1.048856496810913, 3.099475622177124, 0.0, 0.9461372494697571, 0.0, 0.0, 0.0, 0.0, 0.0, 0.0, 0.0, 0.9079501628875732]
[0.0, 0.0, 0.0, 0.0, 0.0, 0.0, 0.0, 0.0, 0.0, 2.3203392028808594, 0.0, 3.282465696334839, 0.0, 0.0, 0.0, 1.3530045747756958, 0.0, 0.0, 0.0, 0.0, 0.0]
[0.7794809341430664, 2.666102409362793, 0.9765530228614807, 1.9843462705612183, 0.0, 1.6553103923797607, 0.0, 0.0, 0.0, 1.2088768482208252, 1.284755825996399, 1.140091061592102, 0.0, 0.0, 1.447113037109375, 0.0, 0.0, 0.0, 0.0, 0.0, 0.0]
[1.6598104238510132, 0.986664354801178, 0.0, 0.0, 0.0, 0.0, 0.0, 1.0206718444824219, 0.0, 0.0, 0.0, 0.716784656047821, 0.0, 3.120436191558838, 0.0, 0.0, 1.464056372642517, 0.0, 0.0, 0.0, 0.0]
[1.0888177156448364, 0.0, 1.9938480257987976, 0.0, 0.0, 0.0, 3.439497232437134, 0.0, 0.0, 0.0, 0.0, 0.49002015590667725, 0.0, 0.0, 0.0, 0.6059464812278748, 1.0450366735458374, 0.0, 0.847895085811615, 0.5903849005699158, 0.8367936015129089]
[0.5749861001968384, 0.0, 0.9438394904136658, 0.0, 0.0, 1.2210439443588257, 0.9024131298065186, 0.5756955742835999, 0.0, 0.0, 0.0, 0.0, 0.8678798675537109, 0.0, 0.0, 0.0, 0.0, 0.0, 0.0, 0.0, 0.0]
[1.5250756740570068, 0.0, 2.2019920349121094, 0.0, 0.0, 0.0, 1.3854625225067139, 0.0, 0.0, 0.0, 0.0, 0.8397805690765381, 0.8977305293083191, 0.872076690196991, 0.0, 1.1314976215362549, 0.5246178507804871, 0.0, 0.0, 0.0, 0.0]
[0.0, 0.0, 0.0, 0.0, 1.5540876388549805, 0.0, 0.0, 0.0, 1.6626391410827637, 0.0, 0.0, 0.8136836290359497, 0.0, 0.0, 0.0, 1.0061805248260498, 0.0, 0.0, 0.0, 0.9803402423858643, 0.0]
[0.0, 0.0, 0.0, 0.0, 0.0, 0.0, 0.0, 0.7419674396514893, 0.0, 2.2239012718200684, 0.0, 0.5210596323013306, 1.9895068407058716, 0.4008474349975586, 0.0, 0.6443290710449219, 0.0, 1.7238850593566895, 0.0, 0.0, 0.8897988200187683]
[0.8004140853881836, 0.0, 1.0027785301208496, 0.0, 1.1701107025146484, 2.833240032196045, 0.7420313358306885, 1.7198396921157837, 1.302065134048462, 0.0, 0.0, 1.1301518678665161, 1.2081393003463745, 0.0, 0.0, 0.0, 0.7060152292251587, 0.0, 2.089867353439331, 0.0, 0.0]
