[1.9776092976827992, 0.0, 0.0, 0.0, 0.0, 0.0, 0.49999999999999994, 0.0, 0.0, 0.0, 1.4549311167128534, 0.0, 0.0, 0.0, 0.0, 0.0, 0.0, 0.0, 0.0, 0.0, 0.0]
[0.0, 0.0, 0.0, 1.5333236684535712, 0.8805096489546762, 0.0, 0.0, 0.0, 0.0, 0.0, 0.0, 0.8504406060379519, 0.0, 0.0, 0.559099130194906, 1.1458606459919285, 0.0, 1.5624598724758503, 0.0, 0.0, 0.0]
[0.0, 1.8244215529696954, 0.0, 0.0, 0.0, 0.0, 0.0, 0.0, 0.0, 0.0, 0.0, 1.5062808273970256, 0.0, 0.0, 0.0, 0.0, 0.0, 0.0, 0.0, 0.0, 0.0]
[0.0, 0.0, 0.0, 0.0, 0.0, 0.0, 0.0, 2.0697186868893995, 0.8564061931904368, 0.0, 1.5449971919964343, 0.0, 0.0, 0.0, 0.0, 0.0, 0.0, 0.0, 0.0, 0.0, 0.0]
[1.8715551113447548, 0.0, 0.0, 0.0, 0.0, 0.0, 0.0, 0.0, 0.0, 0.0, 0.0, 0.0, 0.0, 0.0, 2.466850710732305, 0.0, 0.0, 2.4275018698247495, 0.0, 0.0, 0.0]
[0.0, 0.0, 0.0, 0.0, 0.0, 2.712165148557193, 0.0, 0.0, 1.7788841767550478, 0.0, 0.0, 0.0, 1.9277224540417357, 0.0, 0.0, 0.0, 0.0, 0.0, 0.0, 2.0543432818702803, 0.0]
[0.0, 1.083409465090943, 0.0, 0.0, 0.0, 1.6886725788132049, 0.0, 0.0, 0.0, 0.0, 0.0, 0.8944856445291308, 0.0, 0.0, 0.0, 0.0, 0.0, 0.0, 0.0, 0.0, 0.9176169360505734]
[0.6413216556438941, 0.0, 0.0, 0.0, 0.9375364350250244, 0.0, 0.0, 0.0, 0.9252559783210081, 0.0, 0.0, 0.905519911261861, 0.9680062561160567, 0.0, 0.0, 0.0, 0.0, 0.0, 0.0, 0.0, 0.0]
[1.004448656515318, 0.0, 1.8331229829254179, 0.0, 0.0, 0.0, 0.0, 0.6981675092570954, 0.0, 0.0, 1.1493153481736957, 0.7466194683776844, 0.0, 0.0, 0.0, 0.0, 0.0, 0.0, 1.2918957547774266, 0.0, 0.0]
[0.9578931258959281, 2.1534376586043122, 0.0, 0.0, 0.0, 0.0, 2.231351998897477, 0.9590750664621439, 0.0, 0.0, 0.0, 0.0, 0.0, 0.0, 0.0, 0.0, 0.0, 0.0, 0.0, 0.0, 0.0]
[0.0, 0.0, 0.0, 0.0, 1.8643870696935725, 0.0, 0.0, 0.6984714871466378, 0.0, 1.1672861165327728, 0.0, 1.961146880343314, 0.0, 0.7509445207370776, 0.0, 1.3271593990520163, 0.0, 0.9048365148852593, 0.0, 1.1760815195474505, 1.0104696552126102]
[0.0, 0.0, 0.0, 0.0, 0.8733554603029645, 0.0, 0.0, 2.4119084111703177, 3.4902537274351775, 0.9996385895471371, 2.954031794348931, 0.0, 0.9017394738495508, 0.0, 0.0, 0.0, 0.0, 0.0, 0.0, 0.0, 0.865344327815755]
[0.0, 0.0, 0.0, 0.0, 0.0, 0.0, 0.0, 0.0, 0.0, 3.273309809864856, 0.0, 4.630584679609619, 0.0, 0.0, 0.0, 1.9086878081905663, 0.0, 0.0, 0.0, 0.0, 0.0]
[0.7429035563538423, 2.5409947501751664, 0.930727977906812, 1.8912302236847802, 0.0, 1.5776344532664246, 0.0, 0.0, 0.0, 1.7053663711266072, 1.224468271604784, 1.6083300456309546, 0.0, 0.0, 1.3792068216478612, 0.0, 0.0, 0.0, 0.0, 0.0, 0.0]
[1.5819233194044693, 1.3918905079071344, 0.0, 0.0, 0.0, 0.0, 0.0, 1.4398649805378108, 0.0, 0.0, 0.0, 1.0111703682327564, 0.0, 2.9740087826943817, 0.0, 0.0, 1.3953550860539763, 0.0, 0.0, 0.0, 0.0]
[1.0377246161419929, 0.0, 2.1884777625232714, 0.0, 0.0, 0.0, 3.6914116119072244, 0.0, 0.0, 0.0, 0.0, 0.6912729748173769, 0.0, 0.0, 0.0, 0.8548106064810284, 1.4742365215133453, 0.0, 1.1961282637803499, 0.8328578357130917, 1.1804673649712885]
[0.5480047041302705, 0.0, 1.3314773370518844, 0.0, 0.0, 1.1637460892173686, 1.273037039877223, 0.5486808859316579, 0.0, 0.0, 0.0, 0.0, 0.8271543431685983, 0.0, 0.0, 0.0, 0.0, 0.0, 0.0, 0.0, 0.0]
[2.151429049028303, 0.0, 2.7653628480169052, 0.0, 0.0, 0.0, 1.3204492760258983, 0.0, 0.0, 0.0, 0.0, 0.8003736127422805, 0.8556042536226541, 1.2302413291264196, 0.0, 1.0784017545846922, 0.5, 0.0, 0.0, 0.0, 0.0]
[0.0, 0.0, 0.0, 0.0, 2.1923563189976054, 0.0, 0.0, 0.0, 1.5846192982274756, 0.0, 0.0, 1.1478660541281938, 0.0, 0.0, 0.0, 1.4194220303302736, 0.0, 0.0, 0.0, 1.382969062636532, 0.0]
[0.0, 0.0, 0.0, 0.0, 0.0, 0.0, 0.0, 1.0466958002503026, 0.0, 2.11954403430184, 0.0, 0.735060461771673, 2.8066035562345095, 0.5654767370251792, 0.0, 0.908957046630887, 0.0, 1.6429912333253842, 0.0, 0.0, 1.255241993393652]
[0.7628544131670202, 0.0, 0.9557228453330276, 0.0, 1.1152029050992505, 3.9968606226084273, 1.046785938791222, 2.426183261743824, 1.836827378976396, 0.0, 0.0, 1.077119150811549, 1.151446999514976, 0.0, 0.0, 0.0, 0.6728852517835623, 0.0, 2.9481824471335774, 0.0, 0.0]
