[0.8511572778224945, 0.0, 0.0, 0.0, 0.0, 0.0, 0.17721658945083618, 0.0, 0.0, 0.0, 0.763282835483551, 0.0, 0.0, 0.0, 0.0, 0.0, 0.0, 0.0, 0.0, 0.0, 0.0]
[0.0, 0.0, 0.0, 0.8044089674949646, 0.4619310796260834, 0.0, 0.0, 0.0, 0.0, 0.0, 0.0, 0.4461563229560852, 0.0, 0.0, 0.2933133840560913, 0.6011389493942261, 0.0, 0.8196943402290344, 0.0, 0.0, 0.0]
[0.0, 0.9571241140365601, 0.0, 0.0, 0.0, 0.0, 0.0, 0.0, 0.0, 0.0, 0.0, 0.7902218103408813, 0.0, 0.0, 0.0, 0.0, 0.0, 0.0, 0.0, 0.0, 0.0]
[0.0, 0.0, 0.0, 0.0, 0.0, 0.0, 0.0, 0.8933003842830658, 0.3035387694835663, 0.0, 0.8105331063270569, 0.0, 0.0, 0.0, 0.0, 0.0, 0.0, 0.0, 0.0, 0.0, 0.0]
[0.9818512201309204, 0.0, 0.0, 0.0, 0.0, 0.0, 0.0, 0.0, 0.0, 0.0, 0.0, 0.0, 0.0, 0.0, 0.8743337392807007, 0.0, 0.0, 1.2735108137130737, 0.0, 0.0, 0.0]
[0.0, 0.0, 0.0, 0.0, 0.0, 1.422850251197815, 0.0, 0.0, 0.9332343935966492, 0.0, 0.0, 0.0, 1.0113176107406616, 0.0, 0.0, 0.0, 0.0, 0.0, 0.0, 0.7281274199485779, 0.0]
[0.0, 0.5683759450912476, 0.0, 0.0, 0.0, 0.5985215902328491, 0.0, 0.0, 0.0, 0.0, 0.0, 0.46926313638687134, 0.0, 0.0, 0.0, 0.0, 0.0, 0.0, 0.0, 0.0, 0.48139822483062744]
[0.3364487886428833, 0.0, 0.0, 0.0, 0.491848349571228, 0.0, 0.0, 0.0, 0.3279414176940918, 0.0, 0.0, 0.4750519096851349, 0.5078333616256714, 0.0, 0.0, 0.0, 0.0, 0.0, 0.0, 0.0, 0.0]
[0.35600993037223816, 0.0, 0.7983935475349426, 0.0, 0.0, 0.0, 0.0, 0.36627113819122314, 0.0, 0.0, 0.6029513478279114, 0.26462671160697937, 0.0, 0.0, 0.0, 0.0, 0.0, 0.0, 0.45789071917533875, 0.0, 0.0]
[0.5025278329849243, 0.7632497549057007, 0.0, 0.0, 0.0, 0.0, 1.170607089996338, 0.5031479001045227, 0.0, 0.0, 0.0, 0.0, 0.0, 0.0, 0.0, 0.0, 0.0, 0.0, 0.0, 0.0, 0.0]
[0.0, 0.0, 0.0, 0.0, 0.6608006358146667, 0.0, 0.0, 0.3664306104183197, 0.0, 0.6123791337013245, 0.0, 0.8627270460128784, 0.0, 0.26615965366363525, 0.0, 0.6962515115737915, 0.0, 0.4746933877468109, 0.0, 0.4168423116207123, 0.5301104187965393]
[0.0, 0.0, 0.0, 0.0, 0.4581778645515442, 0.0, 0.0, 0.8548603653907776, 1.5202887654304504, 0.5244282484054565, 1.549737811088562, 0.0, 0.47306862473487854, 0.0, 0.0, 0.0, 0.0, 0.0, 0.0, 0.0, 0.4539750814437866]
[0.0, 0.0, 0.0, 0.0, 0.0, 0.0, 0.0, 0.0, 0.0, 1.1601696014404297, 0.0, 1.6412328481674194, 0.0, 0.0, 0.0, 0.6765022873878479, 0.0, 0.0, 0.0, 0.0, 0.0]
[0.3897404670715332, 1.3330512046813965, 0.48827651143074036, 0.9921731352806091, 0.0, 0.8276551961898804, 0.0, 0.0, 0.0, 0.6044384241104126, 0.6423779129981995, 0.570045530796051, 0.0, 0.0, 0.7235565185546875, 0.0, 0.0, 0.0, 0.0, 0.0, 0.0]
[0.8299052119255066, 0.493332177400589, 0.0, 0.0, 0.0, 0.0, 0.0, 0.5103359222412109, 0.0, 0.0, 0.0, 0.3583923280239105, 0.0, 1.560218095779419, 0.0, 0.0, 0.7320281863212585, 0.0, 0.0, 0.0, 0.0]
[0.5444088578224182, 0.0, 0.9969240128993988, 0.0, 0.0, 0.0, 1.719748616218567, 0.0, 0.0, 0.0, 0.0, 0.24501007795333862, 0.0, 0.0, 0.0, 0.3029732406139374, 0.5225183367729187, 0.0, 0.4239475429058075, 0.2951924502849579, 0.41839680075645447]
[0.2874930500984192, 0.0, 0.4719197452068329, 0.0, 0.0, 0.6105219721794128, 0.4512065649032593, 0.2878477871417999, 0.0, 0.0, 0.0, 0.0, 0.43393993377685547, 0.0, 0.0, 0.0, 0.0, 0.0, 0.0, 0.0, 0.0]
[0.7625378370285034, 0.0, 1.1009960174560547, 0.0, 0.0, 0.0, 0.6927312612533569, 0.0, 0.0, 0.0, 0.0, 0.41989028453826904, 0.44886526465415955, 0.4360383450984955, 0.0, 0.5657488107681274, 0.26230892539024353, 0.0, 0.0, 0.0, 0.0]
[0.0, 0.0, 0.0, 0.0, 0.7770438194274902, 0.0, 0.0, 0.0, 0.8313195705413818, 0.0, 0.0, 0.40684181451797485, 0.0, 0.0, 0.0, 0.5030902624130249, 0.0, 0.0, 0.0, 0.49017012119293213, 0.0]
[0.0, 0.0, 0.0, 0.0, 0.0, 0.0, 0.0, 0.37098371982574463, 0.0, 1.1119506359100342, 0.0, 0.2605298161506653, 0.9947534203529358, 0.2004237174987793, 0.0, 0.32216453552246094, 0.0, 0.8619425296783447, 0.0, 0.0, 0.44489941000938416]
[0.4002070426940918, 0.0, 0.5013892650604248, 0.0, 0.5850553512573242, 1.4166200160980225, 0.37101566791534424, 0.8599198460578918, 0.651032567024231, 0.0, 0.0, 0.5650759339332581, 0.6040696501731873, 0.0, 0.0, 0.0, 0.35300761461257935, 0.0, 1.0449336767196655, 0.0, 0.0]
