[0.0, 0.0, 0.0, 0.12805368502934772, 0.0, 0.0, 0.0, 0.0, 0.0, 0.0, 0.0, 0.0, 0.0, 0.0, 0.0, 0.0, 0.0, 0.0, 0.0, 0.0, 0.0]
[0.0, 0.0, 0.03360826025406519, 0.0, 0.04064717392126719, 0.0, 0.11152037978172302, 0.0, 0.0, 0.03392364581425984, 0.09243090947469075, 0.0, 0.0, 0.0, 0.0, 0.0236927792429924, 0.0, 0.0, 0.0, 0.0, 0.03086696813503901]
[0.0, 0.0, 0.4654902269442876, 0.0, 0.0, 0.0, 0.0, 0.0, 0.10711632172266641, 0.11154965559641519, 0.0, 0.07138162851333618, 0.03495354453722636, 0.10711632172266641, 0.14459046473105747, 0.0, 0.07138162851333618, 0.01676693558692932, 0.06286922593911488, 0.03304080913464228, 0.0]
[0.0, 0.0, 0.0, 0.0, 0.0, 0.0, 0.0, 0.0, 0.0, 0.0, 0.0, 0.0, 0.06764911115169525, 0.0, 0.0, 0.05342622101306915, 0.0, 0.0, 0.0, 0.0, 0.0557970255613327]
[0.0, 0.0, 0.0, 0.04851458470026652, 0.039707452058792114, 0.0374613602956136, 0.0, 0.0, 0.0, 0.15868044644594193, 0.08730654915173848, 0.11455267667770386, 0.06555217007795969, 0.0, 0.12554108103116352, 0.04215954740842183, 0.0, 0.0, 0.0, 0.32639359434445697, 0.0]
[0.033830354611078896, 0.04700988531112671, 0.0, 0.0, 0.05328253904978434, 0.0, 0.04700988531112671, 0.0, 0.5623995065689087, 0.24708141883214313, 0.08404108881950378, 0.0, 0.0, 0.5623995065689087, 0.1937988797823588, 0.036611028015613556, 0.0, 0.058259492119153336, 0.0, 0.0, 0.036611028015613556]
[0.0, 0.06762767334779103, 0.0, 0.17264981816212335, 0.2011790076891581, 0.0, 0.0, 0.0, 0.0, 0.07173327853282292, 0.0, 0.0, 0.02179096390803655, 0.0, 0.04827539622783661, 0.0, 0.014932093520959217, 0.0, 0.0, 0.0, 0.0]
[0.0, 0.22742323080698648, 0.0, 0.0, 0.0, 0.0, 0.0, 0.0, 0.2034907341003418, 0.11154965559641519, 0.18842355410257974, 0.07138162851333618, 0.0, 0.0, 0.03304080913464228, 0.0, 0.0, 0.01676693558692932, 0.0, 0.0, 0.0]
[0.0, 0.0, 0.0, 0.0, 0.0, 0.08957117795944214, 0.0, 0.07914951940377553, 0.23564334710439044, 0.03625450283288956, 0.03491787860790888, 0.07851560413837433, 0.18051029741764069, 0.8657927513122559, 0.0, 0.0, 0.07851560413837433, 0.059302330017089844, 0.6142521301905314, 0.03441015134255091, 0.0557970255613327]
[0.0, 0.0, 0.0, 0.1841908097267151, 0.0, 0.10350842277208963, 0.1712040901184082, 0.0, 0.0, 0.0, 0.10350842277208963, 0.1712040901184082, 0.0, 0.15927258133888245, 0.12554108103116352, 0.04215954740842183, 0.0, 0.0, 0.0, 0.10381153225898743, 0.0]
[0.0, 0.0, 0.0, 0.0, 0.0, 0.0, 0.04700988531112671, 0.0, 0.0, 0.24708141883214313, 0.01642376308639844, 0.0, 0.029206765194733936, 0.5623995065689087, 0.0, 0.01642376308639844, 0.0, 0.058259492119153336, 0.055500415464242295, 0.022956048448880512, 0.036611028015613556]
[0.0, 0.018127739429473877, 0.0, 0.11758088568846384, 0.07112407684326172, 0.0, 0.04631403088569641, 0.0, 0.0, 0.05505773176749547, 0.04375908772150675, 0.07749906678994496, 0.023343664904435475, 0.0, 0.0607575016717116, 0.0, 0.052714804808298744, 0.0, 0.0, 0.0, 0.0]
[0.0, 0.0, 0.013988987853129704, 0.0, 0.0, 0.0, 0.0, 0.09302295744419098, 0.3817152976989746, 0.11784590035676956, 0.0, 0.0, 0.01747887705763181, 0.3817152976989746, 0.0, 0.0, 0.0, 0.0, 0.0, 0.0, 0.0]
[0.0, 0.0, 0.0355635533730189, 0.051120638847351074, 0.15496259927749634, 0.0, 0.0, 0.22104046245416004, 0.23564334710439044, 0.14013388752937317, 0.0, 0.21978319187959033, 0.27024610340595245, 0.08033378918965657, 0.0, 0.0, 0.0, 0.027638460199038185, 0.0, 0.025564973553021748, 0.0]
[0.046117896835009255, 0.0, 0.08087499936421712, 0.0, 0.11086026827494302, 0.1434661919871966, 0.20916819820801416, 0.0, 0.0, 0.054205358028411865, 0.039957769215106964, 0.0, 0.0, 0.0, 0.08432959020137787, 0.0, 0.0, 0.022519091765085854, 0.0, 0.0, 0.0]
[0.03183586895465851, 0.0, 0.0, 0.0, 0.0, 0.0, 0.0, 0.0, 0.0, 0.0, 0.0, 0.0, 0.03497271239757538, 0.0, 0.0, 0.01642376308639844, 0.0, 0.0, 0.0, 0.0, 0.0]
[0.0, 0.0, 0.053043752908706665, 0.8874616424242655, 0.2661732037862142, 0.03590494891007741, 0.0, 0.09519570072491963, 0.0, 0.0, 0.0, 0.0, 0.0, 0.0, 0.0, 0.0, 0.0, 0.0, 0.09215109546979268, 0.0, 0.0]
[0.1006702184677124, 0.0, 0.0, 0.16863491137822467, 0.0, 0.22241288423538208, 0.029894476135571797, 0.060447217275698975, 0.2028932472070058, 0.09002302090326944, 0.0, 0.047465006510416664, 0.11161367471019426, 0.3817152976989746, 0.0, 0.0, 0.0, 0.09413479765256245, 0.19463545580705005, 0.13740765055020648, 0.0]
[0.0, 0.0, 0.0, 0.0, 0.0, 0.0, 0.0, 0.12534751991430917, 0.0, 0.09193870425224304, 0.0, 0.0, 0.0, 0.14129130045572916, 0.0, 0.023909054696559906, 0.0, 0.027638460199038185, 0.0, 0.0, 0.023909054696559906]
[0.0, 0.0, 0.0, 0.0, 0.0, 0.039957769215106964, 0.0, 0.04749040802319844, 0.035019462307294205, 0.0, 0.10466302434603372, 0.0, 0.0, 0.0, 0.0, 0.05658557017644246, 0.0, 0.022519091765085854, 0.0, 0.0, 0.14844133456548053]
[0.0, 0.0, 0.09111992518107095, 0.21926823755105335, 0.03487270573774973, 0.0, 0.0956774353981018, 0.0, 0.0, 0.0, 0.03964993854363759, 0.0, 0.0, 0.0, 0.0, 0.0, 0.0, 0.0, 0.0, 0.0, 0.0]
