[1.1287516355514526, 0.0, 0.0, 1.0407812893390656, 0.0, 0.0, 0.3606419265270233, 0.5582284927368164, 0.6467453837394714, 2.4624210000038147, 0.0, 0.7217876315116882, 0.9508836269378662, 0.5279831886291504, 1.8253117799758911, 0.0, 0.0, 0.0, 3.2009700536727905, 0.0, 0.0]
[0.9996557831764221, 0.0, 0.0, 1.38028883934021, 0.0, 0.0, 0.0, 2.3377785086631775, 1.1024993658065796, 0.0, 2.182825207710266, 0.0, 0.0, 0.0, 2.6703730821609497, 0.0, 0.532564640045166, 1.37665855884552, 0.0, 0.0, 0.0]
[1.1176618337631226, 5.270417213439941, 0.0, 3.653043806552887, 0.39459291100502014, 0.9261260628700256, 0.0, 1.361343502998352, 0.6467453837394714, 2.124163269996643, 0.5345345139503479, 0.7217876315116882, 1.1176618337631226, 1.1427267789840698, 0.0, 0.42056554555892944, 0.0, 1.098383903503418, 0.8305009603500366, 0.0, 0.0]
[0.0, 0.0, 0.0, 0.0, 1.160438895225525, 0.25190964341163635, 1.641329288482666, 0.8323493003845215, 0.0, 0.0, 1.193079948425293, 0.0, 0.0, 0.0, 0.0, 0.0, 1.641329288482666, 0.0, 0.0, 0.0, 0.0]
[3.228914797306061, 0.0, 0.0, 1.4200494289398193, 0.0, 1.0019996762275696, 1.3678792715072632, 2.256973385810852, 2.850940227508545, 0.8206629753112793, 2.251882314682007, 0.0, 0.0, 0.5495994687080383, 0.0, 0.42056554555892944, 0.9642978310585022, 0.7234259843826294, 0.0, 0.0, 1.213204026222229]
[1.730584979057312, 0.5626248717308044, 0.0, 1.0302622467279434, 0.4238799810409546, 0.7691312730312347, 2.8519054651260376, 1.0305223166942596, 0.46599894762039185, 2.3560282588005066, 3.925530254840851, 0.5200690627098083, 1.5362159609794617, 0.6967332363128662, 0.0, 2.0541912317276, 0.0, 0.39559587836265564, 0.0, 0.8927225470542908, 1.620377779006958]
[0.5159873962402344, 0.0, 0.6207281947135925, 2.1246341168880463, 1.2558485269546509, 2.498866558074951, 1.3447577953338623, 0.6419193148612976, 0.0, 0.9620097875595093, 0.0, 1.55803644657135, 1.4758048057556152, 0.0, 1.4835756719112396, 0.0, 1.2262732982635498, 0.0, 2.498866558074951, 1.3447577953338623, 0.0]
[0.46573978662490845, 0.0, 0.5658034086227417, 1.11428701877594, 0.0, 0.3702293634414673, 5.728576794266701, 2.6941466331481934, 1.3086657524108887, 0.7600508332252502, 0.6067695617675781, 0.5200690627098083, 1.8005762100219727, 0.618154913187027, 0.0, 1.817085713148117, 0.0, 0.0, 0.0, 2.534977436065674, 2.243236720561981]
[1.6571859121322632, 0.757450520992279, 0.0, 0.36086320877075195, 4.283528208732605, 0.0, 4.558813691139221, 7.08758932352066, 0.45290422439575195, 2.423996150493622, 1.4809547662734985, 1.55803644657135, 1.4758048057556152, 0.0, 3.039394736289978, 0.775111973285675, 0.0, 0.3469173312187195, 1.3836214542388916, 0.0, 0.0]
[1.1175046563148499, 0.0, 3.6953967213630676, 2.5643348693847656, 7.100910842418671, 1.9948920011520386, 0.9688057601451874, 4.604251146316528, 0.0, 1.4152103066444397, 0.8921802639961243, 1.9107048511505127, 0.5081281065940857, 0.0, 1.8565713763237, 2.06851464509964, 0.7043119668960571, 2.5753414630889893, 2.7317991256713867, 0.7087966799736023, 0.8845100998878479]
[0.8277946710586548, 0.0, 0.0, 0.3037688732147217, 1.5094870328903198, 6.304124176502228, 4.3812300860881805, 0.35612624883651733, 0.5831559300422668, 2.8469383120536804, 1.271149456501007, 0.3110191524028778, 1.9129802584648132, 0.0, 1.1786227822303772, 0.4977370798587799, 0.6612910628318787, 3.1783471405506134, 0.0, 0.7417909502983093, 0.0]
[0.6609616875648499, 0.6011263728141785, 2.104843854904175, 1.28092360496521, 0.0, 2.667422443628311, 0.618614673614502, 0.42709240317344666, 2.9214656054973602, 0.0, 1.2577801644802094, 0.9978949427604675, 0.5719955563545227, 2.6415130496025085, 0.0, 1.8597745299339294, 3.702961802482605, 2.312537908554077, 1.3836214542388916, 0.9217698574066162, 0.0]
[1.162106066942215, 0.0, 1.2452871799468994, 5.433252334594727, 1.6731736063957214, 0.8545913696289062, 0.7060346007347107, 0.772198498249054, 0.0, 2.386915147304535, 0.6940257549285889, 1.9223970174789429, 2.619578719139099, 0.43522629141807556, 0.0, 0.0, 0.0, 0.0, 0.0, 1.6750729382038116, 0.0]
[1.2388549149036407, 0.0, 0.0, 0.0, 0.8657896518707275, 1.1777729988098145, 0.0, 0.49594855308532715, 3.0316638946533203, 2.834201365709305, 6.752313166856766, 0.0, 0.0, 3.8125863075256348, 2.944335252046585, 0.0, 1.2270073890686035, 1.1184571385383606, 0.0, 0.23806416988372803, 0.0]
[1.619484007358551, 1.9998896718025208, 0.0, 0.7951245903968811, 0.578119158744812, 0.5990478992462158, 0.7487365901470184, 0.874334454536438, 0.0, 2.7472195625305176, 0.7484457492828369, 0.0, 1.2480553984642029, 0.0, 1.8588626980781555, 0.0, 3.9065264463424683, 0.0, 0.0, 0.0, 0.0]
[1.2546869218349457, 0.0, 8.69796633720398, 5.433252334594727, 0.0, 2.1568093299865723, 0.0, 1.2356903553009033, 0.0, 0.8203962445259094, 0.326124370098114, 1.3810714483261108, 2.8647139072418213, 0.4739059507846832, 0.0, 0.4528154134750366, 0.0, 0.0, 0.0, 0.6648256182670593, 0.0]
[1.0005387663841248, 1.484652042388916, 0.0, 0.8034071326255798, 0.6947413086891174, 0.4257450997829437, 1.5939885973930359, 0.7966188192367554, 5.537051618099213, 0.8949166685342789, 3.262594848871231, 1.4696100950241089, 7.107246577739716, 2.8456678092479706, 0.579314649105072, 0.7434769868850708, 0.43625396490097046, 0.0, 0.0, 0.5999583601951599, 0.5711584091186523]
[2.31292125582695, 2.2313754558563232, 5.833252429962158, 1.6100512742996216, 1.6720092296600342, 1.5731629133224487, 0.0, 0.0, 1.055644154548645, 1.0257325172424316, 0.7990198731422424, 2.479506731033325, 1.0952175855636597, 0.418856680393219, 1.2160923480987549, 0.7835983037948608, 3.4498389959335327, 0.7458938956260681, 0.7506526112556458, 0.0, 0.0]
[3.702023059129715, 2.8459614515304565, 0.0, 1.8008148670196533, 2.228419780731201, 2.9394488632678986, 1.615376889705658, 0.3447510898113251, 0.0, 2.0834563970565796, 0.5162676572799683, 0.721123456954956, 5.656075596809387, 2.2299338579177856, 2.829164043068886, 1.0292088985443115, 0.0, 0.2567176818847656, 0.0, 0.7280052304267883, 0.0]
[0.4533553123474121, 0.0, 1.5812232196331024, 0.264393150806427, 1.115579605102539, 0.9932926297187805, 0.0, 0.499345600605011, 0.768238753080368, 1.4129554629325867, 2.1591075509786606, 0.0, 2.613837033510208, 1.682574212551117, 1.2306392192840576, 1.496978908777237, 0.42083829641342163, 0.31405913829803467, 0.0, 0.0, 0.6484102010726929]
[2.4830246567726135, 3.2828821539878845, 4.647358000278473, 2.304608404636383, 2.9691261053085327, 0.0, 0.0, 0.0, 0.8914259672164917, 0.39851027727127075, 2.0734951496124268, 0.0, 0.0, 4.247222393751144, 1.5254185199737549, 0.0, 1.9117951393127441, 0.7529923915863037, 0.0, 2.4034494161605835, 0.0]
