[0.053750077883402504, 0.0, 0.0, 0.049561013778050736, 0.0, 0.0, 0.017173425072715395, 0.026582309177943637, 0.030797399225689113, 0.1172581428573245, 0.0, 0.03437083959579468, 0.04528017271132696, 0.025142056601388112, 0.08691960857028053, 0.0, 0.0, 0.0, 0.15242714541299002, 0.0, 0.0]
[0.047602656341734384, 0.0, 0.0, 0.06572803996858143, 0.0, 0.0, 0.0, 0.11132278612681797, 0.05249996980031331, 0.0, 0.10394405751001266, 0.0, 0.0, 0.0, 0.1271606229600452, 0.0, 0.025360220954531713, 0.06555516946883429, 0.0, 0.0, 0.0]
[0.05322199208395821, 0.2509722482590448, 0.0, 0.1739544669787089, 0.018790138619286672, 0.04410124108904884, 0.0, 0.06482588109515962, 0.030797399225689113, 0.10115063190460205, 0.025454024473826088, 0.03437083959579468, 0.05322199208395821, 0.054415560904003325, 0.0, 0.0200269307409014, 0.0, 0.05230399540492466, 0.03954766477857317, 0.0, 0.0]
[0.0, 0.0, 0.0, 0.0, 0.055258995010739276, 0.011995697305316017, 0.07815853754679361, 0.0396356809706915, 0.0, 0.0, 0.0568133308773949, 0.0, 0.0, 0.0, 0.0, 0.0, 0.07815853754679361, 0.0, 0.0, 0.0, 0.0]
[0.1537578474907648, 0.0, 0.0, 0.06762140137808663, 0.0, 0.04771427029655093, 0.06513710816701253, 0.1074749231338501, 0.13575905845278785, 0.03907918930053711, 0.10723249117533365, 0.0, 0.0, 0.026171403271811347, 0.0, 0.0200269307409014, 0.04591894433611915, 0.03444885639917283, 0.0, 0.0, 0.057771620296296615]
[0.08240880852653866, 0.026791660558609733, 0.0, 0.049060106987044924, 0.020184761001950217, 0.03662529871577308, 0.13580502214885892, 0.04907249127115522, 0.022190426077161516, 0.11219182184764316, 0.1869300121352786, 0.024765193462371826, 0.07315314099902198, 0.03317777315775553, 0.0, 0.09781863008226667, 0.0, 0.01883789896965027, 0.0, 0.042510597478775745, 0.07716084661937894]
[0.02457082839239211, 0.0, 0.029558485462552023, 0.10117305318514505, 0.059802310807364326, 0.11899364562261672, 0.06403608549208868, 0.030567586421966553, 0.0, 0.04580998988378615, 0.0, 0.07419221174149286, 0.07027641932169595, 0.0, 0.07064646056720188, 0.0, 0.05839396658397856, 0.0, 0.11899364562261672, 0.06403608549208868, 0.0]
[0.02217808507737659, 0.0, 0.026943019458225793, 0.05306128660837809, 0.0, 0.01762996968768892, 0.2727893711555572, 0.12829269681658062, 0.06231741678147089, 0.03619289682025001, 0.028893788655598957, 0.024765193462371826, 0.08574172428676059, 0.029435948247001284, 0.0, 0.08652789110229128, 0.0, 0.0, 0.0, 0.12071321124122256, 0.1068207962172372]
[0.0789136148634411, 0.036069072428203765, 0.0, 0.017183962322416757, 0.20397753374917166, 0.0, 0.2170863662447248, 0.3375042535009838, 0.02156686782836914, 0.1154283881187439, 0.07052165553683326, 0.07419221174149286, 0.07027641932169595, 0.0, 0.14473308268047513, 0.036910093965984526, 0.0, 0.016519872915177116, 0.0658867359161377, 0.0, 0.0]
[0.05321450744356428, 0.0, 0.17597127244586036, 0.1221111842564174, 0.3381386115437462, 0.09499485719771612, 0.046133607625961304, 0.21925005458650135, 0.0, 0.06739096698306855, 0.04248477447600592, 0.09098594529288155, 0.02419657650448027, 0.0, 0.08840816077731904, 0.09850069738569714, 0.03353866509028843, 0.12263530776614234, 0.13008567265101842, 0.03375222285588582, 0.04211952856608799]
[0.03941879385993594, 0.0, 0.0, 0.01446518443879627, 0.07188033489953903, 0.3001963893572489, 0.20863000409943716, 0.01695839280173892, 0.027769330002012704, 0.13556849105017524, 0.06053092650004795, 0.014810435828708467, 0.09109429802213395, 0.0, 0.05612489439192272, 0.023701765707560947, 0.03149005061104184, 0.15134986383574348, 0.0, 0.03532337858563377, 0.0]
[0.03147436607451666, 0.028625065372103735, 0.10023065975734165, 0.06099636214120047, 0.0, 0.12702011636325292, 0.02945784160069057, 0.020337733484449838, 0.13911740978558856, 0.0, 0.059894293546676636, 0.0475188067981175, 0.02723788363592965, 0.12578633569535755, 0.0, 0.08856069190161568, 0.17633151440393355, 0.11012085278828938, 0.0658867359161377, 0.04389380273364839, 0.0]
[0.05533838414010547, 0.0, 0.05929938952128092, 0.25872630164736793, 0.07967493363789149, 0.04069482712518601, 0.03362069527308146, 0.03677135705947876, 0.0, 0.1136626260621207, 0.033048845472789946, 0.09154271511804489, 0.12474184376852852, 0.020725061496098835, 0.0, 0.0, 0.0, 0.0, 0.0, 0.07976537800970532, 0.0]
[0.05899309118588765, 0.0, 0.0, 0.0, 0.041228078660510835, 0.056084428514753065, 0.0, 0.02361659776596796, 0.14436494736444383, 0.13496196979568117, 0.32153872223127455, 0.0, 0.0, 0.18155172892979213, 0.1402064405736469, 0.0, 0.05842892328898112, 0.05325986373992193, 0.0, 0.011336389042082286, 0.0]
[0.0771182860646929, 0.09523284151440574, 0.0, 0.037863075733184814, 0.02752948374975295, 0.02852609044029599, 0.03565412334033421, 0.04163497402554466, 0.0, 0.13081997916811988, 0.03564027377537318, 0.0, 0.05943120945067632, 0.0, 0.08851727133705502, 0.0, 0.18602506887345086, 0.0, 0.0, 0.0, 0.0]
[0.059746996277854555, 0.0, 0.4141888732001895, 0.25872630164736793, 0.0, 0.10270520618983676, 0.0, 0.05884239787147158, 0.0, 0.039066487834567114, 0.015529731909434, 0.06576530706314813, 0.13641494796389625, 0.022566950037365866, 0.0, 0.021562638736906503, 0.0, 0.0, 0.0, 0.03165836277462187, 0.0]
[0.04764470316114879, 0.07069771630423409, 0.0, 0.03825748250597999, 0.03308291946138654, 0.020273576180140175, 0.0759042189234779, 0.03793422948746454, 0.2636691246713911, 0.04261507945401328, 0.15536165947005862, 0.06998143309638613, 0.33844031322570073, 0.13550799091657, 0.027586411862146287, 0.035403666042146224, 0.02077399832861764, 0.0, 0.0, 0.028569445723579043, 0.027198019481840585]
[0.11013910742033095, 0.10625597408839633, 0.27777392523629324, 0.07666910829998197, 0.07961948712666829, 0.07491251968202137, 0.0, 0.0, 0.05026876926422119, 0.048844405582972934, 0.03804856538772583, 0.118071749096825, 0.05215321836017427, 0.019945556209200903, 0.057909159433274036, 0.03731420494261242, 0.1642780474254063, 0.03551875693457467, 0.035745362440745033, 0.0, 0.0]
[0.17628681233951024, 0.1355219738824027, 0.0, 0.08575308890569777, 0.10611522765386672, 0.13997375539370946, 0.07692270903360275, 0.01641671856244405, 0.0, 0.09921220938364664, 0.024584174156188965, 0.03433921223595029, 0.2693369331813994, 0.10618732656751359, 0.13472209728899456, 0.049009947549729115, 0.0, 0.012224651518322171, 0.0, 0.034666915734608963, 0.0]
[0.021588348207019624, 0.0, 0.0752963437920525, 0.012590150038401285, 0.05312283833821614, 0.04729964903422764, 0.0, 0.02377836193357195, 0.03658279776573181, 0.06728359347298031, 0.10281464528469812, 0.0, 0.12446843016715275, 0.08012258155005318, 0.05860186758495512, 0.07128470994177319, 0.0200399188768296, 0.014955197061811174, 0.0, 0.0, 0.0308766762415568]
[0.11823926937012445, 0.1563277216184707, 0.2213027619180225, 0.10974325736363728, 0.1413869573956444, 0.0, 0.0, 0.0, 0.0424488555817377, 0.01897667987006051, 0.09873786426725842, 0.0, 0.0, 0.20224868541672114, 0.07263897714160737, 0.0, 0.09103786377679733, 0.035856780551728744, 0.0, 0.11444997219812302, 0.0]
