[0.6694122552871704, 0.0, 2.0118619203567505, 1.1650587320327759, 0.0, 0.0, 0.8456096649169922, 0.0, 0.0, 0.0, 0.0, 0.0, 0.0, 0.0, 0.5299561619758606, 3.547043561935425, 0.0, 3.547043561935425, 0.6853938698768616, 0.0, 0.0]
[0.0, 0.0, 0.0, 0.0, 11.384299278259277, 2.674995183944702, 0.0, 0.0, 0.0, 0.0, 0.0, 0.0, 0.0, 0.0, 0.0, 0.0, 0.0, 0.0, 0.0, 0.49957647919654846, 0.0]
[0.43702223896980286, 0.0, 0.47067514061927795, 0.0, 0.3649729788303375, 0.0, 0.0, 0.0, 0.0, 1.7534111738204956, 1.5102245211601257, 0.0, 2.439926564693451, 0.0, 0.0, 0.0, 0.0, 0.8227678537368774, 1.2165403962135315, 0.3131031394004822, 0.0]
[2.0119656324386597, 0.0, 1.3425533771514893, 0.0, 0.0, 0.0, 0.0, 1.045697569847107, 0.0, 0.0, 0.0, 1.4990684986114502, 0.5299561619758606, 0.0, 0.5299561619758606, 0.0, 0.0, 0.0, 0.0, 0.46079567074775696, 0.0]
[0.0, 0.0, 11.834336966276169, 0.0, 13.037826418876648, 0.74897700548172, 1.4470863342285156, 0.23336902260780334, 0.0, 0.0, 0.0, 1.0796719789505005, 0.9885759949684143, 0.0, 13.139831781387329, 0.0, 16.976308822631836, 0.0, 0.6450159549713135, 0.7974165678024292, 0.0]
[0.0, 0.0, 0.0, 0.0, 1.018248438835144, 0.0, 0.0, 1.7534111738204956, 0.7564667463302612, 1.7534111738204956, 1.9239115118980408, 0.6637188792228699, 0.9855652451515198, 0.0, 0.0, 0.9880818724632263, 2.813227653503418, 4.254464149475098, 0.0, 0.0, 0.8508679270744324]
[0.0, 0.8840475082397461, 0.0, 0.0, 0.5044546723365784, 1.045697569847107, 0.0, 2.139223098754883, 0.0, 4.721322298049927, 0.7892941832542419, 1.8423707783222198, 1.5005178451538086, 0.0, 0.0, 0.0, 0.0, 0.0, 0.0, 0.0, 0.0]
[0.0, 0.0, 2.224990129470825, 1.220493644475937, 0.0, 1.4337443709373474, 0.0, 0.0, 1.4595662355422974, 0.3361753225326538, 0.0, 0.0, 0.0, 0.0, 0.0, 0.0, 1.820159673690796, 0.0, 1.349672555923462, 0.38755232095718384, 1.1146652102470398]
[3.872448444366455, 1.6336207389831543, 0.0, 0.8995165228843689, 0.0, 0.0, 1.2191216945648193, 0.0, 0.799351692199707, 1.486522912979126, 0.0, 0.4391573965549469, 0.4337710440158844, 0.0, 0.0, 0.0, 0.3387129604816437, 0.0, 0.0, 0.0, 0.6207589507102966]
[0.0, 0.0, 0.0, 0.0, 0.3777755796909332, 1.5485901534557343, 0.0, 1.0935255289077759, 0.0, 0.0, 0.7713499069213867, 3.470527172088623, 0.0, 0.0, 0.0, 0.0, 0.0, 0.0, 0.0, 0.0, 0.0]
[1.0235881805419922, 0.5755926370620728, 0.0, 1.7084124088287354, 0.8018413782119751, 0.0, 1.2909435033798218, 0.0, 2.4252626299858093, 0.0, 0.5560122728347778, 0.32017096877098083, 1.228529155254364, 0.6051661968231201, 0.0, 0.8938688635826111, 1.2283971309661865, 0.0, 1.4331597089767456, 0.0, 0.9506537318229675]
[1.6282099187374115, 1.9139339923858643, 2.0238688588142395, 1.1935532093048096, 0.38487952947616577, 0.0, 0.835243284702301, 2.09611713886261, 1.915785312652588, 1.486522912979126, 0.0, 2.3577585220336914, 1.1134673357009888, 1.3079413771629333, 0.0, 0.0, 2.8454978466033936, 0.0, 0.0, 0.24083857238292694, 1.487756609916687]
[0.0, 0.0, 0.0, 0.0, 0.42273372411727905, 0.9916502237319946, 3.0293015837669373, 0.8350417017936707, 0.0, 0.0, 2.837574541568756, 0.0, 1.9678825736045837, 0.9042160511016846, 2.4738874435424805, 0.0, 0.0, 0.0, 0.0, 0.0, 0.8425495028495789]
[1.0235881805419922, 2.2981883883476257, 2.436918258666992, 1.7084124088287354, 1.973805546760559, 4.947816431522369, 0.44174501299858093, 0.0, 0.0, 0.5272597670555115, 0.7119733691215515, 0.41509780287742615, 0.7119733691215515, 1.4907000064849854, 0.0, 0.0, 0.0, 0.0, 0.0, 0.0, 0.0]
[0.7547090649604797, 0.0, 0.0, 0.0, 0.0, 0.0, 1.7773503065109253, 0.9766254723072052, 0.0, 0.0, 2.0121214389801025, 0.7172955870628357, 0.0, 0.7172955870628357, 0.0, 2.359868049621582, 0.0, 0.0, 0.0, 0.0, 0.0]
[0.0, 0.38842281699180603, 1.1136642694473267, 2.7561707496643066, 2.4501450061798096, 0.4832536280155182, 3.274244785308838, 0.0, 0.0, 0.22592541575431824, 1.1181070804595947, 1.923281490802765, 1.1181070804595947, 0.6697798371315002, 0.0, 0.0, 0.0, 0.0, 1.1926098465919495, 0.2955482006072998, 0.470930814743042]
[2.436918258666992, 0.8844916820526123, 4.267818480730057, 1.4152836799621582, 0.0, 1.5995949804782867, 0.6143428981304169, 0.0, 0.0, 5.050159931182861, 1.2774595022201538, 1.0476959943771362, 0.0, 2.0935351848602295, 0.0, 0.0, 0.0, 0.0, 0.0, 0.9858591556549072, 0.0]
[0.7547090649604797, 0.0, 3.3138928413391113, 0.0, 0.7907492518424988, 2.0807581543922424, 0.0, 0.7980065941810608, 2.2093019485473633, 0.0, 1.599379688501358, 0.0, 0.0, 0.0, 2.716346859931946, 0.0, 0.0, 0.0, 0.40283408761024475, 0.4803217053413391, 0.0]
[0.0, 2.5550246834754944, 0.0, 1.9828746318817139, 1.0953221321105957, 2.0038540363311768, 0.8744558095932007, 0.24687835574150085, 0.0, 0.0, 0.0, 1.1636268198490143, 2.9028391242027283, 2.038112163543701, 0.0, 0.0, 0.0, 0.0, 0.0, 0.0, 0.4387284219264984]
[0.0, 0.0, 0.0, 0.0, 0.0, 0.0, 0.25685903429985046, 0.7530035972595215, 1.2774595022201538, 0.0, 1.2774595022201538, 0.0, 0.0, 1.7902731895446777, 0.0, 0.0, 3.485769510269165, 0.0, 1.113855242729187, 0.569290041923523, 0.562187135219574]
[3.522419348359108, 0.0, 3.3138928413391113, 1.6298204064369202, 0.0, 1.6615924537181854, 0.3090564012527466, 0.6951169818639755, 0.37921372056007385, 0.0, 0.4958361089229584, 1.409732609987259, 2.5449395179748535, 0.43175384402275085, 1.3081177473068237, 0.0, 0.0, 0.0, 0.7817515730857849, 0.0, 5.628534495830536]
