[8.068783068783068, 8.030990173847316, 8.10657596371882, 15.83522297808012, 0.0, 0.0, 0.0, 7.501889644746788, 0.0, 7.9743008314436885, 15.83522297808012, 8.163265306122447, 0.0, 0.0, 0.0, 0.0, 7.520786092214664, 0.0, 0.0, 8.2010582010582, 0.0]
[16.11866969009826, 8.125472411186696, 0.0, 0.0, 0.0, 0.0, 0.0, 8.10657596371882, 7.766439909297052, 0.0, 0.0, 0.0, 15.910808767951623, 0.0, 0.0, 0.0, 0.0, 0.0, 0.0, 0.0, 0.0]
[15.816326530612244, 0.0, 8.049886621315192, 0.0, 8.10657596371882, 0.0, 0.0, 8.2010582010582, 7.9931972789115635, 7.558578987150416, 16.21315192743764, 23.715041572184425, 0.0, 7.936507936507935, 0.0, 0.0, 0.0, 0.0, 0.0, 0.0, 7.7286470143613]
[7.690854119425548, 7.955404383975812, 8.276643990929704, 0.0, 0.0, 16.15646258503401, 15.77853363567649, 16.02418745275888, 7.426303854875283, 0.0, 16.043083900226755, 16.194255479969762, 0.0, 15.854119425547996, 0.0, 0.0, 16.175359032501888, 7.4074074074074066, 0.0, 0.0, 0.0]
[7.898715041572183, 16.288737717309147, 0.0, 0.0, 0.0, 8.163265306122447, 0.0, 16.496598639455783, 7.9743008314436885, 0.0, 8.01209372637944, 0.0, 0.0, 0.0, 8.030990173847316, 8.219954648526077, 0.0, 0.0, 8.2010582010582, 0.0, 0.0]
[8.030990173847316, 0.0, 8.29554043839758, 0.0, 0.0, 0.0, 8.144368858654573, 0.0, 0.0, 0.0, 8.125472411186696, 8.276643990929704, 8.238851095993953, 7.785336356764928, 0.0, 16.232048374905517, 0.0, 8.01209372637944, 7.91761148904006, 8.182161753590325, 0.0]
[0.0, 0.0, 0.0, 0.0, 0.0, 16.232048374905517, 0.0, 0.0, 0.0, 0.0, 0.0, 0.0, 16.02418745275888, 7.9743008314436885, 0.0, 8.238851095993953, 8.125472411186696, 0.0, 0.0, 0.0, 0.0]
[0.0, 24.092970521541947, 0.0, 8.314436885865456, 23.469387755102037, 7.747543461829176, 8.314436885865456, 7.91761148904006, 0.0, 16.08087679516251, 7.747543461829176, 7.91761148904006, 8.257747543461829, 7.747543461829176, 0.0, 7.9931972789115635, 0.0, 0.0, 0.0, 8.163265306122447, 0.0]
[0.0, 0.0, 7.879818594104308, 0.0, 0.0, 8.276643990929704, 15.759637188208616, 0.0, 8.163265306122447, 8.049886621315192, 0.0, 0.0, 15.9297052154195, 8.10657596371882, 7.936507936507935, 0.0, 0.0, 0.0, 0.0, 0.0, 0.0]
[7.690854119425548, 16.043083900226755, 0.0, 16.326530612244895, 8.030990173847316, 0.0, 0.0, 16.099773242630384, 7.9931972789115635, 8.2010582010582, 8.257747543461829, 0.0, 16.4021164021164, 0.0, 0.0, 0.0, 0.0, 0.0, 0.0, 0.0, 0.0]
[15.948601662887379, 7.860922146636431, 7.860922146636431, 8.29554043839758, 7.879818594104308, 0.0, 7.7286470143613, 0.0, 8.049886621315192, 8.049886621315192, 15.721844293272863, 0.0, 0.0, 7.804232804232804, 0.0, 0.0, 7.955404383975812, 8.257747543461829, 7.936507936507935, 0.0, 0.0]
[0.0, 0.0, 8.01209372637944, 0.0, 0.0, 0.0, 7.82312925170068, 7.766439909297052, 0.0, 8.182161753590325, 0.0, 8.29554043839758, 0.0, 8.049886621315192, 0.0, 0.0, 7.955404383975812, 32.407407407407405, 8.068783068783068, 0.0, 0.0]
[7.63416477702192, 0.0, 7.898715041572183, 7.879818594104308, 0.0, 7.7286470143613, 7.690854119425548, 0.0, 15.854119425547996, 23.620559334845048, 0.0, 7.8420256991685555, 8.030990173847316, 7.860922146636431, 7.709750566893423, 0.0, 0.0, 7.653061224489797, 8.125472411186696, 8.314436885865456, 15.83522297808012]
[7.766439909297052, 8.238851095993953, 0.0, 8.087679516250944, 7.955404383975812, 8.030990173847316, 15.797430083144366, 8.219954648526077, 8.087679516250944, 15.873015873015873, 15.910808767951623, 16.08087679516251, 15.58956916099773, 0.0, 0.0, 0.0, 8.068783068783068, 0.0, 7.653061224489797, 0.0, 0.0]
[16.061980347694632, 24.470899470899468, 0.0, 0.0, 8.144368858654573, 8.163265306122447, 0.0, 7.860922146636431, 0.0, 8.10657596371882, 0.0, 0.0, 0.0, 8.125472411186696, 16.175359032501888, 0.0, 8.276643990929704, 16.08087679516251, 0.0, 0.0, 0.0]
[7.879818594104308, 0.0, 0.0, 0.0, 0.0, 0.0, 7.91761148904006, 0.0, 15.948601662887377, 7.464096749811035, 8.238851095993953, 0.0, 0.0, 7.936507936507935, 0.0, 0.0, 0.0, 8.2010582010582, 15.721844293272866, 8.2010582010582, 0.0]
[7.785336356764928, 0.0, 8.257747543461829, 0.0, 0.0, 15.929705215419503, 0.0, 8.10657596371882, 16.4021164021164, 0.0, 8.182161753590325, 0.0, 16.061980347694632, 0.0, 8.182161753590325, 0.0, 0.0, 7.577475434618291, 0.0, 0.0, 8.030990173847316]
[7.9743008314436885, 16.4021164021164, 0.0, 0.0, 24.62207105064248, 23.84731670445956, 0.0, 16.194255479969762, 15.58956916099773, 8.238851095993953, 7.9931972789115635, 0.0, 0.0, 7.82312925170068, 0.0, 0.0, 0.0, 7.8420256991685555, 0.0, 7.9743008314436885, 0.0]
[15.83522297808012, 0.0, 0.0, 16.3265306122449, 8.257747543461829, 8.144368858654573, 0.0, 0.0, 0.0, 0.0, 8.144368858654573, 0.0, 0.0, 16.534391534391535, 0.0, 0.0, 0.0, 7.785336356764928, 0.0, 0.0, 0.0]
[15.797430083144366, 8.2010582010582, 7.898715041572183, 7.91761148904006, 16.25094482237339, 8.068783068783068, 7.898715041572183, 15.532879818594104, 0.0, 0.0, 7.82312925170068, 16.099773242630384, 8.29554043839758, 8.314436885865456, 8.29554043839758, 0.0, 0.0, 0.0, 0.0, 0.0, 0.0]
[31.405895691609977, 7.671957671957672, 0.0, 8.087679516250944, 0.0, 0.0, 8.068783068783068, 0.0, 7.482993197278912, 15.910808767951625, 8.01209372637944, 8.144368858654573, 0.0, 0.0, 0.0, 0.0, 0.0, 0.0, 0.0, 0.0, 8.01209372637944]
