0.000455972257579769
0.000460451167863406
0.000502932723059441
0.000459200947509562
0.000450062665674241
0.000394064439001412
0.000437239274016779
0.000445417967706656
0.00043628480459066
0.000423577965506365
0.000449882041219825
0.00043426035215465
0.000471364384000571
0.000426984976546843
0.000485072145860121
0.000486069135746594
0.000435685004544762
0.00050222437488859
0.000502097268829929
0.00047368120524025
0.000476598812930116
0.000429337455565771
0.000536775730065288
0.000451688194199337
0.000504736960237878
0.000432728685615385
0.000523766580163144
0.000514902975368443
0.000458726250439583
0.000514823781925728
0.000460542358983291
0.000466258006785364
0.000508584343056607
0.000485996290828832
0.000555542999156924
0.000485886203164345
0.000538847489707901
0.000449970936746084
0.000472386523892066
0.00050144118474996
0.000483536208890274
0.000589724101171435
0.000474792367991789
0.000603867647337317
0.000565058967457554
0.000538381237242891
0.000528168634890091
0.000519281313518573
0.000552982732138602
0.000534886743483204
0.000517998525141197
0.000510571213136836
0.000533363699156375
0.000605202600084286
0.000558511063952949
0.000637330688105488
0.000543830958051259
0.0006369285072412
0.000603153081996923
0.000631775339907623
0.000596562711499352
0.000598496065011332
0.000592878627365307
0.000632145077890609
0.000687084828442723
0.000651466604524247
0.000709187315187851
0.000686877409019893
0.00069773769281545
0.000634465991478657
0.000712265254578355
0.000714860469320498
0.000632923286150839
0.000704931584892506
0.000678646387474704
0.000763686190717142
0.000784602413576217
0.000862731754496217
0.000854567400826518
0.000774810739845699
0.000827594531776095
0.000824309408648342
0.000847110986815079
0.00089262052078549
0.000822010462106663
0.000845677984298277
0.0007715821302902
0.000925583759450838
0.000905524185700587
0.00085701864808074
0.00103456117393233
0.000892639427626006
0.000895725929591471
0.000886701732548629
0.00100069631935758
0.000902449026350237
0.00101695878685308
0.000893708004849965
0.00104778675309808
0.000914701433835917
0.00104435918724054
0.00116827237603886
0.000909795198179577
0.0011741554254983
0.00109323450172426
0.00104432856618937
0.00104797833103049
0.00105557180483065
0.00116549724401766
0.00118768916153444
0.000993510463690968
0.00107298005036483
0.00102627646399761
0.00119655759122206
0.00120968833558742
0.00111920269068494
0.00102537874694055
0.0011834875144399
0.00105977421087193
0.00117330749062462
0.00135759192566937
0.00107297802556732
0.00141394835444765
0.00123321073700065
0.0013405325740514
0.00123300326358334
0.00114900056706049
0.00125300675962245
0.00131373246017948
0.00123086868726463
0.00139989472552549
0.00117882166548354
0.0014369968405266
0.00135615137667104
0.0014308168353151
0.00151399287237268
0.00129801685751909
0.00152462455629954
0.00134086053941259
0.00140691460425797
0.00150621793000151
0.00155688231808008
0.00166794553995972
0.00155965895128127
0.00157382075684278
0.00150248485156299
0.0015385045292379
0.00172360853034168
0.00157151733075097
0.00157139121280306
0.00168003120501486
0.0016829415967835
0.0016436480809849
0.00152669286738701
0.00165255985376054
0.00176093786001824
0.00162997283386148
0.00170250132199428
0.00185251320925561
0.00154979388068056
0.00180617741933235
0.00160223428883135
0.00173744181898404
0.00169331210404141
0.00178360608836973
0.00183492887535437
0.00172429827849446
0.00169967847891288
0.00172480757718524
0.00179895119206209
0.00183763042458374
0.00180172955451774
0.00199423444279828
0.00173293083710508
0.00208573783037321
0.00188731889858148
0.00174967396203302
0.00201515829013496
0.00176816192827348
0.00192114648232394
0.00185981631504722
0.00181538344674016
0.00210525373159557
0.00188017436349501
0.00210987686848265
0.00180377260138144
0.00189185392001258
0.00203799627912722
0.00198669388941839
0.00201543737435851
0.00179175644243831
0.00196041459676434
0.00191360174364267
0.00217627871789827
0.0020377007431506
0.00197772499346556
0.00216068755097696
0.00197105399016011
0.00195754360012574
0.00205782427880452
0.00198202092507142
0.00212327103490654
0.00191346453615667
0.00211818499076089
0.00220695649345967
0.00207345092544274
0.00222771673345242
0.00201998984264375
0.00213993564788485
0.00202934285352237
0.00201530174489124
0.00204615302611038
0.00215033274265892
0.00212713325938994
0.00226820760909853
0.00201981147281461
0.00206826589521818
0.00202163558209449
0.00204637955132824
0.00204204293849899
0.00218625459473016
0.00217942072953624
0.00199525457637916
0.00213663278969914
0.0021677270540028
0.00206784789670517
0.00228196608266656
0.00218077700008369
0.00241077467860266
0.0022734697711843
0.00223874311302143
0.00244608804170922
0.00215371425105919
0.00222636520720234
0.00209534673748334
0.00185866906008145
0.00231894929738358
0.0020268556081402
0.00168609581964116
0.00203000131527798
0.00185645196579554
0.00176334636647864
0.00146026080512899
0.00145701765535767
0.00202905905129686
0.00195750414047518
0.00243123050940347
0.00214910301558082
0.00157471666691147
0.0013654477527974
0.00116719652894059
0.00112700009445727
0.00160284908808847
0.00133457266838307
0.0012302813449953
0.00174390738217816
0.00184861134327541
0.0015357656635518
0.00149972772786398
0.0013650255233988
0.0012266115200473
0.00144051218995309
0.00180414272831267
0.00183453979337917
0.00187949764114465
0.00168685668129957
0.00171885815298832
0.00185363021751445
0.00166147661688853
0.0017713999939463
0.00159449622303522
0.00159515738375114
0.00171942897048028
0.00163168732293214
0.0016724940007642
0.00163039684403815
0.0016444132338813
0.0015507787386703
0.00161196696884037
0.00156695332104467
0.00158081969923674
0.00160140070864881
0.00141460821989363
0.00152464967631976
0.00152791905665231
0.00157890939971697
0.00160518312081082
0.0014019856427013
0.00160028722010563
0.00141656854373312
0.00144768183813251
0.00149955773295175
0.00129243061834032
0.00143294716609972
0.00143052947729665
0.00144093246869871
0.00147000610718704
0.0013130975728517
0.00143230155391326
0.00152761027148958
0.00128279486573288
0.00118307435885455
0.00130080582024381
0.00118847549577564
0.00147768745732677
0.00126620880898975
0.00125727441219964
0.00140174495925168
0.00136679230806052
0.00142096154126778
0.00123245790934289
0.00113140084500107
0.00127635535820434
0.00109688148039118
0.00128033705638696
0.00114221294731174
0.00118734758693673
0.00124566261605701
0.00112809686463568
0.00104593127280761
0.00114608135878551
0.00116660942007094
0.00119400446967413
0.000996069406584951
0.00112463023153681
0.00106228218632785
0.00106943811617478
0.000923808053488233
0.00103754060392658
0.00103959468770861
0.00102562804180583
0.000999559657722298
0.000964861999144938
0.0010474292478977
0.00101859389890637
0.00094484008385263
0.000967228689775037
0.000785328034718584
0.000990034756506329
0.000865185250678483
0.000849632960916867
0.000911767150914576
0.000838996692128873
0.000804475557834935
0.000798714651976584
0.00074754633803069
0.000842662691539018
0.000784407406318214
0.000958482094802978
0.000839264043909846
0.000685909386048192
0.00078396503954858
0.000701488354215956
0.000884424678433822
0.000721209401830419
0.000622383227267104
0.000735436574667755
0.00071574750581646
0.000731338723992821
0.00072993138062137
0.000610358958353837
0.000646408120329356
0.000638375254473629
0.000823846025092233
0.000687321821891728
0.000636639484751182
0.00060080544479619
0.000655741652006751
0.00058427063688207
0.000610861113000133
0.000561310023751191
0.000584962066731508
0.000556750354828182
0.00058491645529343
0.000524968744083424
0.000521027055219589
0.000520615767324545
0.000541231682931094
0.000542331243527979
0.000546508903899842
0.000526065223198799
0.000478880750126555
0.000510785383218265
0.000509385733740594
0.000454253283563258
0.000479015315042753
0.000509914350066144
0.000484857103669898
0.000480761977530199
0.000461344524128522
0.000437696992223905
0.00044181290750521
0.000435235955913808
0.000448199420547249
0.000459444220114721
0.000409670751595453
0.000436428223302172
0.000431579052476459
0.000404193742660204
0.000436604340431333
0.000351087760933904
0.000411963263835395
0.000382725228171078
0.00040846934964323
0.000385149350160828
0.00033544493072594
0.000395770116229256
0.0003567599862986
0.000330555774961291
0.000323433341450088
0.000326348179101503
0.000360373599439238
0.000301044651156612
0.000367226091381123
0.000330334916378366
0.000304354504153845
0.000321516170837812
0.000306272088033696
0.000301349174162028
0.000279012417213806
0.000290639514102365
0.000329249271614565
0.000296685943492926
0.00037751039697362
0.000299535491569721
0.000290439060534356
0.00031517047739993
0.000258068198443254
0.000269568704635959
0.000294498319493543
0.000280806635716661
0.000339641969583123
0.0002757424820666
0.000238317487112597
0.000303273653772737
0.000245565634747448
0.000277332857900266
0.000241314100189902
0.000224841472392871
0.000305958097836405
0.000214934728027158
0.000243398115694375
0.000235088247702012
0.000235421277322954
0.000222688541477834
0.000242393070872816
0.00022226596035968
0.000230901525804586
0.000210680365810823
0.00022749029728042
0.000198425978918674
0.000236133297568764
0.000229746257515098
0.000227665339410657
0.000195739213732395
0.000174913526619994
0.000195534462137374
0.000171729817931977
0.000187429559014865
0.000193502300851637
0.000193132183608768
0.000182195716494929
0.000209111627895508
0.00018960887074779
0.000203418222844995
0.000183935379058713
0.000156380126742702
0.000204508610124234
0.000191418819807051
0.000187733723883196
0.000183635486783345
0.000170707876309903
0.000189867687139011
0.000214733264620237
0.000180035858236267
0.000166370495965124
0.000158939283259917
0.000183398134318628
0.000166891030252431
0.000166901449691063
0.00015525489503235
0.00015096748233047
0.000152431029684576
0.000140450903108942
0.000192258980673707
0.000172579920611482
0.000148383753471415
0.000153941152282368
0.000157152406644416
0.00017283416540942
0.000163455587531654
0.000148518688372115
0.00015495534443371
0.000135228238757479
0.000155185776862051
0.000148374697986587
0.000183515419229211
0.000159419046041945
0.000144438284964408
0.000153340495860065
0.000151960284181344
0.000157456595113078
0.000158084550752403
0.000141754512114675
0.000145115037542207
0.000153370926241857
0.000152649083945974
0.000157082149917653
0.000130267210063304
0.000126180938119303
0.000164701409636543
0.000126641022730248
0.00013358787589288
0.000120972723346287
0.000140103774311954
0.000144997366869455
0.000127838449225911
0.000141906151267273
0.000143058017040332
0.000148759702565665
0.000137939954574399
0.000119429191187954
0.00013632492776894
0.000131636283210459
0.000130419387394992
0.000129954467687158
0.000138453133165632
0.000125973487416588
0.000129126909371803
0.000130216726916833
0.000130114140657941
0.000144646972162186
0.000122120670202036
0.000144061113090617
0.000146081295300791
0.000135587392461075
0.000140925472093032
0.00012563564173279
0.000141456644879257
0.000123471117638531
0.00014164680987173
0.000122156385509975
0.0001385672144557
0.000132228795924023
0.000144535904807246
0.000127550048957244
0.000132731930472558
0.000126208769602897
0.000138759319825393
0.000136592738819672
0.000138523568887977
0.000139260007577175
0.000136686839899881
0.000133458005225887
0.000137162462340273
0.000132091615048624
0.000152425806048614
0.000153625600877492
0.000124967239886736
0.000170268074965014
0.00015864072019292
0.000160769474139593
0.000143828262687711
0.000138310113381901
0.000143645229920846
0.000145221028944242
0.000139371274012524
0.000141119733829224
0.000151847736505518
0.000157341581338842
0.000156028537307014
0.000152309381238342
0.000164088317474526
0.000180171363505928
0.000153599102574318
0.000169204220561497
0.000157233495819832
0.000188715133457449
0.00016969714925089
0.000178071273807658
0.000170046477545258
0.000169696107784446
0.000166974217342842
0.000208880733410701
0.00018765689236374
0.000183730701374182
0.000189788594793425
0.000178094171498596
0.000162092967502268
0.00018470639391738
0.000182262498885523
0.000211499857653382
0.000190089728131477
0.000207252671867147
0.00021250369927373
0.000206484287855052
0.000211927877066737
0.00019246867764162
0.00023089676276592
0.000220278076646773
0.000213477258425712
0.00024732134800539
0.000193214308703932
0.000229513378403633
0.000239261846441981
0.000214627157375189
0.000277423788508206
0.000241584654041842
0.000246480997738186
0.000222564917159801
0.000228570917883304
0.00024556463232859
0.00027463697861992
0.000238352690113742
0.000279921246106634
0.000241402601566866
0.0002695520292382
0.000284282095634507
0.000261604179655076
0.000315574032815359
0.000264101810127866
0.000313656467996938
0.00026343726171283
0.000294596226245703
0.000310007576548159
0.000323495448785334
0.000283840113605305
0.000279140642700301
0.00030694300336937
0.000315132124895846
0.000348807441936388
0.00033128206970035
0.000309808408058458
0.000338164208046661
0.000308663401801194
0.000327227123970034
0.000375024636382344
0.000305284757077104
0.000427437170108896
0.000369617225270469
0.000379867420199083
0.000374267402435667
0.000309865611713865
0.000378101250716002
0.000406849224219525
0.000366910340348894
0.000431457451711365
0.000370886365414655
0.000431977104571501
0.000422326594464655
0.000449241345393833
0.000450796067511147
0.000461610210542533
0.000452009515957935
0.000400027309345123
0.000438279673145674
0.000468982256599315
0.000487932478056067
0.000513115103701422
0.00048927734650112
0.000527500321502419
0.000506190309957709
0.000475639625412393
0.000542061581356063
0.000492859177718766
0.000514906328301773
0.000589434445591312
0.000581835768268062
0.000547332417584583
0.000477546392644723
0.000563138236594863
0.000617566170607539
0.000599454475813352
0.000594184807924809
0.000622092693121201
0.000591753723426795
0.000635486857016047
0.000625001671738958
0.000611390962053855
0.000613720649586094
0.000602356155478724
0.000677998154202339
0.00067282752286147
0.000601138083392462
0.00056945561540275
0.000734631047914813
0.00071664400022845
0.000739776214210308
0.000843410971722184
0.00071691558192257
0.000758535976828254
0.000801831293781186
0.000694595509888733
0.000874324816400977
0.000737515780986019
0.000804067018067919
0.000821305400796668
0.000799831984225375
0.000873937736453865
0.000806820762995921
0.000873075183145245
0.000818938754040896
0.000869861146926138
0.000886573533862075
0.000863554068851516
0.000922194459815111
0.000803721092274462
0.000915636314460792
0.000813311109449092
0.000982515345714933
0.000874027560949726
0.00094768633800402
0.0010588423319982
0.000996470481584497
0.000975991122597314
0.00109842729855077
0.000949871162000785
0.00108248296569771
0.00106698090855612
0.00103604795576816
0.00117000201236013
0.00107304320096865
0.00115391055225755
0.00108747688553902
0.00123274659122244
0.00111221037383115
0.00119994403186532
0.00114815057418143
0.00120236608208163
0.00125986796180466
0.00118554285129876
0.00119235645468939
0.00119101696124795
0.00125511618513697
0.00124961445102704
0.00120795943360905
0.00138905538071051
0.00134602555521872
0.00126958982076138
0.00138118980686967
0.00129147856723518
0.0013121090103596
0.00149403792162996
0.00146993929045541
0.00143762234387882
0.00162629380461734
0.00143612624414803
0.00160022108532
0.00151099481386683
0.00155705606752912
0.00145108773765574
0.00129150418267694
0.00166173945004982
0.00155942863052301
0.00120427472257931
0.00154572470683585
0.00140303308744373
0.00147526439612015
0.00118811135456493
0.000983831272444623
0.00165284693182231
0.00154413987756321
0.00158449822724567
0.00153041212640779
0.00149078118432275
0.00118414348849634
0.000904636302551185
0.000913772557519521
0.00130122142267446
0.00119045900173436
0.00131381385487421
0.00157112191368899
0.00166070556146922
0.00154992152779655
0.00142903868421421
0.00141779859457992
0.00124825972776113
0.00155037866039806
0.00193249892519642
0.00202978139725897
0.00211774713901335
0.0018937403459636
0.00187685259287984
0.0020879369322887
0.00186589551704766
0.00203715173503393
0.00194740099375504
0.00192131053326468
0.0020887414493444
0.00198650204222136
0.00219388298822073
0.00212895616767763
0.00201499052480921
0.00195529549368755
0.00210865091692887
0.00210975704030447
0.0020535284277734
0.0020618113707186
0.00194088729162075
0.00215827401463402
0.00210019552953805
0.00208571170046768
0.00212617414525755
0.00191264482316526
0.00230150531688352
0.00211586451054911
0.00212985298112586
0.00206697174570613
0.00188353279787894
0.00218381895442733
0.0021622788692261
0.00206815707120115
0.0020602184290705
0.00201628101132254
0.00217319007235422
0.00223011482686739
0.00200098164742806
0.00190120794897614
0.00195254526282329
0.00196614771404607
0.00212316675515975
0.0019968594663644
0.00207685541061101
0.00222033108068552
0.00221100992923894
0.00235815380932758
0.00208126506797521
0.00189760753254383
0.00195324789739241
0.00193344244487038
0.00211142061105996
0.00207217690828917
0.0020800093200564
0.0022281970916509
0.00201786829589195
0.00193534682750627
0.00209428009167379
0.00216042066478431
0.0021199488193314
0.00199391674408221
0.00206183485890032
0.00205610941658915
0.00204251294305375
0.00190279067449962
0.00216063643843565
0.00201506453130856
0.00204072676368479
0.00204033585293984
0.00199541445890035
0.00206219667166929
0.00212986562772062
0.00197635697139915
0.0019585586169148
0.00180067382556044
0.00202796841866892
0.00188538749238881
0.00181674508689208
0.00175763407835781
0.00180293038503567
0.00176927940058132
0.00183239145878736
0.00178034473956801
0.00186043668045114
0.00172482708652703
0.00195513840689301
0.00184126406271799
0.00181408099235006
0.00172772542415627
0.00171801311390689
0.00192220919985618
0.00167664108352405
0.00157647232093259
0.00184062568724425
0.00177907446656764
0.00177328729606155
0.00179792189948108
0.0017315204520402
0.00161325638408647
0.00169461170846429
0.00198814042219912
0.00167576065130951
0.00171184859066544
0.00159916213280185
0.0016131124787132
0.00148775175201412
0.00170603334598532
0.00146694772086931
0.00161139254653799
0.00152319898858301
0.00157221392385878
0.00144033520908932
0.001477830224421
0.00142711260122174
0.00142841004680434
0.00158531695952993
0.00150239620716627
0.0015085143154448
0.00145240502040947
0.00140945443034969
0.00157239932782316
0.00130252313841389
0.00152313900477164
0.00147513613013708
0.00153827996090874
0.00140549467064917
0.0013013979899297
0.00127951543110404
0.00139102318977241
0.00132437856522837
0.00141254839035904
0.00126154814227335
0.00131972560908016
0.00129401708762519
0.00121972379026398
0.0012292578941145
0.00125238863728592
0.00116960589091191
0.00128379601303076
0.00109106639322222
0.00130562272447769
0.00120193181236873
0.00122040376808787
0.00125932480894214
0.00112839968819631
0.00117513273944298
0.00110599426782635
0.00110453317186418
0.00111298786766691
0.00103331307171485
0.00114412223859795
0.00117743652215029
0.00109253708019629
0.00111055786745908
0.000996906313163283
0.000980101671559936
0.000984070230112313
0.00109628544574003
0.00110869350959132
0.00111701781258388
0.00113156296789467
0.00108310495301853
0.000988672254229812
0.00110904375570336
0.000905082184819666
0.000879800042449119
0.00102628291146695
0.000926711237769825
0.0012274738450371
0.00103579626745176
0.000896004464049482
0.00107762349972437
0.000938368896510516
0.000946866056671245
0.000890742988032167
0.000860197147391666
0.00101563899947027
0.000834640606733969
0.000895182494550785
0.000827530721274369
0.00085183324807337
0.000807798501151587
0.000906670780453494
0.000745302373102869
0.000793149273930994
0.000833363376232241
0.000872852249642518
0.000798605991626592
0.000808294047570608
0.000820109013631886
0.000779104344771646
0.000736493206013879
0.000655080770256576
0.000732054404444036
0.000706787025903444
0.000687201818552083
0.000769930796372208
0.00067485290025524
0.000699687074093537
0.000733843947153203
0.000706831222058081
0.000767399581546123
0.000684542090432408
0.000641195497527439
0.000674209866056588
0.000645819076204096
0.00066049340917107
0.000605206476675543
0.000635174859895494
0.000659537666543182
0.000652163835332174
0.000617783076936366
0.000551518547871387
0.000534784346306502
0.000653894524944202
0.000548361729400635
0.000620400113423776
0.000524571036607181
0.000586252424937901
0.000556164116471149
0.000537721041246426
0.00063310685023722
0.000597253297401147
0.000507971347716959
0.000585122138137133
0.00052330442258904
0.000615158247251164
0.000575207910871505
0.000521104282418804
0.000502660921042531
0.000493262268194896
0.00049492652884259
0.000559890491627731
0.000624578277017594
0.00056073514380316
0.000522445648257632
0.000513430285871347
