0.000430452331243295
0.000455569019041018
0.000490185537399339
0.000449294598593861
0.000426985749075054
0.000407022416295305
0.000459794564886564
0.00048326085200002
0.000443335583102228
0.000477532869961304
0.000416783449048188
0.000526057566587442
0.000439437298216215
0.000520044129039807
0.000504107423757528
0.00047752641277431
0.000436542583208149
0.000481012796243162
0.000476995829476967
0.000519866353776868
0.000515752856761701
0.000448975640787356
0.000484951334961529
0.000501751768712237
0.000483221375469425
0.000515457273287481
0.000504579228230908
0.000477618752048006
0.000453147516223872
0.000492328347207628
0.000514158448450094
0.000472106936898324
0.00060072638755077
0.000508722019911507
0.000471552751275935
0.000485705283497371
0.00042242313612054
0.000532982062057562
0.000492758568884799
0.000440871581691817
0.000467565222405259
0.000471209520803163
0.000511138968386653
0.000455553395027066
0.000521903420263785
0.000507928954203704
0.000558412500791795
0.000555324980844415
0.000451714866313827
0.000520317267486952
0.000489415968142987
0.000585434776925534
0.000505622610120324
0.000527814216651531
0.000538160139665588
0.00049531343125269
0.000479022105672897
0.000471514237384229
0.000446664925675552
0.0004547109575773
0.000473572095930653
0.00064177027779472
0.000598328750917622
0.000497131882662818
0.000499312417111825
0.000499629016540017
0.000503547537289366
0.000489016724678607
0.000558418092515524
0.000522121335719786
0.000592840436333504
0.000656564436779656
0.000528970885933526
0.000762083900810555
0.000496660498188044
0.000551113270516082
0.000591299638358895
0.000577225522167722
0.000687164735370499
0.000718196648050446
0.000630643539381497
0.000637284800354369
0.000572298153518627
0.00056583184657711
0.000487133092800726
0.00050882061168348
0.00059390341901963
0.000625256623745458
0.000633340737782944
0.000620957098028137
0.000631739053623854
0.00059165419199193
0.000615194100558197
0.000702654716994663
0.000677735854303819
0.000700261858352514
0.000770529396992194
0.000787980287252234
0.000707414934095996
0.000672865894048585
0.000605093814313473
0.00071457018371026
0.000784467863612748
0.000692164316063506
0.000760744802258422
0.000826200509476481
0.000653277212358748
0.000849683585021293
0.000643688544409187
0.000816732854237759
0.000807349365951588
0.00088042320245289
0.000861943308539131
0.000664231823342082
0.000798250580233087
0.000818773182679097
0.000983737486446645
0.000876220388812771
0.000805886818271324
0.000886932622057285
0.000756363386878777
0.000893070630559003
0.000954572451460901
0.00098926536517718
0.000918454308699374
0.000871473434281725
0.00103232990910624
0.000928368096625174
0.000934117576626242
0.00106630485256123
0.000889494215979821
0.0011013904260346
0.000939775060093927
0.00114510753190601
0.00104235114535941
0.00101144043006503
0.00106461789204065
0.00105374051615746
0.00107878823765421
0.0011437907796135
0.000952023529514647
0.00102178160115281
0.00125439601230697
0.00113010471916146
0.00116382220769823
0.00120969055068966
0.00108414282678408
0.00120155393897975
0.00114253645874434
0.000971411564211435
0.00114687468213232
0.0011884748997165
0.00117464355620467
0.00127323831313204
0.00111085256169005
0.00100064510132906
0.00111740801238399
0.00133197523154514
0.00121698390113579
0.0012420993529961
0.00121156037608516
0.00136267439389588
0.00135182096066998
0.00130613292264271
0.00142314425526707
0.00132981443947263
0.00134749377455738
0.00152701488612754
0.00134576203023021
0.0014064084391798
0.00144306170181599
0.00154715351774834
0.00162971133972498
0.00145352032405923
0.00160570983642105
0.00151707784461266
0.00179672927020054
0.00155077089975479
0.00166851593126502
0.00173353005360497
0.00161737889966549
0.00161773815692307
0.00159886470131639
0.00157012411069132
0.00200646198988144
0.00175163078785805
0.00186777010553655
0.00187467181187903
0.00161650146679512
0.00187854457083681
0.00177844986392554
0.0017891251036947
0.00195887886306937
0.00179763475176176
0.00194932874027588
0.00198401427797108
0.00177707442035213
0.00167062279933695
0.00201884673124361
0.00198616129302464
0.0019278083477548
0.00211185476260074
0.00190528345836591
0.00203034359666595
0.00201832234546033
0.00223570194328873
0.00209289279660326
0.00211886521014263
0.00221287619294101
0.00213172961952123
0.00217074016462571
0.00218567393303987
0.00239717445193456
0.00219284373654982
0.00233131577398186
0.00226315814178492
0.00232649852920711
0.00253556278636127
0.00266694931851185
0.0022403917714533
0.0025979319554649
0.00238543301533075
0.00212026203904155
0.00262350651372622
0.00233806846948544
0.00209070112921429
0.00219301018444644
0.0019323131995296
0.00225138322791085
0.00230493604763564
0.00257758396138069
0.00269382064200418
0.00248901593783486
0.00222128320888938
0.00192108016222587
0.00169717309881459
0.00164797053713773
0.00177930938379831
0.00143679706713473
0.00169721842193495
0.00184467728660389
0.00199383479521099
0.0013423833785697
0.00123707644152906
0.00145570543863318
0.00193836510532156
0.0017094757281784
0.00137668233495431
0.00144694460287683
0.00120764527890158
0.00256938182482601
0.00263021430352636
0.00218783725606385
0.0027020104023733
0.00161540921959633
0.00260070731840621
0.002028715864879
0.000945750405698132
0.00141318616332546
0.0010230398645626
0.00176644492731874
0.00169276557604245
0.00156947105748595
0.00170708338812607
0.00121171785653526
0.00218576884192804
0.00228976405825834
0.00146958698222332
0.00172006045857441
0.00156190596309268
0.00166210644359628
0.00147804596547217
0.00131334008120028
0.00152979926198439
0.00138030619300506
0.00155574510159271
0.00179198514952274
0.00149317391091794
0.00166585864900156
0.00134936283745874
0.00162698020672037
0.00147913587276898
0.00167332503928325
0.00163277328988875
0.00163110311224407
0.0020153997734738
0.00182382181996977
0.00221863599864239
0.0021326809138724
0.00216370763422083
0.00189331418987528
0.00179279770770713
0.0017490175029285
0.00159778256872955
0.00197928233194011
0.00174802333300611
0.00185250923490956
0.0018676901530906
0.0015913324511926
0.00183885178395545
0.00153875415742966
0.00167463495912423
0.00177601516066438
0.00166244521797543
0.00170165626021443
0.00145436336593526
0.00147734128926361
0.00144553211132471
0.00159841226557642
0.00136502474342787
0.00149303424632117
0.00153083973551482
0.00144043732161503
0.00161679790314415
0.00147356808913411
0.00142591913038393
0.00148416197321734
0.0013098765441553
0.00153129940324369
0.00141952337158458
0.00141804820754803
0.00132464665851067
0.00125069507474649
0.00128601186068041
0.00144084735014625
0.00122969662601518
0.00135884826458899
0.00141185756146
0.00117587545034988
0.00125048582019775
0.00126433581454162
0.00105648863642441
0.00121363383918912
0.00117389667206053
0.00121036225609529
0.00142738192139452
0.0012140144877184
0.00115422083739063
0.00123965143285742
0.00114381498104787
0.00106342038940739
0.00117806638109993
0.00115180458387646
0.00135062260638811
0.00100033149573584
0.00101287358666143
0.00113257628330601
0.00101503833671377
0.00121745737001261
0.00108516387100265
0.000996981140526789
0.00109237067064862
0.00093532899033977
0.0011726401019248
0.00100431751481901
0.00101975482901135
0.000958185042820701
0.000804970501348696
0.00100505543965244
0.000974726593105617
0.00110562804584747
0.00097988858016614
0.000826635906981546
0.00101496137806948
0.00090184584240826
0.000947089954007836
0.000967492691179724
0.000813045379007002
0.000806285533184356
0.000847305738446417
0.000899889053032593
0.00100233675520437
0.000801513654439186
0.000768655551197947
0.000802231597839236
0.000903001981255409
0.000909341452799488
0.000880196888347843
0.000776936777838683
0.000770538387629543
0.000672933443676105
0.000712487594486833
0.000829495667223243
0.000747925271599287
0.000662006107617231
0.000727870352683052
0.000747027709219828
0.000677763237229076
0.000850835720026844
0.000810915753121718
0.000833194122651527
0.000705230513626066
0.000579598499720262
0.000806340473598632
0.000662855010432255
0.000715847883166372
0.000635617224592324
0.000672169070732697
0.000656828019178188
0.000561023509776093
0.000596421107301931
0.000626978731644273
0.000689422423363949
0.000610309261338529
0.000613185181292008
0.000601134554042348
0.000681244101522066
0.000546083790238196
0.000697890128269074
0.000449436115695674
0.000502512017993403
0.000561007208171301
0.00051199480064976
0.000575971271657344
0.000597401759725392
0.000485854646730903
0.000499035090745196
0.000529553259559317
0.000497728617273687
0.00057641110280658
0.000525919591478038
0.000557672856456225
0.0003690610089197
0.000484383880155464
0.000442297333266534
0.000525151459810124
0.000478744119796335
0.000407759233904488
0.000430030220997216
0.00041862633686252
0.000517403735375299
0.000496121896498207
0.000371177310845284
0.000480731278572854
0.000429590598044882
0.000444900822784171
0.000380603611015456
0.000443436210218173
0.00033660351080164
0.000390709370563269
0.00044425001550338
0.000390937381492716
0.000401716681688366
0.000409475883156627
0.00039944146831568
0.000385306595727851
0.000327723347845024
0.000415430279410282
0.000328532227375151
0.000358658299511471
0.00040146593610107
0.000384150323606851
0.000355855684712187
0.000405933567542792
0.000392360955132692
0.00043918070022223
0.000324998874858374
0.000315223579307859
0.000359912043581361
0.000379313379165411
0.000340191403887183
0.000294003014867251
0.000300846302613814
0.000346252117845295
0.000357056020108394
0.000285900375175558
0.000340991163109704
0.000288437606562854
0.000311875703230618
0.000377112884212943
0.000348745698597765
0.000330525077336851
0.000242313527996301
0.000349397553693351
0.000318760206834105
0.000308836569822924
0.000269865146853019
0.000310322600742669
0.000350488385357916
0.000298936779361679
0.000282386767496177
0.000277743765681142
0.000310185953074247
0.000361609175069724
0.000291654270554187
0.000320613370860448
0.000244833002481276
0.000314295705705462
0.000318380170698952
0.000235123693716234
0.000293822166539968
0.000269145667936978
0.00027270080096754
0.000291150443148811
0.000269953626622514
0.000224968951234541
0.000251156867239441
0.000233254708312767
0.000238517408048391
0.000280481342540061
0.000267546721175144
0.000253527721410877
0.00024310422481648
0.000221803511246114
0.000238286061530145
0.000256485991654691
0.000242721199753692
0.000225621650113405
0.000231430033732096
0.000240093676643983
0.000320765647835851
0.000236075806943318
0.00024099798737837
0.000217742798748697
0.000227594140871198
0.000238326805377518
0.000139181858927315
0.000125836207109195
0.000138680922182454
0.000132568016671177
0.000155548967273727
0.000128307832914995
0.00014324188715405
0.000152427278650928
0.000139032549872237
0.000139860925220828
0.000140587412800431
0.000150681930146035
0.000157852124853618
0.000147609641252287
0.000138424680682812
0.000118771296318852
0.000135835088588838
0.000127965451869116
0.000148370925770744
0.000173347130774315
0.000119113221708169
0.000144224290026931
0.000154846840010309
0.000142434953556951
0.000233722608771281
0.000142318307767683
0.000141222175025364
0.000122346990878024
0.00016236177414808
0.000137557581448648
0.000114434324879781
0.000131702428533181
0.00012310285563694
0.000156943609363378
0.00015046469883649
0.000139131547989543
0.000120481386393018
0.000155430042760539
0.000155352962452831
0.000125834669298078
0.000152506083329509
0.000122896653771554
0.00014509175593692
0.00013024213986485
0.000131960259485546
0.000146621814894982
0.000128405198449442
0.00012085472514789
0.00013475701106762
0.000142305766152519
0.000128161356065004
0.00012272393373527
0.000155185779103471
0.0001240111283779
0.000168053866361668
0.000180545905298867
0.000121699005882564
0.000148477019333572
0.000122827981307628
0.00018513798598469
0.000133293319042549
0.000165609477302799
0.000136587545547443
0.000130111792861646
0.000138662350829717
0.00012575445009664
0.000123381489764872
0.000125265188738909
0.000142778922760504
0.000200827481089468
0.000149228101851921
0.00013733953239428
0.000154816534425408
0.000137124100048084
0.000135973391472353
0.000137262257100207
0.000143693056995875
0.00012161241231117
0.000147554308268779
0.000153939149227363
0.000129160606181748
0.000178161640632012
0.000142452523857
0.000128556037839123
0.000142509104112449
0.000152443522728837
0.000178358770765632
0.000184936641737576
0.000139511772113124
0.000168535127946615
0.000138169246658994
0.000134532491540173
0.000138741080275749
0.000129705928423962
0.000140596783293801
0.000159239619594772
0.000133820489986001
0.000190727545949895
0.000151198472278982
0.000156363814760385
0.000159714156693695
0.00015459411955
0.000162237603398556
0.000164125367083191
0.000168179738346123
0.000197013536780931
0.000194578455352154
0.000162115995066093
0.000138832767297609
0.000185353251571838
0.000191956098006907
0.000176226596968805
0.000204658814256839
0.000191698273443102
0.000173986985044584
0.000202306012701669
0.000190870521645641
0.000195224918992684
0.00022298340005388
0.000199559222884169
0.000214950302739886
0.000177449761385442
0.000190767529578956
0.000215168563760115
0.000214119202250659
0.000215549019653415
0.00020721008652372
0.000270346414117116
0.000221279983932099
0.00022842638737586
0.000236688723949029
0.000239686689669647
0.000219300902341199
0.000225418865734922
0.000257871490214027
0.000224535226116736
0.000242151608994999
0.000281186516090887
0.000245253064579969
0.000264003069852797
0.000256214558493174
0.000296778552899649
0.000312413152511628
0.00025982807797145
0.000323390202668976
0.000275512757314554
0.000304720507841359
0.000321878588780896
0.000276703782429123
0.000278786673412067
0.000359690241937415
0.000332399144355574
0.00030615596264777
0.000331468991753856
0.000298366417475571
0.000365329643713841
0.00035128559099348
0.00033038427743687
0.000361086128023222
0.000350034135948061
0.000353814797998342
0.000371781406714869
0.000338119124697676
0.000308966155749998
0.000360007035625078
0.00038527934279583
0.000359498116339936
0.000400766656420429
0.000394589758105475
0.000436072826297637
0.00045350636937651
0.000388688107118318
0.000467920817481959
0.00046770569908576
0.00046761259923847
0.000533596526943352
0.000414155884765474
0.00058091060657294
0.000501800366875122
0.000507902309260007
0.000499536610932993
0.000521274519574866
0.000566687792091472
0.000526940303448239
0.000597703904843944
0.000576273895885244
0.000596855959978021
0.000672275607213138
0.000611292491687693
0.000650839129594074
0.00059771498203421
0.000564733862632877
0.000754375926443838
0.000708709658030431
0.000741737342210945
0.000698405923827449
0.000572681832357183
0.000706715899849216
0.000725360838134843
0.000640140358249909
0.000747691522959391
0.000711173909562235
0.000738281385854885
0.000838034849773897
0.00067272840478447
0.00070815432224538
0.000729162696769087
0.000769655584715201
0.000825862759458883
0.000782665824615923
0.000825040800194818
0.000751010624810407
0.00082712643559219
0.000995138373751365
0.000952337252165932
0.000915287889584315
0.000904138573297019
0.000916105577946868
0.000975148398297539
0.00104312248019134
0.00108862417065815
0.00107837481756482
0.00102197667677285
0.00102772855322746
0.00115524027845022
0.00109142783386286
0.00120572299300757
0.00109646612033452
0.00126326865751318
0.00130302485009276
0.00119695457631327
0.00137436799855321
0.00114092201267103
0.00108526844637739
0.00117140194269227
0.00108065298550835
0.00123784916144945
0.00122159087331823
0.00141752046644178
0.00142415967840025
0.00146372333278027
0.00129375039558554
0.00111772646932985
0.00111924724417207
0.00102905816468051
0.00110468709095128
0.000975401613473295
0.00111137803097353
0.00123441323782892
0.00127006768945674
0.000958742391563252
0.000800273619337556
0.000916188592727349
0.00141936422390416
0.00125645585976956
0.000821830324503799
0.00102076508253663
0.000778028508313707
0.00191195142833121
0.00202981492662518
0.0017248724279973
0.00200591457652615
0.00118524864586365
0.00195134021489606
0.00153844178811598
0.000744634603441156
0.00113827316434115
0.000829804841119518
0.00145020934878922
0.00144065353731914
0.00133335423251538
0.00155203191165761
0.00110587086381518
0.00190453704448228
0.00190158539893098
0.00136617443350654
0.00163455547443453
0.0012942819217164
0.00138784248341933
0.00133836778153729
0.00128455610525738
0.00135880244681656
0.00130252956799373
0.00157421081421415
0.0017857757274627
0.00148066644780413
0.00158420700723767
0.00144433700274443
0.00160138508858992
0.00167421388220947
0.00186169500476141
0.00188752748724639
0.00191039006601639
0.00216982050903135
0.00214539920425796
0.00262739767344273
0.00260398496177968
0.00274618081953931
0.00211125807296648
0.00199290992426405
0.00217125052915654
0.00212378467839859
0.00236774082221009
0.00211360145033145
0.00219410856385845
0.00228869096985221
0.00208225175821264
0.00216919177382746
0.0020023827098443
0.00219653760618693
0.00208055690746745
0.0020867422568118
0.00229440672887295
0.00182472651597245
0.00184820758819035
0.00182255868726425
0.00202704231940633
0.00203008030032509
0.00185468121687318
0.00197447034630706
0.00181496129647292
0.00200545931304857
0.00187015163817054
0.00194070606437295
0.00186888668051634
0.00187767020682613
0.00189935664213217
0.00193393049862891
0.00196068614817883
0.00170551089835499
0.00193871151358408
0.00179625700337605
0.00192556852744371
0.00166674726791052
0.00178272279982998
0.002003654458526
0.00178081918673383
0.00183890572457639
0.00170021882535155
0.00161995470641914
0.00186805877365142
0.00179837048509409
0.00184049895363065
0.00201609225599347
0.0017452381938639
0.00170768393346893
0.00183284497556082
0.00172310275611651
0.00156479879736623
0.00163761661467554
0.00179354649205641
0.001954215441003
0.00175874196190559
0.00159693315078925
0.00174033570673854
0.00162049062618746
0.00174684223841652
0.00172364363087986
0.00152748941796629
0.00174264615693015
0.00154288690817774
0.00176697191272613
0.001611007546322
0.00165727802316613
0.00161990978118088
0.00146912162570327
0.00162879660307262
0.00158622634503261
0.00168509359353252
0.00157657027115136
0.00144436058787026
0.00163725246073209
0.00150473849196345
0.00159798573708627
0.00166150362808242
0.00147234811880349
0.00142273278174636
0.00152904596662806
0.00151740393318876
0.00160667258684477
0.00138230327195566
0.00143497686915016
0.00139445046759542
0.00150106259573491
0.00155359468655699
0.00155211398967129
0.00155452086077376
0.00140008814337605
0.00140762629827477
0.00131054709717033
0.00145937146015579
0.00140264172747371
0.00138885574336178
0.00127611200738645
0.00149374152442636
0.00131326009431217
0.00154401408528968
0.00157390852831927
0.00143656234369047
0.00144721224704768
0.00125528721034726
0.00149809269421143
0.00137036419542524
0.00125281230829171
0.0014696748687513
0.00130509361862919
0.00132556642508018
0.00121254225143529
0.00121603685895524
0.00136915844205579
0.00137692253066574
0.00120778052293127
0.00125872027151316
0.00130430898913015
0.00135066898294889
0.00115835319894792
0.00146007096050416
0.00102078803112793
0.00126831184160476
0.0013085198957504
0.00121832458223622
0.00132209222234421
0.00128215785283441
0.00124867994500062
0.00126994808443115
0.00114054121850471
0.00130898779896872
0.00118273058099873
0.00122262121763349
0.00124749863184961
0.000990607580494977
0.00119264216496628
0.00118721159406637
0.00124085595990138
0.00104379139072872
0.00114330918072828
0.00115074344594654
0.00113102566180956
0.00125519005833914
0.00118090717549882
0.000982152581329798
0.0011618148300313
0.00119401460499108
0.00122592835178514
0.00103376937274782
0.00127086259999555
0.000969598475191603
0.00107669555339143
0.00126051596280816
0.00121345283195619
0.00108695025361709
0.00114813545333372
0.00113793022501053
0.00108934167343037
0.000965282419598793
0.00119501219229414
0.00096147335217719
0.000999862384201906
0.00110609491486748
0.00113421532763503
0.00110704054068395
0.00117335238667544
0.0011296731715462
0.00116766567902201
0.000938289608771361
0.00110751542625825
0.00105457576600604
0.00119494145717255
0.00102994878819596
0.000947007664421972
0.000907659302778065
0.000914978690949583
0.00102897996864763
0.000875823021276312
0.00098730522156317
0.000888453247960859
0.000961693569838403
0.00110869291788067
0.00106947126771584
0.00113214549064165
0.000892889107086327
0.00101164785813897
0.000920514664983146
0.000937294042092672
0.000839257264386672
0.000990212077562136
0.0010493130471678
0.00101474917273111
0.000882717666332509
0.000918516304757998
0.000864923862742822
0.00113486309783711
0.00077574976381429
0.000924386198091952
0.000873374939982161
0.000965824357780522
0.00109336886962748
0.000796655762972337
0.000858801281403188
0.000901204195138181
0.000950410879330899
0.000862597561710425
0.000900696688103709
0.000728691318292447
0.000870154360052785
0.000823465966008234
0.000821289848896821
0.000887347142896502
0.000786133633789435
0.000933400969739453
0.000838548642961626
0.000859579000927445
0.000891950668973891
0.000897754165949018
0.000799500711943705
0.00075473962075932
