-366.49744388108
-2.94653902396816
-275.842352923422
253.523800063413
-235.531804653589
187.589228947917
-2.33257033057103
49.3916224147943
-159.15985118171
-2.37340219696615
-1.88550474867274
-14.4033877696913
-2.45622676811736
-1.88550474867274
731.964483925179
-907.256511528116
543.352115704994
528.960813904447
-231.791477043996
-349.022055477931
103.685877339527
-76.1746575963395
-103.480429378439
-149.383693372841
65.2477823973683
203.831594342023
-231.493769888609
-49.9165991012657
163.878556625189
-12.5848991792871
23.1572330569212
-21.6911915924179
194.762144028729
-36.5497372513368
-2.17086575839505
-72.9665417621742
11.6570917151285
-518.366970254616
-182.968000977038
-10.8841533577832
204.168787083294
-80.9431382496939
-46.0724252718934
-281.472738726341
-0.941962082651982
75.7429045216545
-11.2203856888375
-2.45622676811736
-2.69606475003525
-205.673015575992
-230.434692611951
43.6178978290809
-115.279322461978
85.3403280231367
-1085.78631495424
353.035049802979
23.9378395037601
27.1634386368376
-29.2047570023921
73.3082934726043
79.2348303324084
48.2067560666451
101.810201779786
-90.4546654542832
75.8960258558773
-283.462739131937
310.753917245329
320.075167156238
-153.27086215467
-57.0822722910752
81.9399431281025
30.2267186555373
-60.3006126767179
-108.017693062815
141.622333777408
164.992307560107
32.574582485971
-119.259103542948
125.77286260591
-18.453642796774
169.056896589114
173.014465367902
45.7811518394821
-44.6190916172124
257.399681848495
-123.050353284737
216.439616045933
972.717273598258
-113.775223075773
-47.5560649015644
374.221243446092
426.046207758644
234.358434399005
13.0623269722275
41.5551186768991
-41.7320085220289
-40.2454723163388
25.493678843582
21.6356988467085
-2.42011357647624
-20.177993635166
-77.3028829556901
-341.120452813553
-104.832981549788
-3.26879144198467
156.924505361656
-301.437154493187
-2.86191071824379
30.2954578934899
104.490961794851
117.752512654099
-372.669676414905
92.1070806375358
-54.2935324683944
-92.1012997816864
-79.7505436445908
67.0164782293026
-2.84239201496016
41.7568573670692
-275.569111783249
6.96965877204355
-13.6871077508344
-51.0903437340139
26.9221172538072
-200.55360606752
-180.543820046695
-36.6413261185677
28.018206789375
258.175386987758
-320.451114013981
-25.5016665745794
50.9127110177654
272.563858081257
-9.86028231773283
125.882531204413
320.556712206755
31.5665278575034
-2.05159463588655
2.837130160251
-2.0231951693833
-6.36983541721918
-5.75350560016558
-2.06910711286997
-11.0725232142718
-19.6320461853478
-7.94221652869837
-3.08631268734996
-97.9834248938554
-76.6393153652379
-14.6112367558938
-10.7232234261948
-0.821780502570809
-45.872759189713
-13.4187570600049
-16.9303563744479
-11.6986576652675
-17.570483538348
-18.9144736035324
-52.5309926665928
-285.883880974971
-376.530941482845
-295.946945800485
-12.9096859595447
-3.30740605994856
-12.0924975570827
-4.31683440625258
-6.97234622601295
-7.51997927947657
-9.83031459188775
-7.05322546496725
65.7237884193116
-5.47591464095434
-10.6082660786256
-27.9620492466235
-4.40377873930186
4.28227304633264
7.15322688114876
-64.1090933624438
-35.6203467320785
75.4593589391464
3.08796492137564
62.9720126273218
59.971211325623
44.9975266764337
-34.1527188905521
-27.7302627531463
1.10000629128979
-10.6796167447886
195.285019696326
-4.24394211387436
-6.39640213930444
2.17646942701194
-6.6184532921529
-1.58966693652777
-6.73315222963106
-9.49084735786625
-5.81045326045684
0.424171905748326
-66.3702860225713
-146.279098071213
85.0731765228659
-242.028452377356
86.9395526707256
159.672401870352
149.639207046982
32.2666058907858
205.354221782405
-69.6247886038071
38.8007418534683
-125.37221651988
232.631652973823
388.250793354004
1.58093125124868
-310.902833618917
244.24244994372
-222.64738309893
-9.20658565887006
-74.8184858776706
-39.1728300023674
390.749065961439
-198.451693697632
76.9187414891603
77.7275486359042
80.8873309982109
79.7668243028175
125.482514939799
3.40030413532079
-5.31037117486563
-225.929366755688
41.3525643492736
83.0782469157717
92.5514926269344
-18.0397850362351
7.26473443281862
40.1767777063087
81.562871507549
-80.8377427036828
-173.702566118739
-99.8188210040641
109.193056236572
100.510439891271
159.028025873538
-164.574058612866
-203.004410360364
148.69100086344
-12.2302849981986
67.4966111139174
63.9684523411793
561.412542439647
524.165541467783
521.270277822447
459.059819943625
47.3926641458575
23.022620950987
188.508732826396
-87.5603154509482
-86.483129066822
4.77330731303274
-16.3290080693967
-0.40705460439443
18.7516354092338
128.513580715129
46.5460651199942
70.0395759603419
-18.052300223435
-42.4240377603516
6.3298522239741
-6.55830489492905
-22.4087185547935
-252.887562807077
-114.971618433111
-7.80377417139448
22.6762621817223
-145.598285885153
-140.626218054346
-158.424596094019
78.256905094031
-19.1396382671818
7.94971052442459
12.4225417895566
99.1630263500698
53.7948443798933
46.6470622465097
12.2770705784766
-25.9855525703445
268.891993254014
454.151303410851
551.708161008895
-38.083689903706
-16.2806956539262
48.7648274702749
-36.8913894178239
-15.5719116874355
-14.070095394791
1.26155483795931
-18.5834409201276
-19.7060898249897
-5.2719687119763
-1.27260937704012
30.6564622418665
50.4482613542683
-60.2308826567215
-1.85137836676625
540.098065601481
-5.368387908345
-19.947211083598
2.61066947723186
794.808911006856
-33.5470689838373
-2.84010453436535
-13.3107011448085
-139.834078687023
37.237006812281
36.6005925427398
-81.831275220274
220.557290501875
235.851756334871
-94.7319843024591
71.1558787381563
-137.304388723289
18.7916542002214
78.6903646790311
-604.164201147331
167.129100342913
152.761453494192
-57.3396442443038
-126.250266129725
32.7328056487126
181.793023999967
-63.2094150393131
-181.748769290105
-87.1317273613904
22.8188100546814
-41.668254258056
10.2715305540525
-0.989259069468403
-1.7580013857816
-0.949292317614156
-57.0138040083873
31.5476827314305
-2.17086575839505
35.5054978011053
27.6958643363648
17.5326614341326
-11.1707346943779
-1.33027122591799
-74.1866550892957
-6.55642429432641
22.3255530700462
-2.7541288800411
72.5765339474429
-104.619329692045
-158.616423695079
-16.9174688908658
-2.78768890316053
30.8451232533028
3.14324653383409
15.2974113165106
-11.2519992722303
-147.653615718385
-12.861190716025
236.00864570766
-3.1851007948376
-415.567296743888
11.5893880896019
649.961535530978
-276.775590025859
27.1661896366064
61.2775865482659
51.8463531803637
-24.6474936949622
70.8197876560893
-66.4335916606799
-28.2818428208386
63.8662797528268
165.025800647249
-206.191729796325
26.9841711531487
-35.0456157187223
103.834324442129
-4.71518849094262
-12.109477929967
-13.3550762404193
-12.3818115752321
-100.291078049999
59.6663323575755
20.0165732543082
69.8974847142949
74.2900043626546
76.2778669931638
-21.8177049942505
41.7072929196513
-12.3897140318429
-27.0414169750865
-38.9437650655916
156.455418537913
-4.06079193841622
-13.8670876424332
-243.564893088438
-311.618559730551
-60.5725912574813
-636.130016053083
-253.122860016083
-61.7440557501912
-72.4518885080946
-19.8450586253209
42.9574301417002
142.575154270563
538.405485870823
-419.847865137202
-97.6640264206286
-294.861229689407
-55.0060813318979
-40.8749430229102
27.6194616604242
-280.332641182808
14.9426212186533
-17.4881330118459
-1665.35305168495
-31.2596147124461
136.59675541482
-17.5230524273381
-38.6787869476843
-53.602216026827
-5.41648454100272
209.238556591752
-354.826877921218
-91.7204358282819
-1109.64825508115
-0.326129370317786
-43.1070306086497
-12.7616454985537
-17.7452519564277
-19.2676581741836
-8.84115881715272
36.1103470145381
211.871167020572
-3.58911536379107
-2.37252546419728
-1.35782713934766
237.371271390267
-13.8600231290546
-170.226285683898
136.097444881726
-141.401292782066
16.069807884988
16.8815535564603
-12.2445099769812
60.4198998087386
70.8142697044385
12.7786856046986
-8.53144394138247
-96.0007180935935
-5.39568897967163
-186.607258804707
166.089985483685
-45.2751134218884
-16.3660000869687
509.238750326904
-7.23983446367884
522.581179523852
-10.0905746349775
-133.097628672332
481.098669323309
-3.34793832922846
661.622843468132
-3.24673991288314
-29.4644286713174
-7.37528461051009
-31.775898406246
-6.56481543022823
-4.07482158306032
263.003317819985
571.22555239611
602.205715709535
-63.0050043805678
-74.7536694323855
-19.106032908673
-62.92190110095
52.6875506345446
-7.22623717202368
-329.066556690289
416.161301583282
95.9731155693386
560.494701212516
49.579223145237
-3.4797818222519
12.0251660885056
353.511547539795
6.23963904867885
-3.02691635781131
-4.25120378751776
-8.3405559837333
-10.6282743560894
-15.4681666267584
-8.47447471289555
-0.614491386490925
-50.326521322754
-17.7532789107974
-20.4553621677909
105.748758164346
-3.37939973475122
-20.4060250219369
-1.13711427117666
-8.63520378391527
-7.84286366276362
600.77133051582
131.920358090777
-43.6829335883243
-49.5926711061752
146.421537348449
104.441516395519
-73.5737366192343
-107.639091835691
97.5390581714078
-12.9182132161869
-46.2237109315457
-43.3857288122069
135.390899953442
246.587729879479
161.173695286817
-423.827938047651
34.7525593380023
-8.26176939497909
-270.428245474737
236.506332752407
273.105387087324
-19.7923438060136
-784.694200539967
428.110569757919
459.651777624168
8.63717834320179
-18.8699356468827
-235.164068648137
-157.735791169513
-118.342727171244
289.209699899348
-5.22507655259449
-113.541474926822
-156.859547589663
-115.677615566059
220.442237488612
310.499523325669
-0.85534048592774
-2.14095135007699
0.905354758405028
-0.587516830401181
-8.75403204676188
-13.3733835949894
-6.58389909830114
-5.31783330706417
-5.02042762273516
-13.28456519306
-13.6466069762716
-1.78208260739231
4.66280781115622
-34.3729741592039
-7.93604604605608
-7.79151504558421
-3.11936247493137
-14.4917973888106
-5.43652177316407
-16.8176623500837
-4.35599498831678
-10.4773709716442
1.38746758363849
-1.88550474867274
-2.45622676811736
-2.29458922240702
-18.6947807059627
-49.6655441543822
-2.27535879381939
-2.98000771055809
-110.723074718104
-15.4347032010471
38.5421240659701
-78.0991745653405
-1.15460199906413
-6.15573519376291
-6.95082700522368
-6.23310533144924
62.1629863499439
-62.7714077646784
-9.82261917030772
53.3707275678911
45.5509148933142
-6.26892199458542
-4.99664744414452
226.552104476031
-30.2697088408949
-167.966093551427
59.3006475846471
59.3006475846471
-57.8694197539273
-9.80861443523496
5.78113539429377
230.753538817067
49.7055330952728
-4.7731806598801
-10.559218154444
-2.01769719718943
-19.2837280231653
7.33131017647578
-21.7198788059691
-31.0727665788119
118.462230628714
85.2221682782787
20.977478713087
-104.074772352416
-5.41868199867657
-19.3269231437827
-5.28133993606007
-159.391421893762
-120.826556951608
12.6062457207693
16.0933355525118
-15.3839443704825
21.7373231186704
14.8075439971539
-125.55363767419
-124.902916583011
22.9367143394167
-119.388807951711
125.48479675511
-251.726714536751
53.7761677059806
-13.951416631658
-7.43053939839883
42.970247129203
-89.6238286787598
-96.0924394697343
-7.40551969791712
-4.0592809262326
-2.34983449121417
-46.5821085675555
0.495758951499815
-62.5904294448227
-10.08575435449
-41.5869125331875
-24.5441926794777
2.63505581367946
62.5002227834238
-1.11369035014636
-7.89329059366813
418.529846457025
676.601196961048
-12.6146459508322
949.574683005496
94.2237847697083
39.05186941051
2.23583022047212
23.73237713135
11.5152298478522
-8.85902295553565
285.106093131754
-0.790913580362798
-12.3363325783021
-5.2802578718031
-3.85958660090959
275.759475081127
-4.00489667291151
-3.02126768772118
-720.96362496858
-15.915375010812
-11.2555816061303
2.78799671082822
-469.434165602639
-257.907213723965
0.628805591975766
-6.60130428869244
6.04123723378717
-5.46807989529084
-393.013767378704
-6.65232715737777
-1.1755776181829
151.675855311056
0.296211749988479
-4.38449118643411
1.82488858805611
-2.40849587980187
-8.26339624102316
-178.248899941513
288.66607517998
317.924344411644
22.7207901886103
23.8498840588715
-6.3822987089877
-1.41566568790442
-23.6223470660308
10.5960829383808
118.655788873396
-5.09607953327355
-3.92740404142109
39.4432390708338
19.8384055776588
130.589167087512
-4.37912372323734
231.201377473667
112.024431754046
-268.894967477241
-185.478716544049
61.3469881449552
483.876061283061
127.057195531273
-235.56529791777
284.095647275343
238.921993575104
223.720771523307
429.237908315912
-998.87379078714
905.492031657674
372.509191805001
254.757871064921
15.1444120502515
28.2269958946817
17.3759987285597
-4.5072661706967
-4.36759936807777
1.91571132816962
11.9903516760265
-7.1352259230386
9.39194206092114
-24.2336143819605
-20.4624077289181
-12.1571176453414
-26.8104818045322
303.835186785447
52.5357099254125
-15.6155396127629
-93.8611297741458
25.8836563527607
106.163193392826
-157.450983669159
-1.83493036203508
-3.52100124872319
-119.87874276073
-34.9190648706721
-163.7557020159
-40.0316449759686
-31.2268706365915
29.1388025510311
-192.459286583432
-9.83618005880101
883.652491642578
-578.410368099453
-47.4137489350133
411.412030490236
15.2700133174984
-145.279889627508
46.7463366053106
30.046291581371
-21.3755080180186
98.7982895159384
-128.328817401371
-9.93928287955542
-5.70401288947415
-46.1399699448913
-3.0728688479123
-14.914248688276
-4.34138996648191
-5.46647049078221
17.6022360096346
-32.7177524750479
-12.9441386569248
-13.5042184953265
1.6824951345159
-72.3426042777024
262.360800269058
-22.215674597044
-9.7747415459968
-379.583331259825
-1.88473689022287
61.0827628833343
171.891618203426
13.0341107069815
80.658468259952
80.658468259952
45.3755167530986
-240.513278618571
-10.7795548170072
2.18162939571737
-94.794785857656
-10.3801620984349
144.409884666586
221.751536731749
176.766428731685
-256.263366950207
-231.774977757574
-372.364537397278
-38.0206799365291
21.0070150093304
-9.55252090546693
-1.88550474867274
-2.45622676811736
-86.0829773742647
73.3446334612494
-23.5114151869609
37.1235443154568
45.8551143694132
55.9829024275011
59.2199456504389
46.4375474653727
96.7311698479343
-102.91561179478
736.31248227477
-669.576690953591
-99.3904183743944
99.8438673290976
-803.527013567658
-180.43927249262
-233.731545391196
-19.0772338919634
-46.0139317482478
-380.398235524492
-325.403028078849
439.791691253789
-426.844476816093
402.190650435766
-131.779235392154
78.3379392916462
-197.66129258424
-30.1713843839749
146.370390884513
-313.199586236656
354.191407407853
-56.3168162367582
-338.989197191295
230.33712449107
211.957564403667
-22.3266730556847
-128.927360547608
-43.1283889451335
1.04998913617382
-19.5621834363755
-3.11221756285819
-15.9449165511999
-95.7379747336295
18.8839139537952
-9.10119089293789
15.9603346377364
-579.991317514016
364.579900984604
153.257738119575
-0.784267446879722
-0.701125276071032
-27.5452913475525
230.202917801651
210.67651624801
118.930379658716
-314.97886202182
-175.056733338185
193.766514741228
338.041845287616
285.508309727324
198.532442978952
82.947432006336
309.167225132965
368.744930782722
-18.1621168306237
15.2002413310309
32.7491760682552
-22.6446328979894
-243.143194945954
41.9231646897979
-59.680943609009
-14.8787794042505
62.3498002684967
19.5190737114325
-44.3405513285558
-54.9142250623769
8.6353817186623
-4.27007325565342
-162.960161185934
-46.2547382574808
-123.501372144668
11.4434207988454
30.6383509263683
16.8017434524681
-12.970111573382
-447.287652313002
-525.168608678125
-67.3747355517239
-37.1351903057169
79.7979227153774
100.069896708139
-3.1134114032266
-2.78736004854089
-6.19681917925669
-3.87060592350721
117.935694239673
179.329073923607
92.8753815232205
141.827553683618
8.1232480498387
112.194928716093
171.774958150023
77.9776675454743
95.5247109669209
45.3915798110299
164.098470283751
189.003623903985
136.450865756242
166.742488674967
149.921158144835
158.3358049875
-2.49785667411348
-54.8360712219469
-456.334775193225
-129.674601545719
-413.623471455609
-127.302937658867
-269.872727296454
-4.60126186806237
19.1730627204971
-550.592938167757
138.682438562985
-444.944928779828
186.547009001144
-300.998389312998
198.59649720535
90.7828184927576
-1.22069294212558
-11.8531456415396
109.631223908547
353.007441475361
-81.6879648582783
-280.959744542483
-76.1016432247775
481.188590801889
198.188338983986
182.700580117723
160.468626303095
-22.5569600454724
218.007180199905
98.2152323843765
-23.9121330143616
36.796709449723
85.2397655820626
-114.196224117199
123.702536719448
123.702536719448
-16.2519137712689
-10.6109055649218
-32.7758785043831
90.9708235460848
-3.32152958214165
-3.99669896661296
-7.08394923793557
-74.5016374854051
36.2203945870454
145.713194802273
330.590005738032
163.066633011807
-154.159194436869
-36.2733105697767
-4.89582121046053
-37.002953582154
-95.1859754847119
-16.3211713639823
-30.6753654371138
3.70978763669856
3.16360467612733
-10.905238096697
-9.30345324472176
1.00117488184194
9.9457216183934
22.3456443247285
-3.05616870862881
-1.05094380151071
20.8251612083092
-4.88912741269557
-8.62761649429932
-4.81361953740294
-2.24223470334282
-51.8412039998363
-51.9002854764325
-9.7822613804351
-8.86641363672044
-6.7122714009564
-2.11707911637618
-0.77169822926387
-2.04951860972032
-3.88316297020352
-35.2735914989821
-3.11971125579019
-2.15039690230738
-8.33893370184618
0.0843833448994132
-3.83798169476773
0.351545331223235
-5.79288338896835
-2.48607363703632
-3.08675589346804
0.694806336110247
-9.960570348268
-2.97144533908678
1.34161139965346
-2.45311710254484
-8.26992450313831
84.3946289244194
-0.975320206977307
2.04079736748759
-0.342867153756147
-6.22602535163373
-7.26995533484728
0.898033972481673
-169.240762830816
17.8200262289448
-8.27580905383572
788.624152378866
38.6825008909683
12.5840952880401
11.347531646076
-66.431384750046
-9.96365880825596
-13.4136150289894
-33.3041895950156
-253.818722318352
-7.53919109937443
-1845.09529231642
177.265497498214
25.8655277927293
313.065031193052
-640.249418213031
-993.808773732294
495.000361451677
376.801611331963
517.688981636853
-622.910653826499
318.757915167774
993.421330712561
1378.70334780985
-50.1392244171485
565.512514811242
-35.0893572663189
-20.4956813946543
-70.7525363333183
-7.95536150754022
-510.80824715352
-7.6998512848523
-11.1099537446377
-7.99625414340825
-148.81112382113
-146.928393349563
41.2736002285178
-238.607451539451
-8.52140273351763
-279.19683601908
-11.1209444697402
29.3697946668803
-2.17086575839505
-2.78651149465451
-25.4514975382224
372.721899465946
53.9611097654717
63.9921412244818
-7.59839321151118
-93.5385129421886
35.7957613804879
7.30005474992978
-0.221069052006926
-30.5773125792877
321.818999913589
-1023.20958277273
-11.2538402133038
-6.12993979530128
-24.0994019056413
16.0009167735748
-19.8361793139188
-157.286423226119
-7.7539160240519
-242.667100579328
39.7737523991175
-18.3082794434791
110.304227979195
-173.532581375093
-53.4583295966595
-392.757885880892
58.8479420296666
-40.4283305405669
333.819506902264
-454.766589546258
-1.7046502360556
-148.618044988992
-13.5209701378896
-22.9056467148377
4.32197081236026
48.8806025054458
-6.08092094403699
-61.0912213373983
-58.3285722027765
25.3892836460409
58.6431843223208
376.752625406856
59.4858421181155
-144.903922282106
-19.3234439676883
133.958077948337
41.364352416834
-72.7295638063862
168.704136215821
-69.5983543692242
-203.718951137984
-27.9236547865909
-29.1077520857944
-71.147889073786
-25.0392569185564
64.3480188527764
-133.735481427636
-143.356283890891
913.302766208068
-425.884946950898
148.426719565852
-352.065777302571
168.429397716533
16.2781934407237
13.3991987941343
549.067263275849
117.696921168991
-98.2013471612897
202.325150137305
200.744582188241
-13.1131386515864
-34.7482043940836
-358.853262093615
171.997586983105
67.484550580392
98.2482177822289
182.638624702349
6.16557081150956
262.92087980732
293.20004754889
-168.552257820756
-1.46470288189999
-4.44260521100509
20.9202184028263
-114.439831014436
-183.733838152553
-29.1407806781775
-276.712453874024
232.691018022658
201.74768590388
-151.49034452648
964.18251605799
-349.273696325114
3.2094984496525
19.9289608490837
132.735201307463
-108.397272844947
-215.081560664888
-188.818214789164
-84.3210736776843
-79.2358735859506
-236.306780356485
232.177192678172
40.3591614172551
96.6403906070605
-218.37992381356
498.145334743279
727.251113153707
-320.423674089489
999.260363293143
-429.155523044679
65.6994872495268
-290.880019898167
178.248548916529
-88.138364566736
-327.769601349761
-55.1635293737594
63.8234123144477
-1.80490147704255
-15.0691391159467
62.2573142008923
49.1937645506279
422.951158493724
-376.11883278615
3.90330772388154
33.0357054605943
-61.9085719829554
-150.245681947997
5.80027987296072
162.203469658437
146.363222818417
-15.0293925393327
-11.3860585142673
195.023637131461
69.1379575039806
-28.2891981797971
187.952363740379
-222.506721957687
-2.56276864524027
3.59637101944198
-850.729795907169
-328.910090390739
-303.467190408051
54.314426531241
-44.5145129720301
-49.5593628369794
-396.023575425278
-1483.59754390357
353.975745560558
129.17827703409
122.557090623261
13.4044909949486
-55.8126925180419
-28.634029538881
-10.8969853176667
77.2054047743911
130.523815226475
-149.661408422652
-2.19570796601422
3.21679210783414
-13.8631798190611
-48.6162160563032
3.93629281629648
1.08143483179245
-47.5238766705205
-3.22605066139649
10.1838279808971
-34.4220982968356
-685.76478877853
-942.130770245967
-224.390122755066
-16.4001916834128
-27.2353064522663
-2.96063449724686
0.212008365746006
514.19319544494
-30.4851417483446
-30.1785787769216
-173.205662645544
215.443783961961
-2.56333956292915
-79.3609772745661
-43.4757831371965
-6.68691181943258
-7.77190878156377
105.342170687306
-94.7584755776646
-4.30552674032417
-2.13789835169223
29.088240366103
-19.9378524970258
17.2156595425294
24.0211770761539
7.72224647552772
-40.0692655107197
-81.5289019704334
54.3989648589671
-2.53313364380822
81.1455303081736
-299.409806218654
-68.7532444732734
69.7586271779514
-86.8031288086052
-87.4857380025518
-1.97020668129842
460.638853882523
15.4407886513418
4.46341520101863
2.65811856552218
2.17663645189148
2.70599682063519
207.819836604367
-5.87487831099133
1.0367156576448
-3.61984984356084
-28.0776114163733
36.3697008228896
5.0129671659967
-14.6355614776925
19.8349342068218
46.9603096924064
-2.41652768839972
81.7770409582483
1015.78883194712
-5.06478413678918
-44.225555161822
-109.779005272682
-6.05865544327965
-17.8843101924527
-0.944424266191318
16.6052434724876
4.82953333099605
-14.8910548332458
20.0407724115425
622.404514206385
-392.966838290946
-8.03709435094723
-0.742571672578393
92.6831117289298
-190.04986535946
-210.227405375073
-20.8334767735698
-14.4810963813373
-36.7707506640176
129.937593104394
-63.0349612462619
159.490511821087
-11.2552492672603
-19.6265583717019
-34.856714130381
-43.2526066081604
157.34072498759
-122.708219025306
-218.019598250742
-49.5034380072642
-138.145670461276
95.8494776597291
-610.957655525521
166.369318579926
232.274587389052
-79.0114917158177
89.4084454556287
279.471017054414
-767.21103357847
-171.745920746975
-125.598706570826
-3.87372469042882
41.4446683087349
-35.113863475828
-156.336856649129
128.578595751559
-41.9307027189261
-20.1881578563148
187.032131650705
452.38317258739
71.4750238967835
100.623937997166
-135.113132399343
-63.1523475875044
-354.002912041262
-29.0291722147977
-40.7412775818753
173.458133428452
378.865762085145
350.792210557548
-61.203291324921
-20.9681178364059
-41.6622414241223
239.087126321427
86.6037642487
-240.222619976141
446.331745803585
-209.722236825332
41.772642670966
-44.0191384144037
-36.0807709818511
248.556584985343
-182.359884696977
-269.617016987271
-217.3491622489
21.3701737623955
-136.60243551957
-4.81325125790443
-25.0837030184269
-11.6220769919067
-64.4099461173295
34.9329565738341
-54.8400287805516
-23.7926301542156
-21.4167794787851
-4.81557287436864
-26.5044452280163
18.6169577459985
69.6962069963307
101.42374084168
69.0927817617874
-48.7784157120403
137.366826210076
143.136276121437
-45.6039795188332
-5.31304495509011
214.635061886771
731.656870212365
578.558778662988
-179.846385554963
-16.8530813590737
-4.69667652762238
-57.4371013656285
47.6216112085083
15.6279568059811
27.1910612246
-90.1197221328576
-98.5656097219971
-17.6800746685592
0.771757099781101
9.45556531469707
-3.48619242261437
-1.313286814112
114.742603168577
9.28022410676544
56.1773002037698
-51.1844279781095
-35.5576993359389
-30.6561696960637
293.338327579199
73.2096281555046
-120.080501847466
81.0295557424094
-67.7128131661514
16.2578976954017
26.9708480028572
121.012354661233
46.6963603336167
-119.271366768178
90.7024174699516
284.254981807886
123.483919845002
30.9897099311295
-477.020289094248
115.611548545668
129.03589105821
192.562256098377
82.3612935775454
-147.247015239093
-112.475522908947
-85.7978918464209
85.6262261764261
89.3578321749326
-50.0712093246451
21.8255281737212
1.03924572515338
-166.198410414998
-83.5157487338546
69.0243316327865
-116.5945508107
-98.491114622605
144.222914688358
53.5658208710063
-26.8732971058895
-2.54242872569034
-7.2376743854178
-244.028298786123
41.1285048581337
-61.2345320705669
321.845956342135
317.496096886173
-144.953343536369
-727.299792635883
-17.3114849187663
464.286739338063
865.771237232236
825.851772348953
303.184737912047
162.090695159511
93.8613740417548
20.3755866541639
83.6569203179948
-386.425965190575
3.61347999459469
83.4480250342292
-105.489000158593
-67.8164301301326
151.529558191037
-566.526669021309
351.182971600666
-236.177142770233
-198.736797031082
590.74994770075
545.166868285518
-47.3316735721428
-3.4359924576461
-1139.00595495816
58.0720252274478
524.296871147026
108.818699007966
-30.6754862551041
45.2200188388633
12.2163367182133
-3.2470793175431
22.1944748302144
6.21874135939637
2.54059442605259
-5.0859474860246
48.6122226234174
-45.0563453633546
-4.04451230053557
-23.2178756768547
10.3224915458068
59.4353710205291
9.0285420150998
111.123706363401
120.201442096099
30.8869060635215
35.6450303980397
-362.252750453895
-422.206809142677
-76.5941633307089
-303.656369414963
-4.9037658686306
-41.768778598297
53.781680592387
-55.9220045293973
-96.1003452096785
19.2775779361099
7.38875681535872
-21.3290905950243
240.084591602532
-267.436998802344
-39.0165495074502
37.7001073533149
-37.743993312245
-300.387746501311
-42.3283743793807
-277.83638020738
140.611227449591
96.5229393731133
-296.896478813143
-10.0784187775152
129.187427494677
-258.81477367857
-168.169232118438
-168.133739903019
-1.38594643443459
-4.91166863233989
-31.771399707178
-15.5183505332434
81.5137466698414
-2.90493677311755
-101.397648150171
48.0620015707479
38.2797811623724
100.152308386776
55.6314128998761
607.96667579354
-5.1260846498851
-136.811726500481
37.1128239621553
11.0701012049045
198.225008324097
-36.9414238840745
933.041572014067
890.24368976727
128.508001891435
98.8739825600377
-209.738492907
15.4656063510576
-8.36863801009263
-4.43257104800973
-226.216777009496
-142.75054710426
-9.90275385974853
-3.73532894647859
-2.51195401078716
-5.83271958275912
-27.9699491032932
-169.465289129778
34.5683144571355
-830.474223527622
-43.9309666749911
-73.3512324713795
205.236731042408
-106.175388852685
82.0915150778304
870.279461198439
194.980484075172
29.9334638601626
27.2480745564116
-130.815190865259
-81.9654088715205
46.5323492959814
216.93972845489
-49.5092315319298
19.3035626193411
42.2776364639706
-781.053315648628
661.997554113091
132.004308973197
43.4020123421699
106.816345231621
11.9948459824791
222.671770279572
439.310949945184
24.1502894063819
298.806712357245
109.867352334478
28.690981242563
7.5786754782085
-95.1252873595223
337.741276655564
451.785060583968
278.278252919617
-3.48020495782846
-125.365650573728
7.23801022025806
127.620502058213
369.001046333587
203.817532114904
96.263313323902
-24.3474455523432
956.574415908889
1089.05708924272
136.096147081517
-30.9956763039126
86.0016960999504
58.4309930475345
163.793173277668
-367.643384008478
0.0694103661112133
-326.052904468272
-80.1105767625246
-161.925859189476
243.908892594466
61.6148837198014
64.1185002729473
-124.907427478846
-132.301871287585
-19.1687520541254
120.310184873715
-206.321140204869
104.333207351598
-65.3351279651443
-97.0021245509747
21.3488328688625
11.2772145324627
114.592751345387
-78.7229145420155
-105.753058040871
-34.9713710542037
46.62886443567
1.26584667351503
-0.421268241490364
-1.31972069185757
-5.0645051218558
-30.232978859661
-1.05055187455202
-2.47290687789497
-5.60956576311668
-38.6416700396572
-4.9009106076868
-1.88550474867274
-7.42654006409504
-50.3731050184481
141.980743019748
-9.18169714627772
-10.9637342205017
-3.92709249296431
-18.806355091189
-3.72928114347285
-8.71163104936455
5.5275192027245
-8.37214647026935
1.2818493235191
-5.71097489774212
3.74206844812859
2.99944293859678
-22.400150226158
-43.1770310934707
42.1903791661626
-10.3424563495803
-13.0273133987427
-7.38057235467423
-15.0664167623596
-82.681615844076
-46.9424140719102
2.69206411747633
-83.674861239715
48.9603762804645
49.1563470240475
28.946409308075
4.28586547238658
-2.90209083162533
-18.8078633476017
-7.56197608186766
-24.9670374483498
6.68251993253501
1.72717911449091
88.1903403714504
98.6696742272747
-1893.84841167182
-22.2553394152939
11.3471631951462
-4.32159451439087
-12.4749871275969
10.7620336031256
14.9226699728215
-582.331727608449
-34.0765650028275
18.1396485871658
-123.154723339062
23.8337978591196
19.9976690349474
57.6698533462169
0.515052511565843
-1.95963012026868
-6.21246401400717
-7.63447306880656
-10.1327255032915
187.472480766748
-7.22417863634798
-10.3755664678802
-3.52315883671185
-5.04452614623043
-6.50566457497471
-9.31719444072092
-141.577935967879
-50.4992721637395
91.8535264672777
-81.5003972411427
-115.488731364279
-7.03335079954562
15.701826875336
-231.176784838347
553.44609130501
-61.6724284265309
-80.2865966996991
-6.9057197227652
18.9307005566414
-4.06636988837967
-21.5214024341698
-61.3720372313049
8.04024381062562
97.3916106288122
-24.1615170248226
7.94357011126998
3.96491274126576
58.2516784899133
-50.6116498417073
515.453949854874
-170.621683131158
-9.66444225687786
-2.7200264051344
-26.7851231662468
9.42168132351153
-19.5342715995738
3.76566179070194
-0.0467059392734064
-7.81795458874908
-10.1005247917157
-9.81947884041511
-18.1639931858008
15.8394229946382
-2.90072852943092
3.74340012032077
-4.69914316863734
-4.75644016586944
-15.3167950232944
-3.06555821402146
-2.15127504203485
-1.10561679861502
5.46791554456744
-14.8844828437468
-4.15250368973958
-17.3363893602477
-15.1932117867084
-5.84524427248613
-379.168624460905
-3.35676025901992
-5.52550217474348
-7.79904660960671
-5.75603425540392
-12.0503232137684
7.86501624964009
8.96395066237836
-3.49917934072496
-0.73591004440785
-222.406660726052
193.948503360133
19.0474877701176
-20.7250560387009
111.960760446715
140.099220644829
-6.38180669830246
37.1530587426248
54.2961292298216
74.15388104302
-8.98175856217164
-0.756962210103048
0.608344028556358
-0.695749102692075
-33.4318022959258
-12.4531542484113
335.141286189068
190.455671708441
1.42195283601894
-2.24734443951919
-1.51284536055418
-390.549426542228
-68.5850535433532
76.0645062486462
83.1196869356229
-0.185228035120994
327.027934083215
575.10784383254
10.1878889596714
-2.14501983815984
-4.39679987027275
90.9756171529053
-99.4885075838669
75.6682726539183
-775.742480829441
-22.0523252942007
-13.3306478577208
-2.4555030485925
3.74095198346345
-1073.03181782065
0.557739913350307
-145.25940988871
-80.2280756830119
342.443086831209
-26.7151115081503
-65.8199733455211
-35.9869701261531
-6.6801617287617
-6.84439154237031
-4.39332254392177
-55.3197698810554
-16.0631089078751
-221.825161019236
-5.17924102982391
-9.50205260899476
-122.689256132322
-5.53367318351764
461.631397902253
599.452507829039
244.346794715432
12.6619164897432
-94.0588150707342
234.146373099977
-86.7405200612381
-21.2866310369647
12.6120573125845
-44.0330530117519
-110.562568965605
16.6088623741449
69.4767687599792
-421.423645173092
-1089.19226077347
-5.90288815243971
16.2183248177573
4.98233950346037
-17.7239788683263
-22.2719881223164
-2.11043728468321
-6.51066722205966
1.99688802908762
189.907775633105
-3.94862947451195
-176.956312177923
-190.590523990421
-10.9242589549234
90.7076200263824
136.036810920396
-377.003066845219
-112.030364581578
-92.3366446713134
43.0413429266758
34.1934588221918
-2.13632856356455
3.73146607629919
12.0887398509398
55.915003581018
33.4830445116879
-5.56798754621344
183.13858708927
-151.510174332312
39.8406952827475
-165.852803624773
-52.9027071883923
131.622812891357
12.5320386127175
-200.073168484022
95.7219736269143
70.8560762590799
19.3448891306937
22.5937283871162
-49.8067832954542
-16.5779391076264
-9.53292270015634
-394.594713302037
-8.25770447921925
-5.85976311972068
42.3841912025065
59.1234300811365
-1129.24164726645
-4.73187566723294
-16.5954205023938
-9.40100030042945
-22.7583974683214
-4.30002828678368
-107.822600058866
124.444779431202
-8.28110483035988
194.882367808892
158.390574817829
25.0620392949045
78.9511158071012
0.919070343561265
-4.72590044822475
-10.4571283165252
23.4405294506131
-2.79379813544969
-8.04268418912122
-1.56530884480772
-3.13237257242039
-7.80495841077312
-3.54803962127919
-180.260846689337
120.80468751719
113.230085811263
-11.8281742766255
23.0673644426789
-2.55361187565461
138.530713006427
-107.575261216978
-114.929489986638
-2.15648336292236
-0.170896916446186
-6.80028963373582
0.1991808273086
-4.40777276529302
-1.73199985155648
-3.37639500225274
-3.92084586235776
9.87981347160339
-11.9671691486577
-46.8201863684913
-4.95395658868916
-176.070786775006
-7.65225867361115
-8.68239242806599
-4.75189544115234
0.102679127637564
-10.7210610800714
-26.165087948771
1.27156363009467
215.085870152919
-13.1493051755132
685.891088519673
126.227248311812
4.26638277218854
211.655328477085
-67.3800675872974
246.754732837903
-1.90546861433757
1161.18354743361
-6.6791513312558
112.391327216266
94.8458721601232
-10.5513421511702
358.032999325788
0.214871660313068
-3.94395468735248
-1.98960387819788
-6.24334658124752
-93.3247438704776
16.0808753465622
5.58507718304807
227.062250761853
396.479423154039
-416.53588482647
96.5150591760372
421.390254667564
259.726085612507
18.9205150391231
-16.6922322606354
0.295371533499206
1.13188607505801
-8.28688327133229
-42.3216038267801
-16.1410675279386
18.4359193260049
12.472039931266
414.091609093625
-214.628326663654
-3.57948294092025
3.62285830924361
-396.367158993651
208.420037210941
116.742123826138
58.4712502912081
89.7719081866036
75.641433309742
64.9347279377827
-30.2060429998524
35.9855275760078
63.8823398684121
-46.125557924207
-351.736957479086
-471.541653617025
-499.245454883887
75.3950707858011
342.211935899755
-15.9189831250178
51.6753745912198
-500.926294206447
307.680288397086
-468.946822810651
-351.683456993973
-186.389001135019
-134.620004584618
-734.734156775757
-25.3353706906205
-128.977855374303
230.802622161939
-82.5590841130304
60.3074328981414
-51.5610512917776
-427.104366762918
125.56638219715
1.06420589703312
1.83018994656386
-1.9765216832806
761.622572655899
-20.3523638967384
413.14763232571
-3.88381775891224
-30.9492744798857
-28.7874310687806
55.4095167500405
-17.0014889149594
-88.191614024924
1.13925745077106
22.5490657869912
0.99333451923272
47.0809736879908
-11.33058093493
38.9336044736873
6.35549304160008
22.083716926399
-14.115928571517
-83.8137797070603
-4.90600932054784
-37.7909031287286
-15.104644456184
-6.01576224475853
-3.07155230446359
-6.41200700913496
-47.1763045443223
131.39684954302
44.4465750776172
291.447023892075
40.2212504277555
51.3664312169898
510.018271498297
-109.822112599386
-16.3742680387943
118.404368452145
92.5824827770832
-486.600848347061
307.638621370264
-98.7595954580862
301.720786194783
350.419438721932
1885.7495160722
-109.067647301245
579.493313780894
-77.0603310727209
-0.0442838441466811
-116.493709198628
-52.8132423192293
85.8965398325661
-27.6950046227258
-176.397175424531
-2.78504368761894
-631.570082844635
-7.27780140172657
9.96791112579896
11.5348554510715
550.969881970444
-313.33486301116
15.4574352048513
-6.10092538479523
0.130969965117582
11.516091628924
-339.593884445856
51.5181942062546
320.475562537887
-127.816856849805
18.7126616039586
-72.6811939901322
75.1193484308777
-99.5870894155725
-74.0528753352005
16.7463519828136
-100.459772145769
-5.85341441786889
-134.481091629168
-15.3533876912468
1.64077266822628
-4.08482510271263
1.71759431677332
1.26362108352514
-9.62526795061649
-510.173169299092
-0.129367180436484
-234.019218975931
-30.0678390457093
-18.1324175396085
-21.207562881843
31.3282905510772
42.658897449533
75.0126575853457
-1.65293715103025
-12.4438868938627
-3.01599765901309
-9.78854850890689
31.9151074534228
18.4930940427195
141.496982525701
18.7852692105792
792.824388741556
378.057934536789
-467.329906209451
-30.5794281615198
701.664590596851
733.148158552884
596.15332014397
-640.211431909501
165.38302093033
154.903009111718
-64.6747983687846
32.155726316306
23.2931496487503
-2.22653080388007
-45.3792881801353
-45.3792881801353
-117.199707036584
-87.2691132996444
-3.69201049319467
-19.1851073656174
-23.4127665443901
10.7504704132586
-10.9413223252126
123.247587374373
-39.4668383152589
1.79720500566359
-1.04744112791654
8.30102115997956
14.9421439529169
-4.50438295200279
-3.21010352198045
58.6541318015243
-127.653048019262
-180.070183588757
-58.014420295318
-154.162923373446
-164.757226168951
33.8120041696608
3.19526888886049
-1.52158594558891
-1.48594658077381
-0.942886294768873
-5.57471776000444
-23.9530182327442
-6.2139057227112
-711.856580608512
-85.4543644181041
-2.932218215658
-278.588143098941
-39.7153903267092
189.595769761633
248.995166772971
271.949131521689
1.83042084734968
-2.99350576850516
87.0710295446492
-6.83686752896256
-2.84610491087305
-36.4907933757823
-67.1384438608062
-33.4001475102184
54.5380411625236
5.99052016591081
-227.291984797523
-502.31005649303
-374.808564755077
79.9305730668282
144.953417613716
-164.379896290804
82.5040652827129
25.8177467904474
25.8177467904474
-59.4783628914394
-12.3782819756365
-226.238450606001
-43.4194368989632
0.070955543940044
-18.2545359707613
-2.17086575839505
-2.45622676811736
-0.351627263660567
-50.2246693744776
-1.76812966693985
-7.12273749253878
-32.2933950977203
-40.7624514735996
-50.643040617947
301.334095528274
-0.746188001497843
62.253488479889
-57.9842362814134
-73.5747577816886
40.7445589886137
-3.1007925226994
-206.189002961154
9.56477925371077
-560.066652818914
420.794369818213
370.930903121347
106.331369731178
4.6152973787839
-195.123238402319
-11.1762361284509
-17.013243356921
17.751445544713
-22.9673677430793
-31.3803420793429
-39.8269211619871
-19.3378521745218
-1.31452376397061
1.14847801019304
-23.405840858488
-0.610356761680971
-0.850502242878187
-10.4446021873909
-26.4898966074482
-7.53139973140946
-23.0276531440476
-8.92976199979151
-22.6113803684698
-21.1404319180361
-7.39509922761144
-19.8027922122534
-7.7707320638403
-4.54058970354435
1.17478787533195
22.1028753117242
-42.0323265320907
-13.5794533661776
-5.34410021199774
-4.96341088870335
-3.21629206046031
-402.780448569429
8.16061661844645
10.2863271247318
53.4892964780034
5.00882461130381
2.34208197717108
-2.72511923808052
90.8452554981828
-27.6284300095491
-236.16264468554
-6.0258278531549
-14.7859279932854
-63.2054199359018
5.05204325840076
-6.2303336440276
-7.8029268628019
205.514621196413
-175.477748786277
-0.811524661795767
10.3780450203359
35.0772341357893
-9.71676039901246
9.77036352357791
90.5961857421783
-5.48261545829527
-5.11076848484327
-3.55506835994754
17.3120118160801
20.3042400145043
-536.748594973041
527.900571477901
-44.4606914904883
-46.8078571618873
-1.93331555565312
125.373551772751
237.784859507658
355.370003893846
-10.2666953961365
52.6291662659226
15.5783064637528
0.341950951450262
0.466615661298687
0.579514980715533
1.18246006502258
29.375741553966
33.1830754159173
163.944220872253
143.000415896807
-77.9470945509294
96.7159427523302
66.7419152284728
-33.9718776707431
4.29701910044634
149.177511498572
-13.1355826319436
-22.6012914699372
81.2824235707807
33.6499492592917
-180.728311872393
-2.04398668433782
-1.57966997156632
-5.039286879445
2.15147328397654
-39.7595268064194
30.223413649511
51.6440540912783
8.63962437385701
-50.73868860132
11.3526992623694
-81.1133785405971
-108.937648865516
40.1099669135487
151.615387809619
79.8884940023662
25.5917771343644
-130.230832938392
-318.180449201199
-2.253060468003
25.7667571367365
314.072444124928
101.381317860698
0.313538647497331
-10.2109548119336
73.2288297145795
408.540700791253
-56.9859937366243
-176.235708553642
-163.316994564595
-172.02765223009
75.2460169572801
-186.762653142748
-31.2163222795489
-4.97719931821358
-15.4858177939024
-9.91089002107399
2.58446561386133
-2.52673889229563
-22.4832085953995
-15.2886402546032
-9.03148774605714
93.2811617888113
159.765307468349
177.352102837248
346.42010498479
-33.6846769538285
-27.8555053042535
-105.398065086051
-379.140335611069
-151.16495591367
-4.38001116386668
-4.12999788305825
-31.9957069216282
-37.3147650614669
-73.8984653328295
-43.6129467792106
543.325497715464
1448.6790355806
-50.5630458167092
-142.570003254603
30.8622569844834
-42.5911989988474
-1.44014259755805
37.5079104165348
48.1968126190842
-59.2543855918295
21.3694049799301
-6.4161817195145
44.0276868308508
63.9817005388412
-110.086681333221
-90.0584029363841
763.929243672815
41.6530278830968
25.3426077143043
286.117945151416
-52.6957680466006
23.1710853420588
-32.070807172822
-12.0353255528632
-373.477672840951
166.680599661824
-164.738744037783
201.764623826327
533.78757134596
166.666600371645
-11.0333231561517
-2.29882786162877
-1.29260942577574
-2.64117511564591
-3.6438924293951
-14.7282537066342
-11.8034482115881
841.053287293167
-28.3105713757265
-11.4655480390371
-105.593983716462
-135.486793883033
-26.347150231434
-1.52103304809423
3.12608086432732
130.270497455624
629.887228835079
358.709901503547
-934.075497975391
-43.1413004669959
76.3007433219024
14.418882963442
-27.1409563684971
-39.0308671084131
11.1832963792933
59.6834654946303
45.6427558992425
122.614231101723
174.827800861807
-17.1603698665633
125.02102816796
-269.344981768317
-247.663349395411
-123.952278667537
-106.165231675378
74.089446896027
-259.03862468962
-275.844032172478
58.5598216521419
609.273135254961
-743.568219489932
658.303079004062
294.858442468092
-1256.12828491612
1002.70064491182
-608.331681848648
-164.40307421677
7.20647112901023
335.937854812315
369.685584716819
-1.93121384635652
-17.997695266654
-4.47277054545477
52.10242908224
77.6523012135606
-421.235152871608
27.8366865270134
-72.7232843869719
105.185253946438
-496.985224470198
-513.530962471467
429.414101102103
-23.0760091699115
-6.8986223084816
-41.3893827463915
-133.721137121905
-196.828809535538
64.3835683991812
-141.914195088073
126.551819433591
209.741356962158
-74.6256027188254
80.3365782037136
-177.720014744789
-111.666151645298
-0.556852102657774
-118.438953871347
133.982815163927
-42.7886079769441
-48.4445680915673
-31.7366986854215
-20.5802610749651
160.82548710218
-11.0590382268699
96.3883750389675
-83.4833296037312
-127.185788503944
86.755880128904
-570.006010884374
327.019623309265
38.5453620100542
-39.2422867411291
-116.863947629482
-449.685856131782
264.244920818318
-4.95563721920628
-6.38834161523183
-133.507684130418
91.6088377685671
140.623929983175
169.021634702611
-118.908861929967
-660.42721697255
15.9514756531442
-17.5589875091812
-0.789442678569426
37.4388769470882
-239.840012928938
7.95404320429229
663.764177820291
61.6607101501978
66.8916448568483
-32.0309436767976
891.902832551554
-2.11144443082013
299.377512902499
-47.2052060686468
14.4954578008736
-42.0379522606617
236.858272277588
-224.563172495785
-107.526396369197
57.8528098751511
15.5838926538005
2.855409018682
7.13385338068712
-136.34629940383
91.9894537920287
8.69770619050745
-0.805453012252455
2.95971901943642
-17.0125744356316
13.0065236771446
-67.8685031407459
-3.87096925433454
-58.9884045717997
60.4604507346458
90.6833090434305
-4.73633892290968
1.48992921722415
50.6243148161968
2.48272431216675
-3.37118673404369
-3.91928836892882
1.70592161174266
2.16262989862319
-1.92934693411471
-9.93095186408325
-3.93907484760089
-6.21166170506569
-19.9327477706212
-2.39420736457721
-5.56500960414398
-5.09191496178529
-401.469165045398
-3.44849890682031
-147.770161142742
-1.88550474867274
-11.2751662977585
-12.0938886986505
-5.65037446235838
-3.89362821259168
-6.78286581376736
12.7148401658644
-1.99517989068214
-1.94243690218964
-11.790864436518
-5.41574792298523
-5.84580421928035
-5.9343184319666
-15.1246731057517
-7.38583071471045
-1.85039070290089
392.881070993188
-1.12464061723649
402.397368608997
-37.6956860568583
-3.74136341496435
-4.22204259563371
2.86364363384414
1.56142342631299
-11.1719965667411
-3.91610660581926
-1.42763747796933
-1.67031692056933
-5.09708752698136
-1.47799481193402
-33.2818148537153
-26.7399591306031
-48.4619393432246
-18.2699072880747
-5.98474780055929
217.64326074468
-7.65991578962443
-939.052635313934
9.66635935985444
0.407463656007843
-13.2289027498781
9.87195517142399
1445.06905652908
-12.8361310670754
-8.08735292332588
-7.34439184781237
194.476070016333
4.95446398183758
86.5930530880892
-17.9257133448771
-6.63277088326005
-0.732737259868429
53.9013328746155
-106.775494340145
-148.532480679527
-121.859732605714
-17.0617222996045
895.44869638431
-3.77474992802968
1166.35409756456
-525.6315515508
-88.1671406751812
30.1969663703363
52.2480323967085
-1401.58636613893
1184.72067541092
471.804215752429
299.141384998162
-182.814679991596
-302.537031033126
561.922661511009
404.960011816987
-52.1023118075754
-157.055632826882
-2154.31740216509
-2154.31740216509
223.190538903944
-615.605143733894
-217.733916114904
-2.33257033057103
-2.89610975318819
-19.8310716286394
28.9113310857569
31.7721846516448
86.7909162746689
-1.75123105044396
-4.15329764940748
157.232055730991
63.0368949577718
97.6124065765643
491.376169934228
-77.200099421082
-27.9359764402389
64.9602275572604
48.9044832027603
-142.828011879643
-174.748852132205
21.1761924924255
17.6412223549225
-12.611819756846
-23.4315960213443
20.0195889221647
18.2020117987177
63.2415162844185
30.7515902438653
77.0914339251695
79.8884041079535
-14.3199151988536
93.6148563338882
-29.076966945437
8.33766200126881
-22.844903821225
-44.4924339375332
-44.863859526939
-18.1047016163996
-94.6990483735
-24.4548015394359
-51.1029814618058
-2.14777318975683
410.681061569463
942.372164804728
1000.45047793222
33.349679815774
3.73719979433934
-43.4154731105891
10.797874688262
5.30155202931549
1.27704410226136
63.8561685907542
306.5512818581
275.427086996622
37.3078143941608
36.9090037339487
3.66427320735643
-5.62521216907784
-16.6948343263874
-61.4768606616363
-3.87302510332242
-97.8949208132347
17.4133628150959
-45.3878835863341
268.749852904759
268.47978413138
-1.88550474867274
-2.17086575839505
160.087144181788
469.977557496168
379.252970717128
213.992916404613
235.65766434138
-290.382256937118
131.226812783373
49.0356118522336
-55.5345250057424
38.6137148014578
-1.88550474867274
17.1797044049065
-62.8128349456028
-24.1022887408378
-2.80225066724045
-54.0371131557078
-4.73449306887501
-113.671534529472
-1.21580492659545
-3.45850548525991
-5.20871318511742
-13.5489068335437
50.3443551711885
49.1089497516663
196.899133927951
16.1955364827587
-157.927114699375
-199.591585267229
-62.6200200832972
-1172.56944710477
-264.485344389358
1253.29874277971
-13.4511412060197
-5.43497219899812
-22.4605572260216
14.6449193961879
-6.44194569298732
-155.949615833459
-12.4062334966507
211.714176480433
317.053659411649
8.77025985869018
-19.7476511882413
561.185054086974
-0.678394882487622
-22.822279783305
39.4853347249671
69.8645269111838
-152.809745931773
-5.90493753836506
243.589968956947
7.4434510176155
129.838668125531
360.300001564442
-17.2747854828244
-345.699278605729
-43.8375504396937
-21.6198567506575
4.63794565420372
-11.1105934703197
-0.00863404059430617
-70.4190432188153
74.5354949829475
27.1173985350108
-47.0367622678129
77.2703432718459
-673.882870949433
128.798070395322
192.091077485958
234.962843149433
278.830158769257
457.624122615154
17.9969140939648
12.7744085491016
1.95137328460024
499.280182038746
194.501428221484
236.950893044255
60.9185705691106
-11.8686717326314
-3.06765023757781
9.11532926194628
-196.034792652915
-142.142497480415
301.532476369129
-162.205190281558
648.641189184126
-210.189220338854
-82.125179098786
94.3710557735535
191.591783015754
-332.095631538744
145.785301779869
130.359375898803
19.1966902495258
348.892159455509
-108.174972794847
61.6797564852953
32.9819936255653
