0.000762471603127854
0.000573714543433527
0.000704675450597438
0.000617345754940915
0.000587484714345781
0.000531374660776508
0.000527184580795997
0.000637106515461532
0.000759026796068044
0.000693555851161319
0.000694701922800953
0.000641114604320533
0.00066485535543872
0.000613606746949588
0.000582255961134422
0.000659078800616582
0.000709731597848472
0.000678494787482264
0.000717414801640003
0.000642289611231233
0.000613181256063148
0.000743379614469492
0.000704503258812308
0.000716485360175182
0.000662076867916779
0.000698705183664581
0.000641853359331958
0.000728238841996155
0.000925179174175046
0.000796027293134178
0.000765310994163708
0.000723821006900743
0.000764985726954867
0.000759514295719102
0.000681835930742951
0.000850347557507403
0.000884133196847907
0.000681083221195705
0.000845997956933249
0.000896724613961984
0.000760291866429143
0.0008492191183307
0.00112959716164032
0.000830408571481985
0.000802330986141823
0.000930113281228037
0.000831539597327863
0.000805067196330096
0.000906492413161738
0.000828416285488634
0.000833108101440496
0.000901662294367249
0.000852703922044795
0.000886309361502693
0.000995452915430888
0.000925264607475895
0.00100581164571506
0.000965345543197001
0.000937304454714681
0.00109248489539016
0.000991770633074485
0.00101914460985897
0.000957855436135484
0.00113765198835145
0.00110818200930758
0.000917934358991846
0.00097927664513367
0.00121009813150332
0.000972044503009537
0.00122453042222799
0.000878323245397435
0.00109605514868616
0.00088106047377196
0.00141896523194307
0.00119016955412828
0.00134405291555571
0.00111709526345497
0.00120357283587871
0.00111416259894863
0.00145223776478947
0.00118147309427387
0.0010357828349199
0.00106521446408454
0.000999335650144083
0.00127171616440043
0.00115910386016738
0.00119811603284677
0.00127561055897389
0.00118846679040223
0.00129857405359221
0.00121673412514379
0.00116480340905779
0.00128058322447146
0.0011210861331703
0.00117752943769959
0.00131185191778993
0.00126911768885635
0.00118913898178606
0.001294026685059
0.00133035155771202
0.00124377335662064
0.00144247580355798
0.00125876974710584
0.0013311054047293
0.00143981398688629
0.0012986189133012
0.00155172184546268
0.00144505424142065
0.00130045000331984
0.00143479632670702
0.0013626954557028
0.00154647259888614
0.00151109356196512
0.00143677053594139
0.00164537443515074
0.00163500477407546
0.00145796076705504
0.00166227996039219
0.00150627497659623
0.001311159581832
0.00162429315775383
0.00189091826072017
0.00168390220124481
0.00140479716792036
0.00150747379354583
0.0018095998452813
0.00138353704591726
0.00162150260957962
0.00146876966067696
0.0015435917446316
0.0018943385234848
0.00163133838122743
0.00147303907805453
0.00162620514617805
0.00160422824757945
0.00151321267946526
0.00145227782056435
0.00149854897183482
0.00172542877171186
0.00157963689655797
0.00162701799897082
0.00150364062936921
0.0014648859861925
0.00168604095992234
0.00194066826099312
0.00164130113196192
0.0017607381067148
0.00162073798546925
0.00215116838632325
0.00165839552985634
0.00170339895611443
0.00166864871175714
0.00146539447885565
0.00171161681374283
0.00184214816475961
0.00170605931783716
0.00185942709725292
0.00152421733016106
0.00220987133694821
0.00164925283686274
0.00145376715156514
0.00159760530135095
0.00177750052825244
0.00211222183541522
0.00199077422660678
0.00168004489511268
0.00179404175879963
0.00175934198860074
0.00228737020469477
0.00196185022885194
0.00175660432419801
0.00180253800634106
0.00173499204899313
0.00185724378391532
0.00186166759157199
0.00161556520929375
0.00211642995779884
0.00182566254522987
0.0018245978155824
0.00190160980674845
0.00161015687766965
0.00200829207607729
0.00214066742295015
0.00181395876170234
0.00169694052353315
0.00203430368935971
0.00185936644679518
0.00211030690232497
0.00191912299495765
0.00177017344875829
0.00205752838610732
0.00201415804428331
0.0019545717181635
0.00225470050987596
0.0019707003950163
0.00191739242646069
0.00221276185226477
0.00204215207610906
0.00221195663601127
0.00163143567000431
0.00199716462815962
0.00185294848655212
0.00214973374124833
0.00238987351284941
0.00190616800272698
0.00218117435734551
0.0017919107277607
0.00192759134754617
0.00193319552566653
0.00197710646489307
0.00218306428980618
0.0019121495321788
0.00192021305513676
0.00182799247247941
0.00212810643897781
0.00189781797636325
0.00172556956864835
0.00159104949763167
0.00199930154304998
0.0018069370223906
0.00217531819890016
0.00150444711146914
0.00186277483688107
0.00178029181779309
0.00188250026847503
0.0018326816070762
0.00199109003665682
0.00154988206930013
0.00182079475255969
0.00191725930066453
0.00162235847528362
0.00183149432148964
0.0017621879359637
0.00167371124687234
0.00184415433838739
0.00155290685759195
0.00161658715369456
0.00117194102617077
0.00248458479593443
0.00183729657545211
0.00269198204208773
0.000911927551198735
0.00332072203128179
0.00208700577164079
0.00108869837907439
0.00078629307559374
0.00292078832641697
0.00177222677907764
0.0025276869219916
0.000322547771874571
0.00111271253086695
0.000598194182810042
0.00245592658367767
0.00251329276602137
0.00240512182852406
0.000286198500832176
0.00162015165124017
0.00116156613319394
0.00383549848486293
0.00051166256785712
0.0017601842144511
0.00122041545198464
0.00189831150074447
0.00105060531462668
0.00154798408959336
0.00124758715518573
0.00138647077125812
0.00112568185292035
0.00118140623687275
0.00151529890467214
0.00121744360016924
0.00127104772936035
0.00127349196399855
0.00126660494910574
0.00136971630972543
0.00121489063377702
0.00130120959137382
0.00107038117647418
0.00114010729530799
0.00136499344683118
0.0013020115805965
0.00128363238701637
0.00111097440766865
0.00105674028107995
0.00130113990383763
0.00105196908497593
0.00107474776843273
0.00108001360691797
0.00103715595431103
0.00104425689696349
0.00100355567075651
0.000865125876401827
0.0011261578965015
0.00114445158714947
0.000996164689948777
0.000959181586911667
0.000929483817336268
0.000794846783842306
0.000986214806263227
0.00100763928987773
0.000796166966612598
0.000959820864188006
0.000885489559209333
0.000848203413576602
0.00112896523902333
0.000944936503653449
0.00105815070897708
0.000825203727984299
0.000775540926615458
0.00109425862691621
0.000683608101458695
0.00102920621182272
0.000796285413895509
0.000679073925072328
0.000670504988099375
0.000722552815075493
0.000804326610215934
0.000665871680424126
0.000839173530835529
0.000827644395225306
0.000640906708309859
0.000746183893159146
0.000615345665203138
0.000750494011781315
0.000692200538020266
0.000674657443653223
0.000642807487160522
0.000560832187183805
0.000813074741501479
0.000651761448092545
0.000671091513997406
0.00067282239034113
0.000527866674326482
0.000728248858449184
0.000510790705526696
0.000740020661328551
0.000669174088250242
0.000463836221953663
0.000679171197235469
0.000498015889796925
0.000570811503359022
0.000472937654990638
0.000389124191379592
0.000517838569229269
0.000637757962766821
0.000644299045870424
0.000512892956792181
0.000475689887455259
0.000506755218531086
0.0005590846701448
0.000553023797177452
0.0006229795253645
0.000514160707511637
0.000380174101794998
0.000549341237800438
0.000401645734723327
0.000496359128487797
0.000363082727041684
0.000428060222977538
0.000447320519297859
0.000448756875944888
0.000395067765954922
0.000383376841237057
0.000310328507331064
0.00051670534374872
0.000347289606689376
0.000459757987949829
0.00038011619138404
0.000362772897725878
0.000370489595012981
0.000327362417554809
0.000379276669200043
0.00030535814066732
0.000304688684914297
0.000329104055031206
0.000360656079028153
0.000351601376476766
0.000327147825159478
0.000332976880661563
0.000339365190366366
0.000325353195513174
0.000273901009083314
0.000377010687765023
0.000294749632217937
0.000341084049828823
0.000333442810949282
0.000274851391235282
0.000285866623229332
0.000228347434284883
0.000281783975039571
0.000240749463765903
0.000234996429344561
0.000232374557978463
0.000269001875838488
0.000340403725315321
0.00022877133768238
0.000222516420055493
0.000252544538063185
0.00021670203165713
0.000248102588012591
0.000249035569602824
0.000261965784269521
0.000222491924088333
0.000249079677648419
0.000206003962240274
0.000258206063624353
0.000239103651695298
0.000202746720488853
0.000226131071811841
0.000205558788060531
0.000173305864970973
0.000248060870181325
0.000218864288380993
0.000205281921925366
0.000262982093479628
0.000142895513200831
0.000253987437257913
0.0001709909737007
0.00021887876791338
0.00024466952053271
0.000160691136175811
0.000193468964425363
0.00017497993251726
0.000181075683915392
0.000244555188667391
0.000181399041794574
0.00014638716836814
0.000146034632517382
0.00019438197187812
0.000184997117008853
0.000183436293044651
0.000185882846992926
0.000184426228368707
0.00014897535220342
0.000136282032047591
0.000142843277230532
0.000210035548566507
0.000177862983429696
0.0001256037644158
0.000160253964000498
0.000170337608230556
0.000159826457952259
0.000198163754995688
0.000132590223273584
0.000169455312095046
0.000201952847258795
0.000153144483727094
0.000155748077593272
0.000165289250571336
0.000148179093746969
0.000154466450889436
0.000160170180356468
0.000175490623102307
0.0001472054955611
0.000174901424398872
0.000175738219941997
0.000150586020402473
0.000153399571500829
0.000163355986006316
0.00013363257890995
0.000140542854474079
0.000185924930382972
0.000133976250783511
0.000180813207247765
0.000130499084972422
0.000121715859029215
0.000106148443414259
0.000187074642608243
0.000176674616128409
0.000141708593972352
0.000121300457988737
0.000148761229887652
0.000188691140823676
0.000180763564739534
0.000144535988830514
0.000158701887982697
0.000113992685578411
0.000141341513888561
0.00013245768133615
0.000140066211226439
0.000133056422289914
0.000148700080681
0.000139975133835427
0.000125681794963377
0.000161044045188071
0.000142195516437581
0.000150926210973845
0.000169093997889979
0.000112938466736901
0.000125306915100449
0.00012203893630354
0.000125950133757727
0.000141791079603742
0.000103617013832903
0.000125865702577936
0.000127139131984847
0.000108570212712882
0.000111073426145319
0.000131967897893436
0.000140852490331846
0.000133540690243238
0.000123866455291163
9.57301648657357e-05
0.000109065793841099
0.000125815329300928
0.000143766421467013
0.000136486463008022
9.04469544512601e-05
0.000202522659989432
0.000184426696459057
0.000166025148016503
0.000137548030620551
0.000165038931140683
0.000151630981718391
0.000154251776443334
0.00014952950023475
0.00021673147637319
0.0001646995802249
0.000213095544493031
0.000152383688331294
0.000155862146644251
0.000160644479581182
0.000144511709516415
0.000177174458835108
0.000261160585192636
0.000198034802694468
0.000171150395989585
0.000199397896531571
0.000177104151798654
0.000163090662771204
0.000169580657359601
0.000173857141672295
0.000192673091650539
0.000189686622613955
0.000164493215188943
0.000214731204830314
0.000149081499249865
0.000194180242231079
0.000163246104090385
0.000205014240354996
0.000195655622395213
0.000168052551087446
0.000195731641067061
0.000189397557057486
0.000218949887950256
0.000229869634985494
0.000213577700792657
0.000219791666703214
0.000192423952059392
0.000179802712452426
0.000183069770179412
0.000199351703349199
0.000236129681392856
0.000217203545114769
0.000230230359262007
0.000241331938657104
0.000203856896757748
0.000218933915065146
0.000273789616974254
0.000259334443917221
0.000248903039606758
0.000323519401406574
0.000211518733102203
0.000227853167142948
0.000264295838544163
0.000234100195846536
0.000240363741323907
0.000205112715008766
0.000232743917935133
0.000217483131628407
0.000269016241966454
0.000251920906381228
0.000305484934710147
0.000240276493833759
0.000291484985479906
0.000275637856981547
0.000329610331557418
0.000294439747197212
0.000287152448813615
0.000327881187671707
0.000341931016344397
0.00027901712194833
0.000228993249876825
0.000265387540765816
0.000293444341470605
0.000303684561869798
0.000235261169786117
0.000393908866470845
0.000269579758925459
0.000380970705389022
0.000378886249504949
0.00037374204805569
0.000385995275675111
0.000334810636247733
0.000361663460408039
0.000473012448448731
0.000410879634404296
0.000312918881308499
0.00033347147368598
0.000329529207723273
0.000460307196785657
0.000393243461101228
0.000403997912786919
0.000421192315372741
0.000365112472573612
0.000462276570144696
0.000407184245395699
0.000440696364072873
0.000355057819015077
0.000334245919102036
0.000381103732596758
0.000486760657757289
0.000417791987966115
0.00040318837354831
0.000392296827074113
0.000414721757019671
0.000418292191567944
0.000468896370602951
0.000433077299726782
0.000429355963709833
0.00045177949920899
0.000510020048407321
0.000540812116820467
0.000518279638132712
0.000429231040403281
0.00052322644644629
0.000551290086553986
0.00057659188250819
0.000562928534123326
0.000533985647364259
0.000552724971329149
0.000692855125510387
0.000551581780397969
0.000598823739320447
0.000603690098817484
0.000520446536538884
0.000677451566441782
0.000697788673062886
0.000700997573265639
0.000538380380787214
0.000702572148200351
0.000806483742663995
0.000568673935845473
0.000660545326682429
0.000636519036536612
0.000610730219342647
0.000889983952704728
0.000636675991215214
0.000630442974398025
0.000615277094857415
0.000593149817891659
0.000687061681411075
0.00065880634352599
0.000668929217358542
0.00078769976375475
0.000599338954899496
0.00073398773743595
0.000692045109910867
0.000659874672445727
0.000746632792776833
0.000970951685837487
0.00076102952140228
0.000880382126387422
0.000742084305798615
0.000936332675747849
0.000738144987251716
0.00078930547416294
0.000715821460209899
0.000785538213300814
0.000953160910373157
0.000999514035020304
0.000839768454188305
0.000882532021570023
0.000749968543436692
0.00106879876911345
0.000862544486651712
0.000802377881745493
0.000905218482701392
0.000973939329737818
0.00113746709032575
0.0010860865561767
0.000880253294065997
0.00102228462157324
0.000948808852102898
0.00131056006503188
0.00118577878342863
0.00103104701474249
0.00106338796787652
0.000964854865946499
0.00101791082734407
0.00104335372399153
0.00100053603338118
0.00133392019071435
0.00115832493539878
0.00103686268932055
0.00120215652199639
0.00106877718464264
0.00121326618107243
0.00124919216456404
0.00105958724286834
0.000971839325114529
0.0013410451680577
0.00120898692182644
0.00149796181294617
0.00113773935316654
0.00111819523222076
0.00128776004463736
0.00133679006655727
0.00132551944516103
0.00139956687683725
0.00119503579217824
0.00136673368365084
0.00143237572828651
0.00143730334660837
0.00165596566433853
0.00122015042382644
0.0014071743384044
0.00138245814532293
0.00168390276837367
0.0017668486791113
0.0015660599543635
0.00141175692877368
0.00135687367819327
0.00152056405376416
0.00150526385625344
0.00146857286761368
0.00151803007134164
0.00137847237109872
0.00167658416995286
0.00137775275699705
0.00190028266844872
0.00153030413648105
0.001333310751994
0.00135570388638538
0.00147785362620872
0.00147053895346672
0.00167001555651683
0.001440674743259
0.00153942989419681
0.00150770733327067
0.00168070002495781
0.00164822502134055
0.00171559643102746
0.00152018566930091
0.00164095491199916
0.00165181575814615
0.00160631359171858
0.00187533087331212
0.00179370817698062
0.0018384613639538
0.00165851489397631
0.00167626050268631
0.00163282627770629
0.00123138986084904
0.00263132216421404
0.00167557436660846
0.00292629604700975
0.000686308817238278
0.00387760031211929
0.00229964206566852
0.00125835656306585
0.000717411194252584
0.00363603524868116
0.00203405971389563
0.00312341119808151
0.00023838027016044
0.00114187238091927
0.00111164515674219
0.00247447960161415
0.00303644975598789
0.0025140275637626
0.000612464252766291
0.00181352762048542
0.00170987543309795
0.00467393143212019
0.000918187881851179
0.00230572707428334
0.00190399254107407
0.00231068226907365
0.00155441376469262
0.00189030637897088
0.00161575394267244
0.00207897894505638
0.00187037721678183
0.00182163993610355
0.00215849355011541
0.00163573084527927
0.0019203524606216
0.00200539255586011
0.00166544002118201
0.00243384429025277
0.0018976300407908
0.00207445546734458
0.00173178942070103
0.00166714324898248
0.00203620537960472
0.00227410129786485
0.00229548698880827
0.00203674086461431
0.00191223056146127
0.00212843320116326
0.00196305035280024
0.00195044815042523
0.00198196619164318
0.0019786563801913
0.00194987775632409
0.00202306789920103
0.00186852842507315
0.00193905098790369
0.00212877618940116
0.00211238912661057
0.00201900390783903
0.00189166960893581
0.00172419898489261
0.0019936335644909
0.00214381886596794
0.0018089233599414
0.00192044199918445
0.0020998969307072
0.00191425969862619
0.0021294474543157
0.00199659100906522
0.00215242856136952
0.00205027019324952
0.00177078761074304
0.00219633121664945
0.00176448242478328
0.00201476581836543
0.00190795505440764
0.00171266675230116
0.00164393577229391
0.00198647278739281
0.00195646545473596
0.00186255766167656
0.0020616731413898
0.0020377208148744
0.00161168525495301
0.00176476036159417
0.00175479805770959
0.00190753990955028
0.00170105547753529
0.00155241390840842
0.0017567436338116
0.0016618227713087
0.00196483446107714
0.0015946694570318
0.00183708384812762
0.00165086840480005
0.00143246265116381
0.00191158790544557
0.00145661617502082
0.00177897165065684
0.00183469534956819
0.00135303832846988
0.00176883714824622
0.0013598275532744
0.00167606518148287
0.00138366847932635
0.00133246753486325
0.00159888993283349
0.00171651370049312
0.00158382856125873
0.00175350409476239
0.00133980826751515
0.00155101782735274
0.00145567982084235
0.00174914262669063
0.00163649990015672
0.0017628461646592
0.00139589143991358
0.001419635776794
0.00149651625112431
0.00143868190760662
0.00138181090632211
0.00123226621898154
0.00121109415775143
0.00136584836798233
0.00134372292480333
0.00133001245232395
0.00112214489376335
0.00118010634396411
0.00123693136383645
0.00149685329340802
0.00139520947620326
0.00124740754866431
0.00111241625414129
0.00116521274837363
0.00117666640716606
0.00117017697945844
0.00116144793229384
0.00133040487939247
0.00109503475266409
0.00131972323184349
0.00108529307287946
0.00120695102578158
0.00110539823459454
0.00106282082519465
0.000952162154026728
0.00118814166288155
0.00125870743119061
0.00128002955059935
0.00107785896534854
0.00120941029833863
0.00110318304130322
0.00109357460725673
0.00108911430765343
0.0011038143453144
0.000909257918333062
0.000891063243280067
0.00115096272754108
0.0010896685932692
0.000879541746179959
0.000943633632026507
0.000917718224437253
0.00083470062026056
0.000828348867014252
0.00101921083056302
0.000953334980023561
0.000951117557612676
0.000942842140741726
0.000961253751617631
0.000869402515692418
0.000874021708370356
0.000879945696916538
0.000838636020863127
0.000771288415036287
0.000652535096481406
0.00078952849957273
0.000716763366334974
0.000853694377836632
0.000991049295952483
0.000755399566150327
0.000952172081761361
0.000766722939443112
0.000926060413406369
0.000824933474824049
0.000676435067621979
0.000819214975765176
0.000674492914723357
0.000680320586823256
0.000775473417739344
0.000686958278517841
0.000570112156939999
0.000643391532965135
0.000554593891498103
0.000670642374850713
0.000650482633273743
0.000688491373965886
0.000657667676320448
0.000660257048724662
0.000475620466278341
0.000464660998980846
0.000614994288718337
0.000742436000683006
0.000477426084877545
0.000525736130018028
0.000622834978631867
0.000507643807253675
0.000701184065979077
0.000466330089404175
0.000514803051502582
0.000630752097349922
0.000562356094961741
0.000553423760138126
0.0005654819072232
0.000511505012080304
0.000617584614720234
0.000546134724137739
0.000527942892739009
0.000496107283773118
0.000522277343153947
0.000598250635061661
0.00056422341818765
0.000497234092276089
0.000520942033456063
0.000459516123954096
0.0004455706003758
0.000606921892604435
0.000525075448809192
0.000624126205396168
0.000441259170467901
0.000498520440657292
0.000485106025374525
0.000746553571253688
0.000591393444164604
0.000512420986794474
0.000492287865709301
0.000464608736023843
0.000607622784709706
0.000628871987943916
0.000565786974053296
0.000454544362668983
0.000463173172534269
0.00054945687735321
0.000556850063326041
0.000590211534820095
0.000404589751951974
0.000496829118554704
0.000553650344730445
0.000424657276634767
0.000681085777729781
0.000568730173068207
0.000495862150467766
0.000578477667607173
0.000431132794458645
0.000473587780832618
0.000411914387537758
0.000529946729571566
0.000511401287138496
0.000464490214659844
0.000451286042960632
0.000455793129349257
0.000429762945336027
0.000358943903422874
0.000402631842242132
0.000500066899485012
