0.000413826503164044
0.000417695812973401
0.00040710735031405
0.000446015954868519
0.000394966388930291
0.00044975387922718
0.000430056098028488
0.000432149295581953
0.000408047701885459
0.000437301005013523
0.000403891743818844
0.000465378988088795
0.0004551764500029
0.000454936413541825
0.000472891134711839
0.000467476821618942
0.000512281022882194
0.000396442431473013
0.000469109097554194
0.000427143474340828
0.000458092240817452
0.000453336071457643
0.000415095367165454
0.00047362737329717
0.00045024255254909
0.000437018912639085
0.000456721050108371
0.000448536905626415
0.000428735534366237
0.000418537160427364
0.000447024392169738
0.000475416581605658
0.000415779656845865
0.000493069920276945
0.000412915554558848
0.000482815284852548
0.000445419856000928
0.00044251726051049
0.000446432101456888
0.00044766217873158
0.000442020117757653
0.000488045876768127
0.000461236890371386
0.000494022661891159
0.000487675871531928
0.000480278380648645
0.000477993049363624
0.000512979814124669
0.000521823967531703
0.00042620466051682
0.000437764759988096
0.000452982976805672
0.000479587075734736
0.000532911357703191
0.000464923178871834
0.000497246025501654
0.000480992257277003
0.000478266472290052
0.000462645271589427
0.000486277320898513
0.000473705383661404
0.000482171477359057
0.000489613263541281
0.000457112003048823
0.000505286483628493
0.000476640344280619
0.000548157646067743
0.000474112201899095
0.000511568952508024
0.000517565741977296
0.000468602014201096
0.000481767597658086
0.000510985538207395
0.000541740498327704
0.000525279155616726
0.000511189135843968
0.00050078868198188
0.000480439123895701
0.000545956963197339
0.000548064948424938
0.000527325669478906
0.000552104432536234
0.000540644541595662
0.000501906258284784
0.000559572396975242
0.00050090468344487
0.000575475414428082
0.000526318608512092
0.00056418756478943
0.000504252443696209
0.000518017124638376
0.000485085138108877
0.000560394032764299
0.000489360233125012
0.000615087853091697
0.000506141941576801
0.00059550906094144
0.000569312043735755
0.000568703735919271
0.00063743156486535
0.000562096051953866
0.000601088212559585
0.000642543712226158
0.000545354712020599
0.000664386375054492
0.000589014913624999
0.000575652736085955
0.000611890246366537
0.000560622158453846
0.000658369979681611
0.000640541822467542
0.000643551390584437
0.000642756063612418
0.000548260116503826
0.000586425031894998
0.000642824154630509
0.000648154331646906
0.000631737225365211
0.000702755376273422
0.000613010814241646
0.000700394459398198
0.000668976177776063
0.000724663982913673
0.000720207527834941
0.000627898449251307
0.000699060197333149
0.000717237240089363
0.000723836915453479
0.000770513942362655
0.000709776201579178
0.000745783902525273
0.000729964586597199
0.000758092727279394
0.000809554322952343
0.000885279464048073
0.000782595579079934
0.000786427187660389
0.000747619942732937
0.00079468572067987
0.00081581582891896
0.000830996954899666
0.000971132447563235
0.000834432024936101
0.000835531770802595
0.000817828288646676
0.000844961745457853
0.00093234916044298
0.000812274526882669
0.000947879298178445
0.000897406235107514
0.000880670206707574
0.000974078145449175
0.000945616652002352
0.00090906348525293
0.000834728970629568
0.000942874218032654
0.000943536018258973
0.000956412167237436
0.00109239416360992
0.00100390238344607
0.00110077879588186
0.000999345872348515
0.00109702615276442
0.00113232137132203
0.00102348655737454
0.00101249325404061
0.00109678302326021
0.00118903462238441
0.00114519785069537
0.00102275854922157
0.00103017011077293
0.00115271313626452
0.00116053930780893
0.00115666480212592
0.00109018913374261
0.00116042161315609
0.00112707238382306
0.00128773239789298
0.00115161516405478
0.00122842471017165
0.00112009188879091
0.00116254948221891
0.00129532101066712
0.00127669999346002
0.00117179788673544
0.00121009537940505
0.00109743099582606
0.00136609928508856
0.00122201291776898
0.00116893422953007
0.00123017764886413
0.00121207811885368
0.00136846624328967
0.00117462519313166
0.00131324257615214
0.00129206576451753
0.00135867879680763
0.00135341213614857
0.00128963698509663
0.00124605132512483
0.00135567076378866
0.00146655731842522
0.00133499809456771
0.00145484966732098
0.00132236767895273
0.00135263445834773
0.00139411276037197
0.00133503013575407
0.00135595552527864
0.00137478510181417
0.00139375539679374
0.00144129351430212
0.00126127253489862
0.00138872356474893
0.00156790428613812
0.00158015907248918
0.00156559666815542
0.00137932451297191
0.00141909706325607
0.00154440717924327
0.00141508060051207
0.00144996275264442
0.00143322158486287
0.00150589129070271
0.00143158230930998
0.00157079667380375
0.00164297055898796
0.00165778335059761
0.00166954674041071
0.00144890292980908
0.00157341669816953
0.00144160670985997
0.00166934698333403
0.0014668185868104
0.00148265238253561
0.00146420228022858
0.00144752781035196
0.00166833699869872
0.00162089807987701
0.00187402530851043
0.00159530202827007
0.0010845274982533
0.00203647195533869
0.0021092795380929
0.00218795812667584
0.00161591751390991
0.000437201235961504
0.00108711217816793
0.00194355487381203
0.00242051295992736
0.0013212034305927
0.000371976632257639
0.000759877241126188
0.00112254164334915
0.00321816534469895
0.00344252800824312
0.00151637050583708
0.00152025513486964
0.00179299771960268
0.00211104502175432
0.00199049491786888
0.00173183030935146
0.00160620116008316
0.00169179698591826
0.0015718244872038
0.00164588931940931
0.00172859647686426
0.0016283492134651
0.00175213223877123
0.0017728939618135
0.00191944058508515
0.0018432104997588
0.00180362987304459
0.00185845128425028
0.00175023482977078
0.0017560421088547
0.00171999661025395
0.00157360620971668
0.00167400123465048
0.0016983482101363
0.00178305225140251
0.0017373915235583
0.00173000328703424
0.00166874907493333
0.0015942813880656
0.00175678844308491
0.00163644115560715
0.00168526187959782
0.00189402287999316
0.00176362180552572
0.00163848485079145
0.001762755726538
0.00173288622561425
0.00178223089353394
0.00161466346094992
0.00160249498830505
0.00167024935122161
0.00168379925419862
0.00182549092144543
0.00176130482599194
0.00172525768586246
0.0018258109992562
0.00181457626529104
0.00181009680850515
0.00176344089201682
0.00161531441240081
0.0016350570120756
0.00164647051354365
0.00159293121079575
0.00158277720991409
0.00174043756848763
0.00185760519236915
0.00173424086857849
0.00175214020290402
0.00166394567369696
0.00171944139429948
0.00163670189612699
0.00159568184887546
0.00162175903439846
0.00169789124146316
0.00170206654910415
0.00164889872274131
0.00178295671117738
0.0015929187947221
0.00163848704269235
0.00179170662042963
0.00154241934209315
0.00171027514417346
0.0017248189454515
0.00173015577858513
0.00172218300736405
0.00164669710948364
0.00156792555036967
0.00175762180453166
0.00160650011400448
0.00162411011268575
0.00158228774468346
0.00148869863381597
0.00163435516732574
0.00175686361023014
0.00158034926377431
0.00163639849118517
0.00170077484141979
0.00157618268456311
0.00166404092883961
0.00169067086917565
0.00150780204400672
0.00160119887144616
0.00156686599662972
0.00157575554057564
0.00156011498983953
0.0015730849173955
0.00169346987813986
0.00151053106979855
0.00165898495770863
0.00156677160553516
0.00134820575530716
0.00151097389288461
0.001433996057536
0.00155637124066831
0.00154806087399619
0.0014360550343271
0.00148492262182222
0.00135447466908742
0.00153116900768225
0.0014002667742521
0.00144050636263996
0.00142250330388897
0.00149118305415962
0.00156355738531773
0.00148399673159293
0.00146717445293392
0.00152195593606873
0.00141141261631803
0.00135984951692541
0.00146584466111837
0.00133720580707159
0.00141834267533563
0.00155428207805116
0.00141457776912879
0.0013211395417959
0.00132872636995958
0.00139217654212436
0.00135703748491157
0.00145359227019894
0.00134161994872342
0.00124795585360731
0.00140267984830182
0.00138621866387932
0.00135303183375689
0.00145424721199154
0.00134019597466513
0.00138938512052038
0.00142912265063478
0.0013595757585774
0.00134469879656227
0.00138907967013898
0.00136690403599921
0.00136542257753505
0.00128446647129146
0.00130639654517394
0.0015042377396923
0.00133789555203919
0.00113861978456559
0.00137265337715306
0.00123210339733073
0.00125396533429548
0.00133822454187415
0.00124995388762806
0.00135285864364257
0.00126248423724542
0.0013406108859986
0.00126512698080353
0.00128061408346553
0.0012478597584825
0.0012532059431376
0.00110440947400321
0.00122509977479002
0.00113954596095897
0.00123175060185468
0.00120275633944523
0.00119153521236417
0.00111800882224181
0.00120101260344737
0.00121046496457081
0.00124152054546757
0.0012157760516535
0.00120338514573987
0.00102146379140724
0.00127181342965559
0.00119141387782584
0.00117901251359885
0.00120091759518052
0.000983250535024458
0.00117581583292634
0.00112562717455837
0.00106684400455512
0.00110762551470022
0.00101169264214949
0.00105731848717145
0.00103506468994181
0.00114290822711111
0.00097358338148264
0.00103309932443008
0.00106524761860656
0.000959520580039074
0.00104098289207775
0.00096989385946397
0.0010887538548487
0.000948090186379269
0.000990534064223869
0.00117982433252255
0.00103241052341457
0.00101565974823785
0.00092576560005733
0.000941610368943394
0.00100271178020515
0.00108344366269789
0.00107012313606797
0.000987064643460549
0.000915038577675439
0.00101828536383996
0.00102183397182186
0.00103960073894897
0.000936352304863914
0.000966399269642058
0.000868774958929323
0.000984792248184972
0.000947196128098733
0.000869071457630651
0.000927649579284094
0.000930496025480991
0.000908212591932166
0.000921102928581486
0.000881022055698103
0.000876048453715077
0.00080241924518766
0.000895525223498479
0.000792943771132016
0.000849438577854629
0.000747414725767969
0.000827800425025354
0.000744227567037042
0.00079397442030258
0.000835965340390541
0.000857801030169142
0.000779840263181938
0.000750165601563385
0.000741365527210833
0.000883760547907411
0.00083460437402996
0.000793039705365591
0.000778362724260988
0.000684465394916336
0.000778029401702537
0.000685787424367962
0.000679967628858727
0.000715978411845775
0.000723991342948151
0.000765427678997325
0.000771565406767973
0.000777662493744317
0.000705369869133618
0.000687213059857015
0.000632276595149385
0.00073638644318065
0.000716394607821469
0.00076444291736794
0.000170904663140778
0.000155563311043446
0.000183766734920098
0.000139818713949043
0.000170579856033437
0.000158864834438469
0.000138070528029307
0.000175965317117899
0.000164101947748105
0.000172343218425674
0.000169491748933313
0.000192094021105961
0.000153281329753521
0.000149697462534707
0.000173291745593624
0.000172421100040848
0.00016719659126657
0.000161566499437809
0.000142492924878995
0.000202312292132913
0.000176804913541541
0.000182849951984376
0.00016061264115412
0.000155750937834612
0.000187854794289114
0.000164313701485324
0.000187790182318798
0.000147918049601972
0.00017382691286647
0.000177943093363326
0.000170246654061435
0.000174782754063583
0.000161756277947516
0.000166681209868775
0.000179263185778755
0.000167653848465303
0.000161238572195297
0.000144062613503037
0.000174900916372163
0.000176302343951223
0.000152182322241044
0.000179667035719305
0.000149889148827002
0.000179062932949187
0.000156209396424621
0.000169712807008899
0.000172215149249475
0.000179751516963907
0.00015923212534676
0.000163069935749585
0.000172950845385757
0.000161310867464768
0.000196545298089066
0.000163334136259677
0.000160643589015136
0.000179461814654256
0.000168117054535302
0.000149089213271365
0.000149533318300785
0.000169076088539475
0.000160068195142282
0.000197581411303545
0.000174434631626299
0.000181105882280667
0.000167581058376164
0.000172943389855283
0.000153888951195197
0.000181914894355856
0.000174619895229949
0.000173345682232962
0.000173637941933872
0.000151751458455788
0.000159703855444665
0.00017485499905808
0.000179309178714902
0.00016238949925175
0.000169317724236611
0.000160470533320523
0.000156391373528827
0.000162046601832675
0.000152140178438523
0.000163327250276908
0.000172729099833665
0.000180493096814906
0.000172069689852697
0.000161637150446712
0.000176523111062329
0.0001654318840015
0.000171088145089967
0.000171485871502848
0.000173631786908679
0.000176697681803456
0.000167267281592956
0.00016121279160997
0.000199253494947509
0.000179497875254797
0.000190998795866642
0.00018320142059573
0.000152705352877989
0.000157403268453841
0.000178368594541947
0.000144324183642138
0.000179433334185205
0.00015565938973014
0.000171363749575361
0.000176365260552398
0.000176516499207521
0.0002094421104158
0.00017888938174498
0.000183216421810405
0.000167769403664165
0.00016103527114619
0.00019791072418596
0.000191923000579549
0.000192660671225056
0.000177664073873645
0.000168441990171962
0.000178008408447411
0.000193285974815844
0.000196511045071589
0.000192511823130989
0.000178130335278784
0.000177495971583016
0.000189143378772466
0.000187121183478712
0.00020653628999386
0.000234400149527757
0.000177672796166142
0.000220304997372572
0.000206221305087638
0.000224892483319667
0.000222520309681951
0.000184676233837299
0.000202654148302315
0.000183168348942445
0.000218870803679249
0.000227813700026352
0.000214203923701197
0.000200651173673138
0.000205502848734069
0.000225055310568148
0.000245965259677502
0.00025169479504085
0.000220938921776395
0.000243188221173588
0.000215593958941763
0.000247316513027707
0.0002779711207122
0.000260764317081701
0.000318766538659637
0.000256217746207415
0.000252958380920948
0.000245996820485135
0.000239896140285394
0.0002749193716873
0.000253265236930272
0.000288334694349119
0.000280088632955786
0.00024815102143764
0.000268214701283654
0.000289284001526962
0.000290437587743811
0.000261468499262613
0.000258313088785954
0.000302538106692047
0.000309362290931016
0.000313343190264639
0.000308399098040723
0.000312240577784758
0.000328607097433278
0.000365842833687343
0.000316613142512202
0.000332226286661135
0.000308116253192993
0.000335072568728301
0.000375138743518211
0.000339702526824144
0.000321522989307065
0.000334025665235534
0.00038896574328011
0.000366385320476126
0.000358628854610983
0.000354295698618765
0.000376847435678838
0.000370398837150835
0.000397024895240384
0.000381918213716541
0.000408446754971677
0.000410092819460072
0.000404810608776606
0.000464500133145942
0.000471763263090136
0.000409007673127961
0.000419547671865265
0.000381570789756838
0.000477121652947473
0.000403810067976781
0.000435801339352108
0.000446528384317265
0.000446373750659767
0.000516092507799588
0.000420757422212702
0.000449580189442696
0.000519864278120321
0.00053177848897308
0.000498957320642624
0.000481773514451862
0.000469963494600952
0.00052916222162992
0.000580412489185041
0.00058712782687716
0.000568286885580562
0.000528892571498546
0.000548598093651386
0.000595778268344203
0.000567687175247301
0.000542188228452872
0.000557682896378087
0.000619761745982215
0.000579908352048886
0.000534576410974522
0.000601450923998532
0.000617922828148169
0.000706775269736594
0.000662133075642877
0.000595890764662268
0.000563166258436291
0.000663252252929076
0.000623885538749995
0.000620975791576516
0.000629476831676293
0.000638880651598113
0.000638967202583888
0.000777782185281341
0.000713716047789504
0.000771411211918328
0.000733087451351209
0.000701276591996992
0.000755304600781904
0.000662151452184466
0.000786953614551238
0.000695322222092556
0.000745130641668936
0.000714514025106469
0.000685769861932095
0.000851890024487781
0.000771056860054748
0.000958823052786151
0.000770510963673723
0.000495034800804806
0.00110523021455252
0.0010334238011543
0.00120364542950844
0.000884616703628846
0.000169551723162822
0.000523432794533367
0.000960595624082977
0.00124205029301829
0.000701086057461366
0.00019106395221359
0.000328626424736024
0.000626284313988259
0.00181066377883504
0.00189594042550076
0.000822157623688951
0.000787278686387594
0.000927861104986791
0.00107958336449534
0.00109702714178598
0.000965839117227322
0.000837070398464218
0.00093091528614609
0.000801832337590183
0.00097128875586142
0.000907412516347172
0.00088550149498999
0.000961601508789461
0.000960943956304926
0.00113426153759905
0.000977491199875491
0.00100310762777658
0.00108448407113193
0.00103647664807928
0.00106847873526547
0.000986691570510298
0.000962928324190832
0.000922599874353349
0.000977817026991358
0.00102988187565768
0.00100678657779339
0.00105180629039084
0.00101404430073438
0.000988017761537845
0.0011183126865913
0.00103192522938586
0.00108973706155172
0.00120165390169223
0.00110788695759036
0.00108248108689262
0.00119861657824215
0.0011520327248834
0.00121830964503123
0.00113647181668119
0.0011021983738426
0.00116826788290535
0.00119791412073268
0.00130081768826248
0.00116147383637868
0.00123616811667846
0.00124241434891339
0.00126235205651991
0.00126740526796054
0.00130164448642283
0.00121962234486572
0.00113920657698451
0.00120931843612595
0.0011519404846888
0.00112838501084024
0.001334749738304
0.00132032353620125
0.00139096087300057
0.00137007702457188
0.00135951857331998
0.00143109252965706
0.00133057099659371
0.00125782198620367
0.00128023409249367
0.00129662829096353
0.00139187044745566
0.00133843484630343
0.00136957625190824
0.00121581227844255
0.00127489458530233
0.0014295122283946
0.0012989574295662
0.00141799608231515
0.00138775437085206
0.00148298636881134
0.00151499332653081
0.00130082937530731
0.00135415689971982
0.00150540273013021
0.00137158111761433
0.00150003614430585
0.00136156490277286
0.00126293660927192
0.00139073666590099
0.00149395429196546
0.00146330477075488
0.00141530238071579
0.00146340678976403
0.00143649105118336
0.00145855155550703
0.00151936284792752
0.00142749790400377
0.00149380915216394
0.00151960729712535
0.00147323702128404
0.00149088699287305
0.00139799709578254
0.0016715702195139
0.00153855589884872
0.00157110851499436
0.0014740951862703
0.0013585201832721
0.00153893652755921
0.00155460205788408
0.00152306590494347
0.0015247942696774
0.0015115581284339
0.00159270924770338
0.00142654823737172
0.00156224927069515
0.00143850393626596
0.00153549147356545
0.00142015861794459
0.00154665387871542
0.00153426495645745
0.00154352948895463
0.00158144817295245
0.00164455332035543
0.00152706217864065
0.00155170290262853
0.00150212844378354
0.00156917132196666
0.00159235621351064
0.00172700964759359
0.00168628018713402
0.00149571167414334
0.00159587363258991
0.00167182494683565
0.00163423850346445
0.00159096043332122
0.00155900457967157
0.001535677374759
0.00163213598479239
0.00159743524719687
0.00164687769329239
0.00169012293769625
0.00169144521506586
0.00155451196351895
0.00176070719116979
0.00157685003101549
0.00163894772836325
0.00160891566971091
0.00165444737516348
0.0017043375193308
0.00153508310473482
0.00166357962666936
0.00176427087468292
0.00170970614205634
0.00155626513603748
0.00176646201962092
0.00163280292985936
0.00166118683471054
0.00166795808896501
0.00172611229427257
0.00166866893894348
0.0015926858063591
0.0017559372380009
0.00171208106363251
0.00158382029679244
0.00165268244531604
0.0014927790959784
0.00160082604700749
0.00155687003792946
0.00156101668517693
0.00165228062117207
0.00158973550816005
0.00161562530812602
0.00152956273162853
0.00161822380951166
0.00160693537406051
0.00143885228613506
0.00166861614409419
0.00170643754205319
0.00142154680809596
0.00168707700199572
0.00159460032335177
0.00159572590389349
0.00169098331323178
0.00152615935740821
0.00156829202158425
0.00153948493743401
0.00150095982740303
0.00165494894127668
0.00148947594189788
0.00154077444344848
0.00150137066777316
0.00160205569374207
0.00163338104357547
0.00154783546658126
0.00145983715667837
0.00152659199877751
0.00151805341502358
0.00147179781458672
0.0016183796875541
0.00143263674347957
0.00149326813490397
0.00164396082299079
0.00159249071379956
0.00153417595403191
0.00143216341564462
0.00139235474698243
0.00151674461125262
0.00167670364285398
0.00160863322511547
0.00160723534504913
0.00153863921802115
0.00153128224239114
0.00149407400634685
0.00158764031415883
0.00159734783631545
0.00151169943457524
0.00146627813944284
0.00159465004541292
0.00142088526628371
0.00144916904993989
0.0015687301977505
0.00159375554821263
0.00147006419978339
0.00143684995712423
0.00142286830676023
0.00144305875102051
0.00143232639353881
0.00147242357039033
0.00134749098944468
0.00154199999350571
0.00134275351038017
0.00150087171798717
0.00134587756081812
0.00141566694836812
0.00152475885573678
0.00146268338035069
0.00138026236178462
0.00144468523935352
0.00136191199554177
0.00156915502541564
0.00141861004712068
0.00142418440406935
0.00132293038619699
0.00136099812081764
0.00137704317235192
0.00136348236625137
0.00135249720739965
0.00128317363882701
0.00139696848216053
0.00142298514792193
