-6.39085414511265
-397.341566954682
-7.89380227561565
149.854079698558
-31.1211083464857
111.39338137234
-162.803121089114
-157.10081644359
92.5586784079167
78.0313414874137
67.7648932732066
-302.329202745538
-234.51841915089
5.31136714550698
56.2872808920763
-147.986689952715
231.013104889039
10.9351117508457
35.2412815053406
243.436643030968
-28.0041678978333
-103.72647344596
-328.851800765089
163.141589905125
-185.742631742569
-165.189761485058
-279.268607705839
-259.18300711346
61.21718719964
36.2062065675256
110.99362300118
143.934708163546
184.377758236575
-313.023020855108
-0.255860188724817
-1.33306258422204
-4.30752511918841
-32.9924144349914
474.342718151657
77.5778783182257
38.8230839197667
-138.651665908258
173.902256714211
226.688096724825
259.492856024768
42.0871082701196
8.32238061542693
-161.070414411598
74.7097323016207
-312.741867414993
-339.238629346087
-1434.35614295287
-688.324313473999
-185.237844984315
-225.982347261634
-192.404333289666
-29.0181313058832
53.7099165325222
102.474942815345
-41.3244093682485
-87.0907561520296
-52.3881560541623
-69.5597111400883
112.944022559445
-82.8065796959745
-80.6967298730681
11.5262648545601
-38.1502690782459
-36.2836185416025
33.1962732220153
10.4749627138384
-500.4048247917
-216.2823110768
484.608456595074
-307.377858742779
323.646777945009
323.665334346172
547.281564891756
-336.504205467855
-219.808221413306
-43.1719225033136
64.9690859083863
-90.3964338544297
-24.4824126252244
-0.696861327528808
13.4926732437117
-2.47700936911621
246.314339350416
542.050895369156
-1574.85183414396
-24.1419918426152
-17.6889602209673
-8.77921392048979
68.1709427619548
4.94459754829134
-65.8621916181287
-215.953172818276
-50.2295204810119
37.130870991223
293.547145085916
61.6517709027584
-113.207010355535
-243.90819201997
300.947904242683
300.947904242683
371.583281252633
371.583281252633
-670.516999955223
-670.516999955223
167.634492583843
-740.661202603512
-785.125288156688
27.9479077052698
-27.0294350358927
-17.3843053642492
-41.6954279842767
-21.329604420241
87.4762472898559
16.6744940849227
72.3544282871059
-245.656080321935
-139.723920451183
-108.348343596366
-9.32796145032338
-19.9452947326905
49.8460414514344
-65.6080043646336
26.605134727311
-49.1545064364068
-21.7718212397732
-47.792268255835
-44.0680630164384
197.043330465358
-75.6613268163366
-69.7101245722338
26.8989803132726
-97.1107224898212
-53.1022009198255
-37.3913259572715
-26.0694599538037
-449.674905295549
51.2904212797525
676.977559681765
738.356372346307
717.103602914229
-128.061315421184
-58.2491044977344
30.3189795710994
-48.5606092819678
-28.0488294115334
68.1230371730617
-65.4331207354023
143.727802031633
401.812540325568
-37.8068112584396
-19.5395157805963
99.7180091926304
99.7180091926304
-123.399639896648
-285.770918344778
-645.407781107258
-329.436646793253
-13.7719889554816
-2.92077073007059
-1.73174446085635
-23.6141572601494
-5.17049490848623
-8.52864245613952
-4.75761093580374
-6.23387946191693
-1.22568609389728
-0.525634481790396
78.2932008570598
-150.921354937708
-58.1843863305797
-159.890429085231
-43.8272389984644
13.9129984505074
-27.9794844082817
173.035266024468
-317.792421206679
-281.391525797589
226.98974112017
120.871749416057
362.339060099173
-17.0625096698694
92.9222940662968
161.927557341597
185.197992080715
21.6849593624467
-16.4538587487397
113.437838646899
2.62963771764406
-61.9596715764011
13.4887656087078
23.411947456392
-1281.26699549294
-132.11843595093
-90.9880671092296
-414.77445580459
226.443355035335
66.1508284622467
13.4186849739416
80.9358362728985
130.881600122984
135.625879102978
48.5079980543873
-76.0636099609249
103.204017746534
79.7202492188373
176.635520888659
-122.46626006409
100.982304620367
-33.2693787466809
-118.454046156552
78.7694011131788
76.2836785333416
-80.5955911007512
-28.2469887302601
46.7789070625318
61.8318778099845
116.916972179436
12.4766142424063
-60.0027208075677
210.45335397806
-106.627708926238
183.503577445353
-262.19202760417
167.709161804354
16.5491175670698
-5.0397254786156
-1.59446678949321
358.347077918627
-417.511620124561
0.765885274329263
-25.8466269665219
-17.0313092660345
56.3409403585683
-19.8242909212874
17.6702311535819
13.1331785579108
-462.983162156234
-217.591143893573
-75.5178373740645
-57.5562905178127
108.544086674471
-2.46467051860834
-4.75718737984622
335.961416230124
71.6574191407239
76.2993775764871
-751.328053311368
390.651813790942
201.262275423926
52.0481170358702
153.034344979084
-53.8367058785078
-33.589907462105
44.1969592050911
18.1000490214479
567.181841098193
553.493519597425
222.247383826419
-1724.53382492985
488.892988023735
3.87686744388409
-0.0407918837238841
-2.33652441593483
-3.86589323931277
203.053677331875
81.3726958803838
26.4592046746106
-0.742097022248967
97.6281306416599
57.4732000187643
86.709821139956
-0.283639484200561
-52.3753359436705
20.1808017677499
25.9486947754183
75.0737725079114
-6.40976081904269
-207.728112644411
-3.8413215988094
-7.10961196631652
93.3790018254416
-0.180072840584931
88.9527364702602
69.449503756125
-12.9959262713226
-104.17296178269
111.579457637784
350.586858336595
-465.672252874724
-18.7986100799609
127.096704009645
94.9744949461706
-178.63277735018
97.927047704453
-7.79709774494034
-38.4964232328547
-175.373029552024
-233.584943251918
161.573756419889
246.955605237363
175.866024473965
120.499356220332
110.915648150721
-2.98481639670124
293.897250102741
582.829819011158
-145.495277071784
-277.19333902111
-148.084320182895
-360.823300992854
-419.39908088973
-654.377657437665
-10.7767351734655
-118.917117963747
434.387816796023
18.8893051673343
-40.4937856268547
-973.005186051791
475.699417345632
11.9650888303473
21.3244309903661
-149.443000650069
-37.3726040235082
-3.32278024415486
-40.0847593805409
29.2539717948342
-7.41971683278883
-64.3820617941622
55.351263524313
-97.2926856547781
-386.86889083283
52.9841885391607
44.490802556242
66.477193275927
-6.67552512595552
-105.149243563124
-23.0065939033665
56.1180878811669
64.8462328062614
-5.36545764209239
14.9471305782927
11.6446828478985
68.9616071065395
151.960657705205
36.3954758327914
-120.152468739749
-33.763764640133
-0.461674679565289
-134.112940896237
382.304169046544
166.197800871215
5.85714087541422
7.25428649568141
-425.714645300677
276.566142731451
-336.841736533982
57.1485330277529
365.592241299102
-111.638614453563
34.8944297730405
45.1862199588151
135.657792018386
-416.271611631597
-55.8902959303103
-40.2169231509252
102.064913436355
138.868417717627
322.782601666227
-207.126711932144
-200.443711578439
-6.02959542997384
-2.33407230998997
-54.7180380346927
-6.98446143692019
2.87368956571128
-1.6099086747992
-1.18534471673254
-7.21573049447664
-11.0712024180448
-2.92621920700562
-4.39863901644755
-14.298096037877
-1.04426421995353
3.95588632050285
4.88952810617652
2.57311912950971
-117.060336373937
-572.803242130555
-10.5116425915675
-13.1035212352903
10.4611281870346
-0.287370028545489
-74.7322371893414
-5.39958602458057
-5.55073152727699
-8.78913945389547
-18.8148163816786
2.87478792882018
15.1712197367169
-174.068717344497
60.8792887451286
-7.36694104564887
-6.98837760791999
-3.66000648036352
-6.21118139367683
-7.6205005290487
-6.78096224446763
-7.21212970097577
-5.7916673229418
-67.7487296493189
-31.9166929547177
99.3120171425011
-0.623830740759989
0.33835415622619
-1.99401962776627
-160.111690946329
0.313596772834564
-2.2536683765394
-223.540513205697
6.95965065737437
-288.346612148434
-693.693294744877
-725.197074912229
-82.7179556541396
117.482441037719
75.6360161883352
-51.3390438987512
-46.2604083993689
24.0107074092259
-115.533598601292
-116.859671443742
-54.1786811051856
-6.99051562448161
89.0360381850501
-0.320047414874029
-5.7573938277646
-29.0692431849245
-35.856268636067
15.1246820314343
-3.93953609119672
-0.813946710958947
9.17450422706584
16.4361860459677
-3.13483348171732
-18.7618053271981
-7.77584060058378
-5.53732704259102
-84.3969809623148
4.71337335594021
-48.7174697105792
-3.88347934898025
-2.70037086692781
-6.41316445998895
-3.90746892164596
38.1674425433451
-91.0092254915831
48.1356740157958
15.9840593753368
-258.338623494682
-44.8514956793907
-42.9718753491557
76.4550774557517
61.8265253080075
54.8973554787201
225.505266819239
262.320031805166
102.773261447882
3.57879126731976
85.4253546970413
-133.760083620683
-131.403225494539
62.2308335506582
-102.235232022375
-138.924811675189
-382.823165645303
337.287468904532
-66.395858141285
-84.0547674756814
-71.9317910883354
-49.8252545835285
-11.6177365755249
-218.392193555507
112.142372909441
264.394541490177
309.764367501396
39.6841699833225
51.7329910483739
-113.814637738934
-109.660805919247
-533.290697980444
249.750976574879
-27.2891577392858
-29.1323248608848
-32.4251970104456
-41.5679061355067
122.205272287528
137.391667284278
183.181491856622
171.710400909609
70.6840928510162
-133.09553377831
-121.953842435085
50.4692031675118
243.780669108352
100.24498495376
-377.138089865845
-2.09062465154893
176.144113218395
198.742077258056
-191.53266259501
-202.425061136264
202.868576344436
280.925390847088
320.658148898256
348.491010756206
153.438391671318
60.4641640458476
-227.471433091523
76.124215965156
-173.731861209451
-398.932642578133
-33.251451942598
96.7489208687389
91.8079531173001
-21.0273028429593
-1199.14925880575
5.68234633443613
-23.6112282309972
57.5399359262241
69.0508534123297
152.360128596656
-0.257822675753697
186.532933190616
83.0696490834688
37.8584000789918
-102.578514140709
-54.5280249676188
-32.9122542017883
64.2711855379449
-437.705391760216
-60.1809093201267
68.2661674085981
22.1164246096927
-100.716574458658
-29.2814257474256
83.0387194392002
89.3078094605291
87.8538625889715
33.5279433556704
-12.1734354189097
203.898465565789
-121.439479062018
-47.5349419518307
-60.7748858591845
-339.186151628383
-643.41597057001
-279.271139316523
179.094056260574
77.9294028915979
184.318690000313
128.15131910554
-13.9281940103728
-13.1764991971597
42.7639237086837
-107.337636282295
-104.042537419225
-16.5858840087982
-28.1161523174891
25.183650820439
3.68758357631478
65.9211923439537
64.9804027036313
132.31884529551
140.045209114073
166.263025960782
139.40070130009
29.2288191376792
-6.05459556800216
-54.8722476737861
-11.0357218492286
126.780260921114
46.7646440436318
-147.768382719373
-256.10202546293
-263.378871116873
-111.070608597476
379.911492397316
-6.28837715578708
-9.74666729693657
-84.5343507033951
-54.5642817726949
57.5117978161713
22.5096447108724
-19.5720942524981
36.9013663604724
7.05357785653808
34.3010503101569
43.8805395184598
-42.3620830608769
45.3026671195674
61.0042102917475
27.1549049583381
22.2192580194898
-42.6216970841134
-184.306547036096
168.77168491416
24.7538662792376
-45.0896506742873
-13.8472995226723
-35.6036754907768
118.929640999251
-54.3057246354694
-1.07674212279627
-58.2455129397531
28.8421784930878
-64.7861219174864
54.1501816519091
-106.314810940628
213.654042503974
-325.191431242102
-84.3293940003854
-129.009331082174
41.8085936778479
-292.523139956013
-225.160230877529
54.8654536170335
23.6545170508881
-40.0486009284143
-11.5133484017734
-40.1416375313511
-1.42222193167636
-86.572107434652
-31.2335292057491
51.711200534003
-111.958087286015
-48.2110898995979
17.2139980714099
-8.21467127968327
85.8958705020569
-120.185780246943
43.3150457566455
39.1022335318531
-127.951624639627
-92.9729047693867
-86.3841165567158
47.0189811633578
-83.2254524550537
-56.1589268370349
160.823506434658
-344.789092523637
-255.829948027901
61.9359284526657
113.14953280235
161.153298820427
92.5319894645219
88.0030513654971
-75.6353730415714
11.7758570106287
82.6090979025129
-29.6338930743786
25.4943594072552
-13.6831270539755
-23.3333560775299
-333.002982298218
-29.8722853741331
-205.04502593793
527.161241457902
236.48633407135
-28.1887845556267
81.8996470759178
-39.0591906159792
-2.25809068380338
14.7029631418795
-80.8386812366032
-51.4852346804667
-20.3319324371785
35.2889950963786
-475.22872015695
-767.81392513993
-343.624563787482
622.883264514805
-116.591246838536
-17.6693655925417
155.801455197257
-153.720501394414
90.8015707829781
-10.6656353129763
71.0827796433777
-10.2479256945467
8.09142983113697
-15.2461948903096
-100.924527626287
32.697598384799
-1149.16528870965
-25.3532951164486
-2.61429473321295
26.9512201853678
-8.91584603643454
-142.466122360519
85.5343667032064
-317.820251554902
-81.1031435787613
-12.0556888191583
-6.27781387387895
295.432740213036
144.021260750135
346.34770090326
353.338021374072
65.7488296468981
-139.278938337985
-22.2292665577166
-6.1524310793105
-16.8539832751339
3.05591407088034
74.6875671660618
-3.19931612294539
100.853576554381
-46.923880527907
-31.6451421619379
-30.9093256889726
-98.6723709166995
-36.9576865042264
21.3214939781184
36.1681162699772
-13.5260391051651
-48.1467695868414
15.3623600803758
-132.500267132708
-477.504600494473
67.3358817074068
27.5169265761699
-188.581085981878
50.2072081806109
-191.217855272276
-255.346803548653
32.507177207173
255.335792721192
576.513469067174
-232.55153987093
184.780282320624
-6.13307484188258
-3.24151973460395
-153.833186517463
238.284411194928
-5.75091749357296
-5.54204777545816
-1196.09657069933
-32.2198465491131
-53.074764523188
-373.33509999403
-4.87705360606839
-1.93669041757714
1027.70482788072
-273.408040027208
364.175355243981
415.025261615504
-1065.64025409151
-18.6553308782803
-304.5206242881
404.322639577987
-426.077192779491
-358.051805213362
-299.805284069808
-335.942439934386
-357.703514441168
5.43103784923052
66.6866294289372
82.1527884541361
47.7747721417579
-186.031034117892
261.423324458701
67.7136082061902
47.3523810794024
-116.326081566048
-41.652315528644
-397.401022579665
228.674843451733
57.3877904400852
-2.08040991560656
-1.26422277218536
21.5346222413738
-81.2911474313695
19.9765691161347
85.1911216991442
96.1587862590232
-68.174299185808
7.70615252718342
-16.9744494420462
-9.35486441498013
-85.580053534838
84.406107798433
53.6831373804483
53.1284290049784
5.97819013703252
63.0835253141215
-134.830802407663
133.316525386377
-289.132395306979
54.0598193446687
-10.9057884780758
51.4984823934937
-91.2805992058663
-57.1065640057446
-15.3620899004112
25.2838404481885
-161.173613668076
-61.1116298785172
-92.3842901951647
-21.5615161950428
66.0311387178265
76.2720486440429
26.4380806138734
-3.12923600260494
59.7045499432858
58.3508521029419
-54.2627663796168
31.1684242672932
-15.0515069684644
32.5089783892817
-14.7313891262649
-19.8300173827304
-3.77868585742413
-15.9357032010538
30.5179819860629
-10.6398596137336
-0.631931629334209
117.495563420218
117.495563420218
-3.93434322354689
107.94203460922
2.27902913049701
-3.81781446984574
-33.293993386864
17.7604638645485
3.36398856254531
16.0589673239029
-84.1349213364173
33.7164746638104
-2.0238439993613
38.6389878852145
-95.0465054374004
-29.2355827454452
48.7267374504788
19.1193437667742
40.8058012831729
30.620370670421
44.0949346477635
-14.8349375654811
-7.08160724393351
-7.11987852779787
24.041135204478
-72.5401490174369
-91.0788705674668
50.339110428254
5.82945758088541
-9.26863543205172
-8.15091528215713
23.7104240768944
-29.5441224445984
-47.4969704297837
-1.22805537747341
-3.56107306645689
41.0738773621982
42.4387350654942
42.4690993205214
0.620163239432604
-4.81258368103363
-37.4606911100225
-234.322751090098
-226.794291352082
-172.188669231486
181.377689713845
-0.862152722111026
7.27042525310721
5.34369939602437
4.4231459470128
-7.43265422236889
-6.74416744613159
3.01216434613414
-28.0310153339321
4.41043137742112
11.1506925453429
20.7989397086944
-0.853145689809133
1.79147029126496
-0.934480171962926
-9.38433893403672
-82.5218529894389
-77.3603172912762
-104.734486661551
10.5298123134919
109.31675575314
-43.2738171557235
-11.9582099634341
0.961281653544089
-568.720285623911
-25.6854326454269
41.3044802217451
-52.0289567770427
3.87226394929917
-12.7843442968989
-6.39665784841944
-1.08887939761628
18.6646608293608
-83.2881331542942
160.969876168694
-39.1374853119628
-477.567701322856
-75.4873191840007
-336.173270574637
-34.1472362097856
-130.61936622473
-189.882617085813
-242.605134928127
165.863501533596
-184.027564087564
-222.447250401265
105.832604726727
207.993444953676
-188.670587505686
-1.02718747977311
-6.08974351823545
-307.365229764645
-65.7217117363357
-46.9627112767503
-279.239558338935
176.028257546339
105.891835263022
-59.0786958623886
-60.460969345927
27.2372667028666
63.2534967231639
370.020482259501
161.054988479706
-19.514296599111
-17.9794098243571
43.9874420421174
-134.599053016212
-28.946540989619
3.59335732444713
-3.34884479054044
-2.17865160584403
3.21266552721975
41.8643764314189
173.878663622519
197.21585764512
137.507556031637
90.1955724783095
-540.154645305144
-262.786188196862
38.6067373762813
-85.4048274038093
81.5454184382105
-15.1327895822021
-11.2139438556291
-17.0005638869011
-24.3046337414536
164.55182194696
68.1831478854828
-74.3891902826772
83.9136214224691
91.6286600545327
-27.113034104345
4.05879848191335
5.42852998675072
-2.9076857065671
271.385418273161
-450.295599574178
103.201861321368
7.38648937434032
-90.5278768089699
121.68045397047
26.6361242008648
-35.5927139315767
150.278425726795
-11.7377057552447
102.903466652911
-185.248176287339
3.85156108544019
62.0649475219932
-16.3067454648456
87.7060729472473
15.6596444172357
-40.4524102998279
76.2686426157919
-162.105684183864
38.9466244183141
6.37924696171435
3.78784268172546
70.647197413901
-39.1245055225993
-56.9300004049661
-238.689936845353
292.871191509803
52.5768103680892
-28.0088842108574
-77.0452590481229
-73.8454091690419
-1226.64696968655
-201.396158495158
-47.5939837638191
151.452040524077
3.45635865224663
-18.7109033303475
-55.1928031442264
-19.9143101774173
-182.102264798374
-454.863213608586
291.357434086612
236.462875472831
-272.560160414992
158.926696786854
476.055067014605
39.8175721185904
90.1179343346666
51.8678129535104
-101.517280919816
14.439091549938
-26.3599906412213
-224.05207629804
-18.9290723656176
69.1242177388934
-24.0507948645828
-610.178310135385
-589.321691470149
-29.137081825398
33.3142274361838
30.3306684581953
98.1936498646841
103.244270750055
13.4023345347
-49.1137748349729
-267.388070158241
-172.208979578567
115.650576490374
104.951143355502
17.5320914030403
-902.153081345537
-902.153081345537
-55.3465235576899
-31.1195643253233
-9.96594018505782
56.8075545200739
0.0973660032157324
11.7373679331679
188.555820054469
35.1272400899955
49.2217749715777
387.311515156443
-694.026993884956
-44.4403358050426
-245.211191920572
-30.206694162963
-52.9670052805188
52.1946557771849
-349.187207966899
-46.0293401743701
-121.251794910541
12.5557885352211
-1015.58213550166
-4.73268701392473
-598.232068338751
75.1419476884285
112.253087638911
99.5456093886513
-237.876121547239
-1606.1551775408
-474.337331292383
-1780.82455580417
1.50100285521979
-244.620578733885
-28.0030811127796
-56.8135243061595
-424.829193088782
10.9676527251474
-6.73334062065173
-0.758573856442165
1.92016166691877
-3.99181843145652
-129.722782303754
19.3843854214939
-45.4278369364516
-73.1177398794365
62.0077238332271
26.4335932764875
114.754318559967
-626.577041690427
400.598568430031
331.916542386549
-6.15551406521942
-3.6308600799846
-3.8792547230634
-2.18018420764806
-3.34873887811534
13.8170366854711
13.8736662604821
100.653743953173
146.05491788682
-752.362723268632
-134.101661325871
11.4394947192486
-24.1988782665018
22.3412757672589
-59.285342558203
6.06847618132426
-1115.31304256897
-704.521553556621
-64.4121723577117
-318.032252721532
84.5601353779978
-6.05624557254685
-65.0845771060846
-67.5653843295149
-44.3962673061695
10.1763498689825
22.5036055532509
48.1166506133301
-0.433295815921233
21.8140163471301
-96.4063587779854
23.5296461271279
10.4128569065452
-9.88397255840744
11.8548533238291
-98.3508947468683
721.495324944856
-152.454756403002
-1243.04843504861
-1243.04843504861
289.42990999789
45.8552485861425
169.474291870625
-7.91856883995329
48.0260202533108
-597.763435758397
-0.938459977184012
7.58042397344589
-4.71949616464423
278.020015330172
-49.8952480349318
36.432873851745
0.907904781450907
89.9132921340138
39.8626985591462
-95.4453108369139
-1288.14136579715
-66.5300188944412
-40.7184856464011
-57.2326386935971
-10.4676804653429
13.6743480105018
-369.040417986761
198.089918296485
142.613724989053
-616.986168685574
323.688273844577
-844.026888771506
528.956224277268
-82.6450869563127
-195.248176363566
-7.46774452316179
23.5624457186732
380.555871598074
-108.676944435297
-180.651185897219
-2.73772673294436
-136.135644331944
-29.6203553827724
-171.963620471645
134.618911906763
189.868869431595
262.159358667642
-50.8870177256821
-5.40784477585373
-4.01716886783057
302.194039342926
-54.4530814781343
13.1675806214085
47.8107124686713
58.6836109395094
111.891404711446
-44.190048558333
3.83815792836097
-0.247554477264707
5.72053885045432
328.844442847241
-76.1426433526015
-300.852970481884
-111.239701114686
2.39145094200665
104.33284676703
-146.348731623511
-508.40976218529
-541.928714614702
-124.20660285175
-201.029700155361
129.739664265937
111.26020408322
10.0964065546021
73.1325659582379
-141.300463406126
54.922415309189
83.5742190881029
-153.228729346564
133.144229170287
-369.992143192203
37.6458467811965
-38.0703282408666
-87.1518707689716
14.1557197725095
-41.3838852807809
-225.494490581129
-834.888931345954
-7.84812959599937
242.981867261868
201.068387152897
95.5680183012692
492.074056152828
385.342461987239
309.891296079543
376.760054870673
7.35496605468534
-29.7705569731507
-103.896337697507
-95.4403580658198
-205.164741476804
-1084.47724198532
-869.395958569104
404.826052433006
-15.1786805370825
494.538342254291
112.481021255161
-297.037562680452
-364.618372704856
19.4183398627779
59.7866103012411
4.97028232725639
88.1572698792953
-10.7255452337826
208.219169597102
-241.314567240109
-11.5189367380614
265.358882336283
328.158076062314
65.5323749835994
4.23313933677548
118.997282038717
-410.536549090325
-42.3467635946337
56.3638680580256
0.494396116891202
2.51034623650813
-72.0537260826175
-89.2320743076641
-196.178544341568
259.160121981529
47.1488717470056
36.284147734479
-30.9781354174983
204.758537815575
-196.009772688655
195.965642612016
608.576394265352
22.6638383554764
31.8589268425964
31.8833870470447
23.9033231845647
-10.512546097908
-3.82453101403681
-9.73408729235256
89.945929099115
-1.70843248157999
-7.53280469416252
-6.10654612141073
-4.35311917786385
-24.9172049171023
3.20026785196331
0.368628063534832
-13.617585296307
-2.84567957624527
-20.0487339504133
-2.14489486583489
-10.5826366028427
-11.0426811286454
-12.8156389909129
-10.0446838706961
-1.99488908385874
-12.1983652745855
19.2847243555431
-23.4238067337617
40.4264240341293
5.95655636576867
-2.04493185185054
-3.60788141890812
-9.20588112891612
-7.07347496668584
-12.9921148390193
-11.7439604803212
-11.2754314190222
1.20947020247599
-2.11944006324774
-4.86070196791566
-246.700432700825
-1.63231521225993
-8.51852220159094
-4.73091319737553
-1.10491324601728
0.181068492645173
0.602728602706217
-3.44892836386514
-0.510334228528204
-14.8265295613011
131.717180057033
-2.04924261738891
-3.73641983646984
-1.54989379705185
-4.26326474088006
-6.38142149263263
-6.8428843583291
-3.9499388675411
-7.59697329546741
-0.877013362813141
1.97017293043804
-4.64618943092071
-84.1478414339453
279.429816206703
232.065311763598
-32.5295148997653
-434.421458459189
-25.6766747671217
11.5428128137624
261.716168348821
-486.558458501214
2.52300471531239
0.868960463009758
0.0254211327640026
7.88528463198006
13.1348544048326
32.3515394538425
39.0870819127623
-25.9342861093
-8.73492577983727
-3.21479493236322
-2.0476914793084
8.3150779969884
-12.7450449774337
-1.04134095332776
-5.80532100447351
-3.99269400487769
-9.20438067371915
-269.752579674512
-11.5559623857511
-7.3988550746125
1.48820052052146
68.4765419030408
-19.3127873956127
1.99015009007982
-3.66304285522468
-3.57841564608341
-439.009913900998
350.558622280578
-316.538523007294
173.969700944137
-264.831412540309
-2.7849852558983
25.1933424981859
-58.9220422581214
222.463700544802
5.95913203941507
7.9554287571347
-4.19421594377966
-8.24574081698346
-1.6512915947193
-23.8515273280133
2.92982078490895
73.1944193330931
50.2352855018717
0.00183897143828582
23.2145094178401
-136.275528749666
95.4186934625709
-72.2479188288014
-72.2479188288014
-64.4866122004675
28.5597614819636
34.9324055772203
99.7459775831655
319.13747702014
319.13747702014
-623.966492454358
-623.966492454358
-1.95288522414652
-702.235559483695
-496.660261885821
-8.37488747203553
9.40483739238416
8.23407017735914
-35.368565135675
74.9498777158128
-9.23163081894457
65.1398251111006
-35.2733908934215
161.530144188545
-16.7748819333885
-272.625658385743
73.0650304639698
33.0104149358806
8.35727395001384
22.0534869505812
-515.452981081023
-354.726740827449
-184.678272530394
134.561628612981
-331.134367975952
-295.307666334246
-43.4996136493803
-3.32326628357177
-101.388477315598
67.9286162008742
-38.376327826302
-3.485105366439
6.68478373256207
4.96863470572868
-35.0477051366742
-57.0648696183982
-64.5273120941849
5.75124337363269
2.5428414791669
-3.32404079802309
86.4628709647807
88.1052716784346
26.0388772287662
12.5288493535424
-5.78833242843203
21.375419826338
80.9771177392209
-632.128431088497
-8.86417649350304
-304.820151587065
94.451339679246
-142.292677396823
-4.17885325587934
-2.64290242290595
32.961632148158
-54.3607486255262
-0.670784728810457
-19.8311184020267
-27.0554372311848
-7.03162659605583
-76.1798760156851
10.8639379258644
17.7977254177007
18.9802051711633
-222.765917699777
-3.19728401047175
10.0372478260569
14.6506652095194
-36.6406920209164
-59.3781840905246
-62.4278624618263
-21.0316046954407
-10.6573589523311
21.4537161309934
-13.025319068681
-1.25434509578906
-41.6179187597647
-152.055361278118
-422.991853838062
-17.1813661147858
-18.6933348794546
-74.5609110574321
-1590.92566805976
-14.6692188719503
-41.3087462047473
-152.251757859223
4.46070959622438
13.6462758162422
5.24272178702469
-39.1794637406877
94.5215213431916
162.394722766647
-0.471741178812281
70.0654453750395
23.5206149842183
76.5954240355407
189.957773908921
27.5507129238177
-58.441701829428
-610.316931945463
301.061161525829
-133.153120639953
56.7989031588963
-353.277398695469
-7.45669569443339
-36.0096833920113
-14.1376215304932
-37.3484396261431
-3.2408525584013
184.869891191655
-90.8571179390327
1.66442266254286
-8.54781423877222
283.333100314593
13.3291292289016
20.8084979119515
-2.55518233663918
-7.19781655071226
722.81048228529
1018.46358038279
-3.34613713472771
-25.9329356794577
-9.74614479804467
3.00508553149823
52.5403741474834
-4.60763394029105
1.38874873640009
343.829161747531
217.850388767858
18.0373650422463
-1.19503147563593
-0.465897968281961
-10.3513447636636
-3.87709476923192
3.02241590072901
-258.439323413615
-1.77095061347464
-72.5035386735516
-194.903562379618
130.614904626368
-4.5185291510842
-5.81381731393307
3.31233169686418
122.799674028396
-173.821401097332
313.773822004856
51.1219505605318
-11.3815485796224
-49.5265235897296
15.5128925104137
-20.9008711092123
-12.4144886459273
-30.9233524289817
-9.56707370148557
-0.956801525521961
-190.446680862316
19.8455576195155
64.4802663550572
61.5844653940214
-44.7091855701624
-130.065818333967
-35.6760321238265
-4.63686938726884
33.963599293156
-14.716079496519
-39.3890289400492
118.618833663193
-6.4453117254321
-220.08962034213
-244.745836740156
-148.022540288219
-11.1691598605044
66.0253121618646
237.115310694531
-0.537232746096553
-55.2615316433658
-128.823553299677
365.395194060835
-740.58334618305
-536.677915021648
-5.18561732363225
-303.193166740352
654.046508045057
-4.99883929558444
-3.26022460926386
-4.73010864385054
-524.410514344895
141.801596346901
674.065591298338
539.83842389816
-1518.30747469627
364.260669557048
-4.54671779093845
418.94251136208
570.343096247568
-128.172067287538
-128.172067287538
-259.617062190927
-259.617062190927
-294.55284790309
-202.966662875298
-108.686692746566
-444.251562285572
-554.182592737274
195.907471383486
84.0510366386206
81.3303994006637
296.004617166725
-434.624260608884
-217.385430615348
-378.855583911383
230.974702616988
313.65765491849
316.367363627559
50.5467740783053
664.808525247758
606.150107116685
89.8717721291228
219.022366282128
-330.561483823692
-199.156807016979
-11.4259643956083
-14.182009412658
439.886892541761
145.168469940663
29.3127900455438
264.973924293626
286.201661076911
196.469946952853
56.7828250655395
-77.2430587819384
-66.5379626286283
-7.4884063152363
-9.67051548317628
183.623587381262
-967.987244624015
-336.296383661959
1366.34142310659
168.540084857887
339.979666260294
149.631248932998
-257.938073618602
-182.612307900263
6.02486221879375
52.39636149454
-32.5026244084367
16.1470282285818
-324.237334510738
236.119720114363
17.1202115886774
-8.25463862576503
-642.242475024064
3.53317010182404
121.95577761427
177.291117200827
-2.75974343817619
-11.7156619449378
-21.258554581491
-10.9834543015145
-23.2703461769689
-26.7375426740753
-5.82250553711997
-14.7470823101019
-157.986731709496
-157.986731709496
-207.731408436283
-207.731408436283
337.795076174865
337.795076174865
-69.1950314289933
67.0657811876357
128.17826005229
63.0456880303056
-167.452017541864
-0.391369553170606
194.855957022139
63.2343341977313
-5.47997489329748
138.230314789071
42.7254509133548
130.985589824985
127.207972372067
-205.401130047149
9.47737945836219
254.895250949164
23.2712955881501
-91.3601308329768
-255.582736131534
54.8413299022134
43.3443275690726
172.682448972373
28.5578098188402
-18.6815175432769
21.6872346568497
-324.520311448698
1.11247270571966
-168.421159079137
-36.4545421149391
245.34188276379
304.319688094341
502.844964524261
70.8564577362073
-23.4868301272512
-137.495153447561
-8.06102965573591
14.5249187515291
-3.31509535362846
128.502419480015
-164.300296514385
14.6677666380879
31.8084986806171
-65.6671597739743
31.315301564328
-119.815438228727
-50.7124345648229
-28.0521418907978
-25.6498437261814
-13.5032788682796
8.03372923905135
-43.5675347889332
-134.778777925132
49.1112061517529
-32.4345955488413
31.9509426023633
103.605534726333
193.483605765635
-72.4641386659243
-682.671633804782
-1566.82702086047
-16.6872065788426
-579.991783864081
288.239617080146
-626.740567735237
2.2348259556535
6.82146387752628
73.2888214011631
-44.9863627378261
-49.7780267515869
-4.43747125757891
-17.4900128068896
21.3484183246292
29.9542468860347
-10.208571666947
-5.36520128813849
-33.1450968863662
31.5741827054967
-28.7501690109848
-23.4500317565945
12.7225525199547
-4.83588432728159
135.917201787914
135.917201787914
17.0565429110902
-595.217869610237
71.7447858248345
-530.562958592047
-154.101666349177
33.2913931868864
58.031299163889
266.408672913768
-304.276294648011
-147.821638082827
49.4476126689281
-103.445192663807
-13.9150021587842
-15.4699375899712
-4.11729594229081
-22.3171140507988
-4.75585635661797
184.544707805473
3.62483291290252
3.63450781310311
5.58174543234464
10.574118703951
-214.590069115822
-214.590069115822
-62.6717684901631
39.7770217301453
119.757182055388
-250.033269153063
-340.964748186432
-125.642217572668
137.194812396211
-278.247741262785
-17.937447226964
33.6983048074973
-34.0249269123712
-37.4628878351288
183.351194638527
-489.692354971113
50.2283427969032
259.709001648587
-396.572783031458
-148.20489840271
-2.32829598391974
-33.8820371824854
30.3251057938565
30.04470380967
256.459322896132
-68.0961982788206
-25.9603025682563
-74.3612440340771
56.2305290989628
-34.7674673885085
36.8373780991941
86.6047044609901
-166.667277934767
21.827198166191
-85.0828243517693
45.368227513245
4.71317984708088
-189.368739532158
-175.440831696684
-6.19502290393788
-7.91349013496452
-2.34467245268083
117.658846558729
131.02721843482
98.5807175320537
70.7288675857959
-248.724020056036
10.0612123722408
7.28672206059497
35.3495624338523
-5.55552602541517
-74.698144597781
48.6869377577441
25.4833121732163
467.090411779265
467.090411779265
-999.338462450228
-240.802987434638
-191.334538234884
-194.788695468799
-1.37785664536278
-4.38145963855962
116.535805308595
-252.236230405991
-239.13693448742
148.185133288273
12.4665822625203
29.6973135148565
-54.1211999946634
-210.356849977494
-17.1150129214012
36.9368906529527
102.378099534205
-75.2518357127151
-44.5948388903977
-228.874494950107
-26.1607233218802
-121.54627628282
51.8398486552694
-678.650513272644
-240.614434414484
203.75366420849
-546.487881942725
-5.92596764291226
-7.05140568681068
-5.45956041488598
-1.89038258240516
-153.321453066667
14.4703347798745
14.4703347798745
-191.10469512144
-25.5135463038375
-50.5264434643795
-297.029193600179
124.55523891662
-1800.36047389856
-491.001820885026
-90.426613785687
-64.4726659425495
-282.321477188433
-282.321477188433
-6.55009305797241
-6.55009305797241
-142.569823617262
-45.5092092401955
37.5436655839505
-93.8325590819809
36.7763519175532
156.07828041438
212.903280414727
172.090159044275
146.622272911094
306.677875346
306.677875346
3.74854704236423
-3.47853021691797
-2.07915641453744
179.280633117605
-225.933202331595
-99.3362347702675
231.048261934334
95.0575250855405
101.90407677819
162.501895112525
-22.5863973767358
70.6727485247769
109.277312283692
97.3484982889997
130.562858845479
272.297167719557
-12.4581812393828
12.0848318835365
31.0036216979261
-7.87888260358291
-5.45175704691469
130.09121382087
-63.6263305434077
31.1878295798894
-40.9230689200289
112.521931032426
119.02355481101
78.4593517243016
-6.1733866359674
-2.3560309744952
-0.452774084508353
-14.2165911626709
7.62411852925339
-11.9591662793647
-8.70181406298864
21.1977840434924
-4.70523846006751
98.0040204164164
-72.4519756131157
52.4958207495033
-66.1353123355663
-57.8715566302384
-596.111294520907
161.772989812437
67.7334859458076
81.1357670546551
59.8067012598872
93.6072532446554
117.016333746317
81.6598648421562
-208.970946277254
46.9820640946929
-5.47020987950263
202.58080015232
68.3018492923432
-410.102589945089
96.7533469401677
213.332335644246
3.20098306253524
10.3899502906779
50.6494234506168
32.4428655331538
-82.3130037928363
-100.351810908346
-158.219233025129
91.4389155411985
109.8433285302
90.9642204713598
-242.733100261592
-218.47196347233
-13.8779254532622
2.98760296630234
-32.2224488473322
257.853514881351
-253.722087164518
-727.414066284794
-546.840461230579
87.4808651823499
-23.4549136667582
-36.5701953069367
1.22251249629408
3.81390440205852
-69.0229776382517
-27.5741729240805
-10.3620644877402
-8.90752503370455
88.4924396949954
-396.367724667976
13.0688086416555
-2.84289001604051
0.335044057714357
-118.228527349755
-93.9310404531056
-322.668165795018
-222.554837974151
64.0375529410254
222.64113585862
-5.05038454094222
5.94783330877247
-853.327621509197
-287.71536078904
144.7683679318
-339.267266082175
22.2960505710347
-36.1298298992547
-358.128925912128
-14.1648253015817
-14.8387092844747
191.338861617979
-18.8843774102979
69.7933936926132
-120.144415143014
-16.8197226862521
-2.98546307943117
18.4546357202535
182.792288761304
81.0520583492844
-1.97447340727074
-3.01931444580898
-2.42703716810085
-2.28715382384427
-15.7550233639884
-81.7571486185159
-47.9964516993649
-4.36909175072546
87.9342328092682
12.6859040989379
-5.36705222777354
-14.6974836398549
-6.72635619449813
2.49596300148304
33.5498541412647
-60.3850864962023
80.928432774375
-106.451723090719
-154.747226199085
-77.4080154457706
149.503900049209
-32.9068804522352
-84.0596781261812
-4.29739167778424
74.7317680219281
-126.952636335064
-24.4455391477384
16.6451032737412
178.259656052417
163.513610916502
-299.224395076191
-83.8699529443104
-210.025804445613
-69.4896306545183
7.57667517740461
-51.8636219205343
-59.1647098875077
-124.214586652805
-2.60597548827063
34.4074988121643
-123.095279843407
28.2657759910105
61.5993158965367
-73.4901835554473
145.711050502354
168.696569404128
148.034860231779
333.825091710896
-0.473129800999567
-1.72053690156884
-211.240440656669
-143.560885064462
122.798707816726
-5.60596613746138
51.2776315153121
150.918406358363
57.1600258194091
46.3951653475374
-3.89997935677089
-2.18430236508852
-1.04653364585762
45.4570824806224
-50.9190093862384
-87.1889988858641
28.5562840033095
-295.31395194948
-593.238085704849
106.469762417282
238.234282134061
-193.306204205112
22.067496043829
171.309317828566
-10.0925063538135
104.334506160679
-50.0713032929655
15.3824988066238
0.659813900310088
-13.7597197653615
6.90827363742217
33.9608201671829
-6.52124536579226
-96.9991755482036
133.999869058407
28.5864879819934
10.111361656449
-51.3863020866501
-32.7762543369766
59.4293048742171
58.5821630250276
-88.3442190605515
131.653851545512
-273.728516724558
-118.747569510801
56.3721089218697
-331.979287540433
89.7890927353754
-15.1168342710665
-52.0502126743848
-0.105090005561556
-31.1146904868026
-83.4687496046207
-122.925054547823
-122.925054547823
-147.567889679061
-2.23250658019355
-2.46833525559198
-8.99948330994952
-14.55098470865
-27.8660370078444
-33.1888248875953
-492.493617693643
101.609095791623
-285.269508317676
-130.545971093785
1.23342632668875
-4.5770229437202
-70.0933193219329
-33.4937877122238
36.3621720524427
-654.994758101351
245.09611456263
324.726883815558
343.863304206202
-37.8248618561005
716.292503966956
129.47808596749
-1815.85933739043
462.72057508474
-547.662839632545
-62.7176055413032
146.852511093291
131.186191165649
-248.129045026398
92.4978655114491
96.7023144893534
55.4642094982268
-230.909849888938
121.985823780708
-14.0356105356357
64.6766809870008
49.6387162455795
-78.4648200728845
-341.728068068959
-117.499601300375
-171.59038417061
32.7421461707836
-4.48412913803349
-23.8895426296569
57.9674226110077
181.864185468834
240.716918263333
-29.585188878686
-4.13560253424955
-152.548314545831
25.0282186703583
-328.868992135019
38.2596841152333
-3.85221794095306
-83.490655430476
-94.7215763457429
233.278337056893
-255.388844720362
-564.37284141407
-82.2298677699741
-150.998988345572
-351.439193315022
-92.9038355746865
-245.830617190718
-298.808410826588
-778.413062531546
-619.303690275908
195.205178866527
154.864454167351
50.2713942886063
90.9539946525021
-11.4642046729311
15.0552934265343
-31.4490232799082
-422.508032180627
-548.176735287271
-49.4657432094104
-2.09789988749713
-1.08337571358586
-54.7584166236421
90.1580483337196
68.0301233247836
-2.90747045452534
-2.33132455723383
72.5923501320654
92.3638055516417
53.0765715214887
40.7213202087129
-4.97892093684147
16.330608644598
-155.54869177501
44.6120572682253
-3.22256347667633
133.701605203408
-146.184473887695
84.4627563358146
-5.70813611873131
-26.2357050529578
-51.607366192962
52.5367430526298
-2.65780877418732
-48.5415419060397
20.8962643754355
-38.4890624001593
-22.9242635056666
-369.330249295895
-19.1765552712761
-11.1630964923877
172.656911333779
351.227776306455
-34.6886880150844
-1.93030224208346
-45.9763048075197
1.13290465918327
-16.239688824172
-8.70873788943887
107.17703294174
-184.702934223885
77.6311257503673
-131.122996897617
-2.89427825983706
-2.24045710628729
-338.59303283523
17.9273979458409
-34.996592040228
109.520040082711
-2.26341446313346
-1.76605209078847
-2.33628637181031
-103.111123122098
-104.247751450105
-291.695520019684
-8.39200643988573
0.165484172954058
-2.3491369640385
26.1555242778357
17.1844369867418
-36.1475393765666
-774.361768301947
-366.425677806267
-194.637945797374
-50.6747021385193
-19.6326706093465
-0.502497115150231
-7.48186102187402
-28.0469979366206
-55.6272417752866
101.838132670228
9.38861691468573
-470.123229477044
6.24414854665039
-0.417009663820316
-2.22132636772353
-5.72615598479015
-13.1458319708063
-59.5908499317855
-4.61693053531685
-8.22378842967487
-4.52068597426818
-5.20860960594032
93.5733898976602
113.829148571325
-10.2644813379763
-10.7599299275072
-342.620411979988
-19.8915654666285
-0.249292261100132
-1.40532393165429
-6.98406838035563
-4.13315283537963
-3.27699268648702
76.0038776665645
-2.66912181845202
-0.74559412757098
385.753255140232
-13.1670358981966
-6.64066549888058
-8.37907201576769
-7.15792523908534
-8.53912835042936
-8.66987505147465
-9.07845194876877
-3.31701176746736
-9.44670418324331
-42.0021029011744
-5.37036658045348
-96.7769462631437
-60.2245977985898
-22.2215217052353
-6.0569568431365
-1.5658774491132
-21.3830804764266
-4.56293662124054
-3.14564886262922
-10.9467828177682
-11.8688258563205
-4.80025442207039
-5.21391093642948
90.1434987517232
-44.2730339238847
-343.928518777882
2.27232150266144
-68.9176212499842
1.92359508576514
-6.02322006434997
0.171198963221152
-5.52510841498049
-3.28514344239345
-0.921735304317365
-7.88473097454256
-0.671042803574436
-1.63980897712618
11.5648025231506
-7.5950116275415
1.07826296115206
-2.4192615053139
-15.2513322634654
-140.076783740384
150.130857792725
123.138472714243
-103.689969995827
-7.28393002468346
-5.34268296971008
-2.75746713899488
-2.94204140261027
1.48280738221667
-34.7294992884909
4.42730677106042
19.6768280209606
1.34619311382102
-0.940803737184462
-1.68413847735585
-294.433446172541
6.88206666381096
-82.0272009446133
-15.9978686955434
-50.8412686330991
-113.238853185563
-93.2494677140965
16.3824615641239
2.40435912663016
-821.157162496086
18.3949978381089
178.242411165248
-1053.35200260456
-965.813950925971
-1192.3144032244
-37.040973629751
19.4870458668796
-180.947305275407
22.4452336394683
0.627422166038562
65.0148607493354
66.6273079244626
-137.038618129663
19.2963328831068
27.4243380237776
11.2594254720076
29.0299804513214
-74.3426291935379
-22.55862246292
-1.3286434245387
3.57746336365091
5.1074903768347
-2.94886213650874
-8.79359725797019
-19.0002443196186
-4.96623273812578
195.571061576509
-303.323365054348
-421.075945086184
-5.13746686000309
-4.49040980207919
0.302377247975822
-358.024850302811
-16.3951690109176
-197.712680896651
-23.6061114902465
-25.5147222340909
-1194.78435145525
282.910770708308
697.204233033213
128.976383449871
423.826196191937
-2612.87806759271
106.279011336439
-33.7960616541654
76.0599666696849
181.668580143767
143.709102217867
147.303549089185
997.707700491892
156.922944004547
390.32771197792
-78.9147099815616
-287.064263647374
-282.389552553251
-129.617793846858
1578.90849309812
1572.87477535463
-12.5669878423919
53.1898500978001
-1025.27009198875
47.3588599266954
-9.12078524546158
-10.0110723903889
-2.9013242549553
-222.821180421631
181.777731170711
196.828224098041
47.1236214000579
49.2802805101366
-3.54093739042958
2.0520966510026
60.3365389132424
56.4376808727028
42.5379970407462
-483.821620010892
56.6710782716168
13.0317340857971
45.6792262968298
131.57116409836
-44.1808351564535
0.711577820829553
-3.42338842131299
-0.546963947465659
134.882340546345
-205.336411307861
-10.3791126408201
-1.55808380285964
187.717572396551
-3.4490804381628
1.70424482140914
39.0439824477985
-49.793564061804
30.6812382747446
-18.0252478363915
-73.091014628517
-1.11196380809822
-69.0871312675833
-28.3273848132029
-5.13305478139388
-4.77405840596351
-4.88261511124721
-7.93992684292777
-19.3797555952106
-334.581382321881
-152.685530112526
-6.3170391620586
-14.8449190498494
-387.375047499549
-4.28723534378656
-4.64968040902068
49.2185008608756
503.986215718089
-590.478700447138
-3.33670365716685
-32.161246814954
-25.3981608532858
10.4176092260333
-2.34475284794992
-2.05329945972534
51.8146504862877
-5.28530885439684
-21.0313908141916
-608.141193173545
-575.76557966752
63.6019585749662
119.845860615194
166.470267199147
-30.8024274793687
71.0328034575995
26.3823653107325
-15.6216023264335
-53.7898832079899
-43.7025691486752
-10.9030291011573
101.586625168128
-3.93855597809902
-4.49052808737819
-1.63426809461803
-90.8019586693235
-7.33050172040599
12.6972547020418
-3.57391472661612
-226.384549129515
-279.002717347762
-1137.81242083773
-9.24608198212022
-12.0015018857771
-171.56403281184
54.5716927119168
-128.966831407839
34.6861604821881
-8.78934920523252
-8.52770472408946
-26.5265363710799
26.9396766838177
-13.1680809758976
-317.979867118979
-9.7813614050619
18.2486363501241
-48.9859342008132
-168.519787219274
113.976996206524
10.3524165234347
-134.021976933157
-26.5299671395821
15.0222547794155
-4.11008511011679
-142.619763351231
72.2017756879073
-34.9560179535026
-29.2256904760207
-99.9539892963291
-118.738082564453
-67.2660778631294
-11.0470480879049
51.1926646588183
70.0058210854397
-93.1153462236264
8.86812217454666
-40.4381240801474
-45.096347534523
72.5886789233369
184.673813405422
6.70904151586188
58.1189864215069
59.6107595635341
-34.5461309063558
371.681976372734
296.830753325729
-557.862457218744
33.4119502586761
189.956127826037
58.8169765441729
154.29378545502
-43.9744602600436
117.750301409154
0.416573873280703
2.22358766838292
93.1027438561019
59.4353127639028
15.6526236069113
226.656790707462
-240.911043488193
-67.7702219020109
-80.8910478330184
587.956036801693
-23.4250213930735
-859.65442624316
311.309807726454
-398.514815073341
-167.641339394721
-638.753182644732
136.548735432758
-297.698096355978
39.8445615728079
196.843011891778
-624.948453331759
149.696762966941
159.379422926679
286.859809757781
-84.5441636496708
115.374697190763
79.0435586673342
-45.3988742450846
158.137077888664
-1.71470156116723
-3.15926666313438
307.560115897682
-4.84167533012378
-3.99872256423003
-59.5175739372782
338.830000072999
-7.22330706923865
-850.663197774243
-353.685624727874
335.464067806094
-0.757461888160877
-28.8237579122447
-52.6276088870003
-709.655913988406
7.14368888210889
-0.627036934810132
4.48572608153056
-42.1170676494211
40.3968930577066
-110.707681482719
70.9475962506603
-35.9525482228179
-9.24631533877473
58.9277764108714
-158.136217305484
-237.045337886268
-43.3075964568679
-44.825151080555
13.4846852303861
5.07240044219913
24.9216801916306
-61.5215289945317
17.3320741667398
74.479045586018
-487.388036569528
135.885988389371
198.770602199672
-514.247626861344
213.592619417597
-857.550103353894
146.565347545213
0.490982866485376
-43.3881001874701
-76.5791662523583
-17.9307031500046
40.5572528232405
-5.20370328131049
-38.4370965314655
-33.6069126523458
-126.391222425146
-27.3097329922329
83.0332638963453
259.628424461528
-54.076238190319
-23.3653749501297
30.2358202982691
17.6787691191928
-207.246948816515
187.889112978981
236.097627939107
149.434401094408
382.380879341575
70.8075933594118
-38.4622993677291
-1523.11255997004
227.307783278807
246.213451880709
190.692151626324
-215.985564272949
115.783347991713
270.200164629616
-143.261009743647
216.846208295391
66.9953322474257
-281.199774323501
-229.820064783486
25.5893985261874
54.3494129920995
-500.50573970054
139.397195559815
115.205016682593
325.707762355532
151.691604174958
-352.33318597551
-131.610487056975
-58.7708398410316
-86.2598486449714
-110.27022365771
18.440833682966
32.9904488535916
32.892749285612
66.0915860218309
7.41821179089785
86.3028421281442
-79.3055828244476
-2.50745283320591
-39.4160817854112
83.0455107759298
-60.0445827312082
547.1357783146
-24.7352112559313
8.49972265247426
53.4281899072393
-221.749860474432
-473.103959046905
155.76178067889
155.76178067889
120.386007149661
120.386007149661
291.237238370776
291.237238370776
6.5054732128887
105.3632778257
60.7227778976118
33.8087628985326
67.7345397098188
108.044293783807
7.26266688471127
-12.813949484758
-58.5248019060817
-3.36870438997026
-543.98314654649
246.800602716824
248.482526667951
-16.788609081525
111.357600722452
115.922743493031
295.751222672922
224.866097557377
28.2560047628151
121.882296912319
-81.2760194433219
14.7425627512644
-5.26964239634987
-10.4799945125564
92.5226885670481
335.870047995495
-1.40356169684908
2.07411393218402
-257.886370890428
164.842817653324
-899.901597464742
-8.42571370498127
-23.4347680268173
-265.308508429488
-82.7989635511735
-109.247381213025
-668.81455745549
-130.550162306341
-807.501640684149
-413.19365358255
225.73873915376
-1.12181233612343
268.13581355276
64.707351957469
511.438744424496
-911.354140278262
-264.214244855921
217.999570726123
156.498489300014
378.328204824516
-16.7485616390679
13.1519359134411
-99.2420503309446
52.9662685195508
-81.9501765762644
239.317935607978
-262.232244471453
-379.796698196299
25.0830030708852
-358.907102107482
-425.18079326045
-469.89618648085
313.339500856339
-15.2195103885141
-58.9624079998143
53.8500642572376
-17.2503292682679
-17.6934097648239
-58.2016672319458
70.4790534787916
58.9896588457592
-13.7989650985794
6.98155177015867
14.2867917953485
-26.1390877281379
-238.984660094653
-650.25621973483
-357.684242803228
355.177004419383
-30.4494268642521
12.403485536094
-10.7077849192165
-5.81745666423417
569.339144250078
-22.1116489977479
49.4097575696989
-4.14143189591235
18.8242218349634
-20.98298544486
-3.07100895668491
-186.983402645897
9.88609228211388
187.405068564378
212.877987473663
-3.35418453540641
-3.926197532656
273.554160104141
-120.392380831632
-10.9616669802567
-11.5084820606134
118.512799862829
126.031205099002
74.3654017900538
-12.7645679699563
-3.81838708264815
-6.74840581525621
-12.5345909905001
-3.47920039212276
-12.4662038962273
-19.3783706344532
133.674408816622
120.593714390377
-1.86948969278874
-29.1546390107581
-3.70093875096206
48.6969490559143
159.100020968366
4.76504907648785
15.785751985143
0.558357416691645
2.10513959733264
-24.5969569905073
65.2240514175857
-22.1927268012024
144.051862637436
146.050079448155
-20.7093111511477
-11.9664751706181
57.5160657514209
-850.696172441748
354.340786232408
385.87664903478
34.134477495744
-0.756428586315672
-18.1235094510871
-8.75725286206238
-10.9829101892701
-4.70059877185778
24.8855489893823
3.60261739678739
-27.2861101354519
217.045975118215
114.895717985612
34.7747489450738
-186.448120611113
10.9513451482684
-35.5671437870198
104.901464001085
121.290961067775
675.851594589545
-1647.2197504743
-3.2268846547306
-7.1129526244115
170.582002805537
8.00820061060599
-48.0654646179762
-17.753831289201
-28.1225160673643
-23.4447623016431
-39.2936760305383
1.17677847375423
26.4209187860067
20.9805379864066
-345.746536038577
-320.832586936731
-320.832586936731
-563.593371387821
-563.593371387821
257.482865895073
510.069026233798
93.9086445602509
110.9256932474
-157.535419551644
147.317583407948
83.5190515933757
142.323542716121
446.959310082746
40.3644012175604
7.25889673043914
169.633677445255
-184.088990364261
-128.840546286211
-271.357481301119
249.223321700006
102.583486512337
-19.7173242824974
-2.17195577563297
-4.91011732359318
-11.8067846325192
173.690467454048
178.726913767652
-127.126744918009
-324.462477152192
37.6476576208495
-173.244979025399
-3.73775228514611
-4.03577316118826
97.1558715322402
8.62332156820974
-39.4494889413514
-35.2229814069686
-53.5272191963761
-571.172087816182
-529.543721258608
-30.1786510957823
0.810375059805774
14.6052114481499
4.18492147695023
-1.48569694649511
-43.5207293762967
21.309373151605
-39.6211443155498
273.968569313361
-79.2005779791258
-362.503526203658
88.7853850021481
155.459849717061
-355.914334980615
15.2339844390769
-82.7496508096063
109.125805174886
-858.831715257313
-40.7373423359462
70.2626856307087
195.401509449425
-16.9182749691909
-359.58572956462
249.659262213976
176.716823848447
-78.5319541958501
129.516526258269
572.057152771172
-278.355456847777
-0.948997822470049
-2.90025499586655
-61.8071574945984
-542.011519163545
-58.464924357783
75.9070522717032
76.9150178198352
-141.786662580781
-223.020299966537
108.011909853807
50.7434243665672
146.69158778369
346.249539854678
-75.9686498072574
-93.635353906429
-223.976584202275
140.329717227054
58.5921305872549
40.7023738342088
-217.20883412389
-143.113616622465
90.7603786588564
49.8260006640039
-176.924737792501
-198.567757663964
89.8736487582421
34.3877917366266
99.3412927414376
-65.3440407079881
12.3388707105872
-3.54477543172115
-39.6986388528739
-35.7657909297003
191.112071218457
131.015278770157
165.643374387638
-7.24666435969967
-4.27260505385203
-7.84958527486709
17.0774909406646
-5.4463750315733
22.5616163838221
-166.35521084697
-7.70777231845927
-17.0300047305614
-1157.19368063773
113.639576153076
-409.328142399165
137.621438209766
47.6833909843401
6.26864334002217
76.6147896317799
-123.550679677829
-607.102107127471
-537.157403188597
-17.5074281769059
10.9324610976543
-14.4219574012446
7.15687556694798
56.6811574951368
82.4292435340788
-40.3634852379488
-101.865599204177
-10.0687876062257
146.87275596744
31.6398207741814
-92.757048465326
205.027263583889
26.3950303994089
27.5378852626866
36.8147972921104
-0.515824353492707
-861.303333347853
39.7815080905093
-38.7022890261114
-157.344371828366
44.4009599469682
-63.760049127254
-26.6897147516103
19.1163576356702
61.0594228994887
41.4868571018049
53.415536167496
126.131140528783
-183.66733932398
-70.2311575106083
151.155905168341
157.707802985647
29.3746762208192
219.872623532853
112.91816019176
36.6936582956407
-1.27846540528622
-0.0811401473844856
-40.1227970907266
34.5178463409506
42.2790923319938
-3.7859680883163
-785.387752560653
187.614524461305
-85.782118421583
-90.9442106805586
-107.435213412163
175.021592776559
-96.0369459792894
185.956519789535
-185.510075169338
-44.1914967808003
55.1280841519012
-23.4951667162145
-78.2851275345849
-22.033714050968
15.0343238458288
-87.3868766934377
-9.19184528969146
54.656222269656
-48.7060435107559
-58.1595025830122
-0.369051990901513
11.5946062670733
17.8875088403439
-956.188755445726
-0.305220606012041
-0.938054342376522
50.3604376178409
-18.3570398038211
76.6693621881841
-40.4235302957138
41.4511134350046
-324.078075731167
-61.5141185058324
32.1917224830304
-1.23859832688002
-67.2114264922459
-8.87873456570005
14.1684756202294
-41.4844609130886
-84.4026563046513
-90.9363743521701
-83.0890846677911
-138.424680875118
7.44507571997011
-25.7654794174259
-45.4268523880221
-47.7571191535054
-18.2636828213052
14.8434839615468
549.271298473664
87.9411734863777
71.3120917614228
-119.074434052865
50.0423718960961
28.4488567594679
-28.3946288209565
-210.154956134732
-132.305856362784
-34.1387775854717
108.537838557897
13.7225307229651
62.4766114617265
-708.24434063807
-170.693490429273
369.493190916903
-227.827943692681
-1209.01785574526
-136.074183288779
109.721138747158
104.099354173919
-12.6532033362566
39.605810523871
60.6967075301733
57.2511421451821
31.2076659150479
118.008593026829
117.655234393538
112.639342565622
119.035759034461
101.809490778816
-71.5825621877462
156.374242292265
-12.7750779748385
40.4687666815067
-98.0399475077092
15.9729353769148
-17.0319794926966
17.5968736856591
-99.0175755244351
446.91325453812
-739.498953350257
22.3950578905999
19.8292740283325
-13.4325565605556
-146.944903207436
-21.9690600351993
138.959916699807
56.8482829859142
63.7580246656519
57.8087300930553
47.428405918351
4.96760085431539
-19.4978701170408
75.3144347558839
-49.6110388282327
-241.527714691356
-541.091985767687
302.55213883754
-593.834512378881
-119.950071175108
7.11679128718078
49.9816871449695
-41.2230494635725
-22.045477154672
-583.933205244917
-349.583736590388
129.950662025355
21.3873407719889
-354.155507163089
261.194588464256
-67.0431868358311
-169.827743124111
20.1898597755753
-50.0565654555872
94.0846976132167
20.1544295070747
29.2848885861003
-166.748298588417
73.8536635368759
-18.7501772167534
141.74437474822
78.3400340927454
-322.345512938027
-85.084990863072
-625.02063871311
403.963011831697
56.9903243329211
8.3964973505985
-79.2300099672243
-375.341037901506
90.402112394334
-113.852492950017
4.08120707389203
-150.758937220578
229.353472300389
16.3274019730697
-49.5208811843828
-58.0484213778963
52.2961176311629
-341.695332346189
-328.493515488981
154.160678870864
196.430696281839
-492.69836115863
-14.9384721780642
-816.384239267054
-191.159840481337
114.609217041735
-112.599821736162
-7.15326614074145
-16.3889231636877
-6.20759232368485
-247.746927556364
46.7234408767564
-1.90899765642876
-84.6777400424199
-72.7876560841193
313.464059144591
-21.1405288842064
4.76766771848405
164.797597844428
-49.8895099849296
-97.1022058249958
-76.3737061778654
-42.9067038216876
30.7793144140416
-16.775650219393
-341.962463686194
4.37913212707215
52.8428041156101
55.9088980600413
63.4899824797304
-98.1461257294057
-28.7756519032244
35.4739910401959
40.1196086170785
-48.3726810849884
-24.574904098314
-45.0129363689099
-9.51710937203429
-88.3406868522552
-9.8743901540065
-141.236262106131
-365.660684072978
225.626299979085
-169.666669850928
-63.3092744923647
189.962479767078
47.6955389975273
-594.783791374556
-177.969950055851
-43.8908336212436
620.086998887876
-19.2978377470367
0.314656994278467
-5.36098228865581
3.18322493909348
379.471153813892
105.608662001117
23.5651759831238
57.5247164843042
52.8239297610678
-3.34715022340609
-2.2940197890572
-16.044736176916
68.4850975120101
-1.70378211585912
-7.39506623131592
312.960011032577
177.665513406658
-21.4074787327201
27.5509783547473
14.0810465718533
-13.0019914011266
37.5456255988392
19.706356544406
-26.7747152216477
-33.593323012664
-48.1662248530379
162.831895473411
17.5804033233502
14.8671100570979
232.03313511753
584.259254918279
-8.79619131352799
250.85521458874
56.9480932576425
-94.331546900601
-200.184659826889
47.8710015787988
33.3489183691092
51.6527691906583
30.2911298251949
42.874779479835
86.1641443143412
59.4418127091049
-151.166898812921
-53.959563386366
28.5755498823028
-47.5072492049303
-55.4751556897598
-55.4751556897598
-217.728700585438
113.991229721974
-116.456448958779
139.302353515924
0.120199478260217
-10.0615762984943
19.0841451592185
53.0437594387147
116.605282150058
148.211157474679
-11.1169192186331
-10.5855798590699
-47.4688726397185
41.6304298773221
37.7590825379436
3.38589115402073
-300.025665415032
-228.64621136846
-14.5445104238928
-166.534069555869
22.3998736445413
85.596370522597
1.38691563849927
-6.64940860090093
11.9086720386083
-9.04772822366013
23.3492176701161
-37.9716078965477
5.79523795758915
-107.361161938467
-19.0407720961305
51.8408262278969
75.3907776147772
-35.004076628741
-72.7442463462492
27.0824686876664
-24.3827087060145
-1063.3571000301
-31.1175437620692
15.1076675509099
-7.89601051186201
-4.24920928377667
24.7154363116904
20.1460768926289
-14.9368789456584
-9.59001095129857
88.9239142861657
72.6367945904709
-98.3127904378245
-77.81787525688
-546.25620941695
1.67557448786411
13.02077609349
97.6639630524485
-18.5332612754752
-102.031800282175
36.8371480581252
29.7671548841629
-8.43969116095926
-17.258141410689
46.4884667689369
19.0530229577422
-65.9933554346
-58.1134506765113
-46.7210979837389
-21.0689872261747
-79.5154455085428
11.1102810778885
72.4181128307415
73.9797123313378
98.9761060150941
-67.5011537300376
10.7532525333084
-81.1927029341912
-41.885678010363
137.256332244797
-86.1790993474638
-21.152063688934
49.4758218889355
166.291749575038
-40.5413616605244
127.460647957058
-19.7415527135886
47.8341464031572
45.1473374077238
-57.5161832446411
163.721554509727
54.0080911015176
-2.23778323175371
-1.76053417487832
165.205582309189
193.203704426048
-10.2537147991556
-2.212703371996
-2.50898685088221
5.60292660841221
-6.4775222090999
-6.38971364265822
48.8987756636646
0.0454404019259315
3.27402132540146
-6.90606745379897
188.170176111857
78.6904667210504
250.18631572374
152.060278233001
58.4464304068633
27.5428163480968
138.618522277352
-411.098497320526
76.7215368947023
75.2049623165438
-157.81619706945
-42.215122266096
-1.2277166772093
-4.18371576076579
76.5611608565925
-7.49524940063554
-545.491534916329
461.40209250295
-7.51888265763047
202.551634038763
82.86637407614
86.9947673029372
14.3830787032207
-322.22336646612
-10.4258514314266
-32.6296552972944
25.6361400339158
41.3287085217801
194.661639568061
287.962445167195
191.140023018416
-155.463992612549
1087.65519433031
33.4592015843054
35.2887960212333
-18.6496921255896
72.4583852345734
-37.7382450679455
511.991634221236
-9.65160529843309
-22.7766944179171
82.4702818428095
21.7021700941361
44.4875929381534
49.241996955908
9.81618775558383
-40.904496540779
229.202716812255
-11.5568336219086
-8.26929223248929
-16.6643070697287
127.887454114858
2.51158329869952
9.82401841670291
113.261097934686
0.574853419831432
-9.0877785802175
-13.0300756531909
-152.071446945238
-8.80077442311231
-80.9424980018292
18.0665702331843
10.1931422248778
5.85177692649098
927.812442412982
467.683622736981
-345.509528402353
319.608082750207
-60.6981327877862
180.833361608116
11.0921242105311
-878.394523291122
366.171261393576
454.536287621971
54.283004222629
-589.812002949656
4.92243772956873
-167.191262140122
-108.681671190361
-132.444035095398
-424.511411466967
-1182.3338619014
-174.508408393076
99.2129901533108
-139.615720991057
34.3867382294531
54.0073068291193
53.0161808187534
12.0987228690978
299.35399705472
27.8363690144348
-7.49308459991724
22.6963931891773
69.811737561077
172.543938746121
893.515016605227
-463.262746179252
381.505766362012
-279.564426242274
-91.5365531477918
-338.82516777488
109.694123620046
34.087288213101
287.923469166469
-3.03850449562465
-37.2099865588392
-11.308475536919
42.4609794285039
-103.825117827235
-28.3773897662063
-276.395727109103
0.673567689246226
-64.8452254145194
-220.274113228235
-112.581286437373
-180.467284299036
7.32280640301785
8.63876136031977
53.2180973932249
6.1494248467935
8.82119203349033
-51.3364628977565
-1061.0169180009
391.810808656129
124.371299582549
-667.386045937218
-194.94349344058
-109.538945138006
-124.452880688872
-279.304384461755
7.85253638077234
369.348123752748
734.154212891652
224.343741026915
-91.6175364351948
191.979687502036
165.399439513609
6.72355898588044
188.660511379786
196.418006669839
46.1946401149231
-171.102510099762
17.4101430444261
-77.5355873714349
116.329625650093
103.788583336611
120.726938838471
86.6787903084041
-43.0958462491826
224.119881125949
235.832709164758
-3.42544948321477
-1.91778081186488
80.5030282891553
-100.745994892261
-101.745333161272
317.355946058216
-65.6602754475007
-17.9010695087844
179.51857923194
313.087053576238
302.296676123963
-278.678826219574
-149.480470444738
-370.32457926167
-135.69746683995
-176.106552946947
311.527905119725
275.473897788894
51.8233060396666
57.6166975886479
-10.7038745792562
-2.71587221388543
311.337536278172
75.4050631234681
31.5529639683348
150.468285367957
-1041.30092969161
4.58475147433653
-71.8068746865697
534.352946994815
214.428634840558
20.8168161339794
-12.8792406230871
127.892875221756
65.3687302331352
-222.083707774468
-69.8572024408491
54.0500126530001
64.2711524391929
166.102539824285
222.243520290674
30.3903946177265
-23.8978054609226
59.11420067512
16.7474728937842
-24.1954886227407
5.15974188804469
-4.35808832094406
-4.19727106266913
-1.18997245813105
10.0149028135827
-96.2412230824978
-5.03271902247572
-4.94031457612282
-3.39428194016292
357.313133646938
426.101165799546
-7.50749627431267
-4.57483607399847
-14.2264658903245
-7.7919196341007
-1.5465949424859
-396.208056191311
165.460411914506
-0.117721866056707
-5.74343182920613
92.2995819445408
97.2252489717644
161.58611070076
-30.1068145578878
71.4314799683211
11.6949591266692
-6.79983561928293
-4.59104651007532
-43.0665094895189
-10.452531534597
-9.88618020941614
-10.3955141329165
-9.85334038336122
-15.7148405765886
-12.1992249436828
-8.68459176158
5.98541424630026
-6.34848821216216
-15.130932888019
41.2408578406852
116.573794630669
-2.27542167507996
-26.0701144949388
28.6412058878432
-11.4782038788496
-12.8011952111803
-23.2346451098586
-102.499455153686
-25.5923498330945
-7.50146090728202
59.056167434148
-5.61020281334127
-6.54617130326693
-1.99869373510811
-67.4495379372447
-4.50718890883519
2.98795253725025
9.91829002972288
-17.1042778521472
5.9133610808903
-7.26032844037288
11.2739600596552
130.651426104004
-22.5232802321352
-11.9466954488753
-11.0221994628834
17.1201503030939
372.689616948089
-75.4031729037738
130.478219523719
156.134407853751
101.697952308324
89.7984707392637
-5.35092395724311
-6.36111222774433
1.30911116177189
-0.998692075076709
2.55589630452927
12.5515119979043
3.26134496618618
62.3470620023103
49.5669401865121
-5.27003091024542
-7.3703108979336
-2.99119340774854
463.60863761765
328.300217866157
-8.04406941477847
-4.20881186458563
-1.91109039636
1.07149398775812
-3.73968538162159
25.9299557295723
431.672868906061
431.672868906061
-5.86953677991521
6.75890196993771
-5.19598631441577
0.00922358497043596
157.171081650331
-330.244151095607
-21.0085361613915
91.652845255924
-7.64749739076166
0.375879484757819
-11.4076453746717
73.0657132541727
-6.4174784595748
-1.88408526887734
-9.6779999764856
17.123378995751
-37.3940914517115
-41.7421065106149
-82.0634684144908
111.931080073842
-34.8611007508233
-46.305187714374
-22.9458754607699
0.290889009618827
63.6051300053114
-193.535528105031
50.0897460818197
-399.569758389153
-3.48317967092715
-44.1213697903368
123.824683204321
-21.360228006319
-263.843003994351
478.196467481238
6.87125021553016
224.571514316393
-4.04615728581542
-8.40929475191629
-924.804816540186
-933.886708985237
-6.71133037355474
-5.92795869375865
0.98051002725259
2.88713588035926
-21.2172394199566
-134.669270228487
92.1781384697803
-308.349073487493
-7.24425747330795
0.940736895815359
-0.84189918605096
-161.565706918429
47.1490141928658
-1021.07016314385
475.137940725771
-2.0095358505831
-14.0240856923488
-0.999791375845441
-5.49499926102394
-2.40204257972728
-6.13539530080931
3.7172342933463
-13.877581724756
-1.88527102701735
5.9658214931129
-1.53362170444474
0.255256382957224
24.7929177676696
-11.7862789182058
2.79023290771341
1.13649743676998
-7.25901102745981
-1.43804466052717
-2.24452401758769
-125.510437291948
391.490647616728
2.63323084525012
-8.82812731798168
-6.86958265111799
0.856145910038976
128.306901653972
-4.94184066465008
-8.20679295371977
-14.6163912691729
-0.707192811304633
-4.89584065859962
16.8343035633757
29.8394554509327
-102.28571640755
-2.69120112509463
4.28108808931377
1.51571906044039
-8.3800211599395
-124.259892721342
3.09102426701793
-25.9381515557285
-2.61505035539226
-3.71238228606222
4.28496706184986
-12.2927071889745
-6.4362712344498
0.797546942510882
-779.154507980451
-14.3287125251635
-0.367939693105703
-5.24463905742959
-3.4367806919705
-97.1917070293592
-22.6560970466741
13.0103636765334
-15.4668325294247
67.9096095954904
9.80979098669188
-162.369216597365
-63.961638352903
0.0806719636195328
-15.4574184107763
-86.9836759327731
323.085244085227
-4.91993740980887
-8.55148779714558
4.51489969302851
-16.7900782614965
-43.0034102678638
-3.17160940754087
-0.233006356957754
-13.7386756873709
-9.74908129155968
-8.74610900138721
-4.79836827421236
158.412460099409
138.76242100528
0.488891062692003
-2.17908456993603
-5.76532729173576
-114.629743748261
-5.38093938707464
-13.3405304805445
-0.846541029015823
-1.41327058968131
-2.21916513946099
-173.971827489644
101.92197331014
-4.01687074455752
-6.75305270993423
-17.4551878247068
48.600490109678
44.4973794638496
-24.3580641489268
381.28000153878
3.20827374094755
-31.9841419415875
-9.61981225570333
-217.808885232533
109.237613119102
-11.8876366340023
51.5176723783207
220.79582187072
-41.1616357698248
-2.56671986350139
-2.82383317238353
-1090.00151458806
-4.97290762260012
-5.51429595271677
199.979042422371
4.64484074208883
48.2799590711524
-2.4467821751723
2.72138183313355
-6.43047419353853
-5.82419386776328
-16.0325179264078
89.3424168086563
-136.450433624974
-1400.11198547856
4.1903429107361
-14.2109620036195
96.6007543500674
12.686569284041
-71.2744683739438
-432.407915735387
1035.82848452004
762.97807432823
576.142165798846
-404.624319849175
407.604771778289
-1461.36781779654
-1907.84586906938
-55.6850204002713
-1.48101714516049
-5.95696169358174
27.950531750475
52.2236515513556
37.2755268719952
-55.2115862388288
-39.4265276292129
-5.78922847886748
38.8192928787855
-35.4812477573404
-11.0196694700053
7.88955998914102
4.29007685848518
-666.357279905598
203.984434461989
196.065762124803
10.0535101129173
179.549516200716
-247.509563040176
132.261091842784
12.2254702232404
-110.072065948026
40.7171069181742
-1326.14692935421
-191.89873343413
-118.789294649363
-12.281483720306
-11.7123035209682
1.0604687119763
19.6915285358124
-119.445966765666
43.5057972891378
72.2761358282984
85.2880792989105
-5.70210291968378
-38.5550916207003
-25.4953577722619
16.4890430089747
60.2984760007678
143.602451036996
80.2686679969496
-10.8889440226608
-9.36997158278445
-147.515385225213
108.330695773005
91.563310451499
-10.7732217846104
172.77035620238
-285.616831025749
155.169122615461
81.9580538598868
266.126664337632
246.044166980899
-0.49100177052523
-6.7858690166615
19.7292849639724
37.2318492939203
-3.54558419997051
163.074416990382
250.461319073801
372.031859025832
-169.889633506845
-104.518251958192
-5.15097064976876
67.9273714254547
-54.0961370012525
22.5030030859177
-176.941272638504
0.0470194760959353
3.98131005348128
114.505771908779
97.8787735023401
146.237969084664
103.380299722061
-7.27026697674886
-11.8272358585003
-14.1363803702572
-39.8109239528519
119.802361725578
40.913910775274
-19.9702189758493
-2.57048022639484
111.68866359738
-7.67469582466541
0.0240882710041102
3.5975073285142
-6.41254051691117
-0.700449871000172
8.78704079147867
238.010078178637
15.4876000381624
26.9507996719849
164.979424138277
-201.347335461734
-64.098758965887
-6.75046528106101
-47.8488724125436
-3.92923276745747
-3.6841500103497
-858.336562591651
-4.86624432213104
-0.193590146737246
-342.04650312916
166.181572679116
77.6253212402929
-64.1436762892128
-2.21707801772864
-9.26088332674599
-122.868487420354
-26.0867922155046
-4.37527308641536
-5.99056738016807
-9.147473269672
2.30884248641082
-0.241201806403558
-104.332099063545
-1.01009225173753
169.401804149063
137.625152103809
-26.6275074111902
-5.01633165866196
1408.51445851368
405.876582209067
-4.74147116150481
-9.3261510319225
21.2619529705696
29.9784198091773
191.646437198117
1.39321625191281
235.207747850139
15.2079316491089
10.3196701237849
-2.49069623241004
-0.430088176585005
33.4418532681571
-13.5882777185362
-5.38014425701017
-2.29422705305749
-6.46591093475991
20.8579730090207
-37.9088008006876
41.0224616976921
-413.953880435859
-330.212714360487
-131.700234475876
-17.1325701727397
13.9655089964903
4.38286513839472
-1.1133575665145
-6.21552362858609
-12.6687596316924
-5.01287136871043
-3.37557435863225
12.4002552259412
14.5422272580431
23.2293773554938
-4.90293355899766
-19.4909104383284
-5.16921639576236
-5.01021040481315
3.03154369018425
-350.998952163979
-2.53873851941723
48.9251032472473
-13.3236411522815
170.508340709156
93.5125762211093
51.5587454343288
31.0504597523408
-1.49192701897403
0.144248953992414
-85.7470072265626
27.7862384971095
21.9084187194152
39.5552334669247
25.532736371524
-176.397961511594
109.731967773705
-317.171572129294
62.1247870928607
-436.649925735469
112.929102955622
-78.6137537141827
-246.260825751581
-720.982932456641
-10.1611095506691
-14.4526496029915
8.58631050999928
-22.7288146564785
-3.74164447822817
-38.2208789251418
-31.40202147262
41.5163579045831
-123.769736569464
-6.76616044116048
0.941232504428051
-340.449557822771
-278.696903539672
-215.480531193952
38.8271997352617
-10.1058136604988
-4.15738629469999
0.108203482037585
1588.83403661808
16.428156080737
19.8623874568333
-664.152071164037
179.196672605578
414.178999473852
305.933830159479
99.9067597878593
137.879834103166
-20.028242783131
19.7962449002151
-486.185470225427
-140.355804871095
-512.078468513939
803.443657570729
-468.40347933312
-45.5949633315418
-247.660749459063
-2.91408208188852
18.1597036465512
113.719250573183
-303.33756975457
-63.65433926225
-76.3716331884044
57.2712408459053
258.119876852055
89.3300345825259
28.3916889713763
-94.8757906099758
7.63997298804374
-112.975614285648
29.9037202571271
-670.455026280136
110.16165759011
88.3623767994792
263.791536406027
-102.929474258726
-84.3093211308622
143.442403893156
305.462795009472
130.036690320178
30.8947378484963
-635.245426188513
727.108381857593
-243.07504620068
-227.214256325912
-223.732090604609
-328.297086115893
186.661285798252
33.2429946780871
286.036688475134
435.608820988756
-81.3641567860855
-84.0027249636637
-10.5188548818183
3.70776781650619
2.20348776654894
33.3304943087977
104.814209964161
-79.2659561453904
29.4202153082385
-82.8073204026106
-344.121715842914
66.7145413810314
51.252459979667
29.0990877895342
-2.89377721918571
-6.07250132043277
-15.6735568113783
-248.853699052509
-16.1835335701106
-226.369593518126
-91.7017231102866
-9.25253104504134
-1010.0700708135
-291.401884178602
-12.702189208882
-113.920517988691
0.557801973236878
-36.1554738170863
-150.084581835027
-92.9739599659959
-39.708019477087
6.02807196714876
-21.8968826134382
-12.8597494324059
-46.990298911328
-8.58295439662977
8.65714395279881
-34.7576346283402
602.465669752403
721.994863813327
-1149.89019899318
-21.0746792203849
-11.6863342168314
-48.6855411410678
-20.3887838476465
72.1140451625637
50.5595016349386
155.651037809128
18.9647108380703
155.544860568375
4.803631259264
-18.6393206418239
27.9954262437481
4.43961044425603
-8.45662728504321
-25.2481398976866
-4.71562910685315
95.2900089083388
-2.1089400586101
-11.1438892079343
-12.6087294883102
-9.56557123022589
-659.232442743802
-9.62248252605521
-11.7795396407497
-181.428601907935
268.451943909045
-100.737122830064
-284.277698827505
-308.125375998235
1670.67092462538
1026.70017772113
117.083770711478
-177.056611214431
234.794680845492
-1457.18031090181
619.285989018377
-617.369594098465
-3.37294569704192
-372.043343643088
-35.051906773145
307.821163514362
-39.7399869938154
-117.994931725593
-43.4512155804269
-26.4307705376991
-20.8051431301712
13.9732067487718
58.5221279649356
3.92662355539112
-167.905574040834
-28.1621190939059
209.120687028588
112.198492211092
-22.5675825409314
-30.187576291908
-34.0093974295533
-2.63914832106849
-3.86990759191375
-3.9456161262924
-3.01220129693586
-1.38568548019719
7.2295268174004
28.3654377756262
-234.768370336531
-4.53121987625967
-188.83216634852
-288.269328773745
-19.8066701534571
-0.759290407081035
78.3548043494311
53.8914934559903
78.2694918225354
12.0377944175723
5.28018004153832
-90.1034581786993
183.87731404177
-316.234684799728
-30.4446097632842
-0.520193964038017
124.136548528014
132.296465108128
-18.2741145103451
-0.531770349059484
-5.15223202643813
23.599747193448
88.7620726832371
39.5878678402461
-85.6677797899265
-40.7980760139059
-93.6966733153359
-8.05777802398107
1.15206822773514
1.425866890068
109.758577352032
15.5538954512444
-31.3210343471432
336.966942562227
-36.9379063751505
-170.80890977418
-144.316969273899
-2.31686828879324
201.966816708579
31.9860865448057
-25.3016170484618
-15.2002798069894
-7.12027343603842
-158.148031671602
-194.400073380123
53.9642074293141
28.168951572735
-202.597504700538
-100.457317141022
-219.749166659655
56.7887272131662
71.509814325807
-116.760646193909
73.843558232145
300.138495658927
177.719596947607
274.968730389382
-69.0207123419167
-83.949789796894
16.7838738151449
-13.9476798860062
-32.1381266885968
-2.97568313967225
-4.54733358858262
-17.9462852681041
-64.895092710453
1.0352037068857
-184.914305665232
96.561329289323
96.561329289323
-259.41164819552
61.5952832389965
-116.251281091621
-93.444362613169
-167.428582467612
42.0326048000103
-9.77723304298337
-14.317824700753
93.5331595745291
107.805462612818
-5.01029072117077
185.225125277973
-39.7686841398118
-478.944337170261
-13.029326161849
7.81546743717643
-4.86283957944186
30.4972960095115
1.16770409255182
18.971561010079
73.3897615302593
86.8458880577479
-4.59653390726005
-2.58932065824184
-95.8062348906423
29.7483542465409
-73.2701517883973
1.76765377062183
-2.38488413729839
7.76365732266028
63.0920009382884
46.7974938436121
8.53936264628448
25.5955009954526
-39.9375095035249
56.3677218720815
-237.683292126217
137.785912414008
-86.115596386885
-462.617017142643
-163.939879345289
-475.300712898948
-299.332678967066
79.6535178084806
-51.9770925785319
351.033748082875
-385.229722803267
13.7003825747077
-253.867492865821
-102.328798118029
-75.4832803092824
-823.911789303323
295.282218840753
-409.966917989497
436.862078577471
-17.0097544625237
70.2408877245512
50.8661918815526
15.4250166586007
-29.3543962386211
-107.520631467073
-540.538454071567
54.9091587979769
-20.1090219110148
-136.431900243136
-76.076271623121
-12.4938733764177
-204.856559628879
-236.235120979559
-2.9336440526145
-3.18420803764581
-1.7553318165231
52.651137332082
-45.2536389694257
87.160631875691
-26.9559977852772
-26.9559977852772
6.77220549601592
6.77220549601592
30.7145833862251
-41.117038982656
-13.0966876195414
90.1914595747039
-6.19815104242998
127.887950543392
19.8785068224684
80.0550867506713
63.5079696045277
-111.138342571834
-2.38589500802539
59.0871191679285
34.3202748816632
-0.680444478937828
-3.67705800901765
-1.97739003179468
-50.4769270990148
-5.74992778381606
-156.566948898189
-93.4805400597568
-12.5354002910142
-6.98191282091914
188.522004120061
110.856468236853
-4.57585647600226
-1.76640978867976
2.0267373600446
-3.32886487813192
-45.4826277669198
-31.6850599122404
-62.3840887967327
-20.6941147980237
-61.1501475595667
-136.170757837876
-41.8106797582579
-52.0766692312277
-1.99599854784918
-18.1180400692205
132.547259524762
4.72234873402476
0.343746686292296
-1.54432672830141
-4.13361918551929
-6.6851673665739
-13.2279039728909
44.8966842083759
-21.2672687856608
-19.9348132486179
-74.3693396883676
203.610479945231
174.540519553983
-6.70210996883427
312.34461402454
312.34461402454
-6.31928311997613
54.3489587249664
-2.61377306069602
32.4499918701453
43.6622389696309
-36.7443279330483
-8.62435039979018
-7.83109840190152
-606.763727916212
-587.812455929842
-313.226605408185
90.173594023538
-10.2144719837581
-9.40200217773454
29.8363446738055
29.8363446738055
-211.091125305824
-211.091125305824
-15.5988695595599
-6.18434204305629
45.432512241086
44.3710868474235
31.5583115843147
34.6907511342737
27.9306714377681
-2.90169866227215
-101.566922893051
65.2347798702536
-879.797680530465
193.358891052923
-134.737920863303
2.1923831641789
-3.98557420044987
-5.03818427296593
-9.45146237856573
-47.8749332943005
-265.176992181908
-0.567308699457125
-0.939836785739821
-2.19596002353709
-28.7332943764695
8.43591189159692
-3.76040389706301
261.551034568694
-257.677072707265
7.39515637450502
25.6941153918779
-48.0541469634491
-21.2678530521345
-19.5037954640203
33.4294760969874
-54.5884484636459
300.677414401476
-181.690302013663
-24.1714347076457
251.528841034607
12.1548973416932
148.976145193542
61.4582972698032
21.5173840784942
-141.265665499854
118.92535046468
75.5902428433893
545.144838928245
-79.6795740524387
-54.8747380097455
51.3628234498565
-61.2258077363113
-7.9875736799728
121.156131370149
91.5710142791803
-102.164257126545
48.8412571297472
27.6414971298421
206.338582226547
191.737151668589
-36.6754558663604
15.3438372148564
68.5025840340089
-24.9498658940106
115.810605761085
145.449128852238
65.1825049694754
54.2149072289495
52.2847005235599
-42.6174875933948
-15.5165056878223
-21.8287785624932
-41.2855492884639
67.8766110216309
64.0130613015942
53.3022685981952
31.5873360265267
-1.49623132912826
27.2105485700474
-105.217126204892
-132.397454692544
151.966730729353
151.966730729353
-5.78605660040358
-20.5947656131712
86.4136359239773
194.54702140228
91.2641573565173
-0.837720368608711
5.84031258255818
-89.2914410990695
-99.9808348847891
-97.8735777852969
-487.208626956075
58.3507626155238
-33.8831174146621
141.054078024305
147.362689891623
197.233739368387
-417.530947885465
-2.40235187205557
-2.35298127996502
-64.1444380211381
46.08671227823
-60.6196035922565
63.9377040358459
36.9834609360483
3.43793546386245
-1.64533612666702
-271.794067081943
-154.780860138599
-5.20339006733125
26.8189187196197
243.40842841161
-195.557046469492
96.5978224579431
101.651975754361
25.6611391369769
-17.0595685540791
-9.51074707400851
4.83458205942448
-7.98581686312165
-61.0645225647751
15.5268646355435
7.69914974959217
0.212304291276901
-1.56761160278218
-17.2518426294135
-7.17425669513356
26.0699881477253
34.376226920176
30.2491770127584
-82.4141425190232
-8.47457091369127
-9.8246657950225
-25.5443127020379
-31.4126466650072
-13.2457181929577
-37.5900100168004
-266.579431946611
307.956593777728
139.805084638483
269.835565579767
-164.279368065144
17.1366241604766
87.550815219445
93.3411363019547
28.6688669243369
23.8828138394452
54.0637917463611
4.15184960290043
-11.5713055434188
-15.07330173514
34.4446756814974
42.3657644935944
45.7742775947482
-96.2078032215547
42.1666693202034
54.7576100591344
-606.12167383315
-260.411321240936
-40.5399820852331
6.56892832113439
-3.53233269723889
-9.20298053969707
-20.6121458336877
46.9293083085936
194.054798815294
283.665621647862
-1.05401782903917
-8.34071479463941
-16.6365659185228
-145.821882054898
-10.47166555637
-9.4808756583843
-9.65138969948016
18.0063535627221
42.0509433239368
8.51357330439393
50.1880381495508
0.41686254259657
-13.2545492542895
-1019.3366535723
-539.389688396777
-1.31960938950436
9.65034644366078
-4.82865827239535
562.027815829986
-214.427612539982
-377.600929593353
-89.1366727569599
-42.3492650671965
-86.9162502991945
-11.0915569117468
-13.7207320739026
-9.22920861090918
53.4746574922417
-85.6845414927656
-9.11611771779888
-13.6283870348168
117.541467502186
-105.538358468504
-7.48624888892796
-357.397296688376
175.281173951115
2.21611918089251
172.80213279368
-8.76144002517199
-197.023651057918
115.881821112306
-0.258484428056889
-1.43719999987509
23.3428273975
0.387317365097521
-47.4494113012628
-2.24267388930804
-12.3350190161007
-70.7867276433535
37.5344594123364
3.2853061872988
-584.261311990687
7.85444472129519
6.19881087545248
56.7423939300996
44.4606487974798
-0.0909047422427964
-10.07750019498
-3.37531903599714
1.05258064985105
2.0025578192962
-8.6088879031628
40.8272201355318
-23.4878318893324
0.862710648467
-128.12903371563
45.1885251626658
-9.91779140796636
-59.9859966541589
-3.81254321000596
-7.6985074607163
-42.3876453175557
-43.2585905558131
13.3812971785605
-1.91255350140951
23.7361025267426
-88.8408228461906
119.675435046298
-2.28353080918055
-442.314644115492
-437.940264476825
-93.7854504245846
11.7175749421034
9.29277144316466
5.61739095645426
-44.6321055542319
-4.25877099721678
-27.5499446404164
42.2353283097584
21.8725214288735
-16.071995160377
99.3993959859715
297.384140926796
174.130222428313
3.62477687395578
35.518005148358
1.84060916118281
10.9375296782326
-44.6895823316106
50.743375140125
-67.202997887321
-22.9677946801932
0.18495569955774
-1.28406223160415
22.4608260130887
-293.73744667934
-150.614069753382
356.76483440981
182.628865389922
-167.609978321145
-262.413595162495
116.732505086844
-140.641558661641
-48.3811451096914
14.5841996504243
23.688374530023
10.0621254726827
-219.776063625908
-42.4144061275031
-13.6967590443118
83.9263134061042
238.504549921939
188.57783075521
-26.3850215570086
-202.392961810767
-45.9838951719437
-586.780990003915
-1779.72244555721
199.004329463272
-155.032725035171
374.092721922016
114.435680919987
-300.93147377077
139.75117461993
135.180434755613
0.603685772869726
-3.25358849225188
-1.23097197482598
1.62932768826052
-6.46420855660974
-35.4273284638109
28.2197710477352
88.3435827170232
-110.709972728677
-5.23730059952062
-5.87910176422285
-5.54272666016395
35.8987974228256
31.4641004624312
429.844654488603
-12.2309078687444
-108.145006196672
-2.64552131656096
-96.2614644982675
-65.780165385242
13.4258132741988
-45.0243465457966
32.1156536787991
23.996567221771
9.19144125374451
-27.0151052969842
-4.83233650802015
-37.2324122582577
-37.4119619773355
-7.39464684003303
-83.7670511944486
128.477635270957
125.301595856219
-11.668820282491
46.3902661133105
-84.4543683902505
15.5955947112721
-34.6028918976121
688.018123149636
-236.854384056891
71.7480868114385
-332.206256102297
240.087406792582
101.928814465154
-92.1954629106748
381.181077302836
13.0743864333798
-35.6541920723284
-38.6389560485527
-230.802376115403
65.9437229415905
-229.970471895543
817.611828446927
-135.556282413223
310.30409667762
269.075688963377
-2.65765306420413
-2.03219926038009
72.6409122650884
-2.17758919694762
-153.761586469379
86.2177375800912
-107.919410833474
-21.7813030346539
1.18608575046623
431.005005499172
-184.402024824839
-660.638820632516
-7.64562787896713
29.5059613024915
47.3461402708191
102.192364015758
-8.49398801676948
661.016384759069
-14.6674588082496
3.52075297789884
109.605293141963
97.1101306346204
107.689142636915
-415.106257945179
-160.252564409352
-274.658793371733
-216.601458743864
-27.3042048069482
272.750455687738
-1779.66707960677
-1294.00696385754
-637.307192673035
463.727215620898
462.476981867948
545.268670635597
495.493842586808
-1553.28136394057
103.843471508364
-35.3603081460452
118.923642437009
84.6822954767706
87.2197122046725
60.305195924365
-304.073192448817
-107.302522921237
-134.714399830742
45.4096578113675
61.9106874195083
-645.203103446755
-337.584532166539
240.836024598973
-132.667185986928
79.0838905555186
-12.2201230092178
-63.5566541899897
111.770927494499
63.4488811920915
-46.6919620519105
86.5990111652816
-50.8309178598238
-56.1715421282853
-41.7530776330548
-25.543255820381
-9.0171488349069
-1257.7906845608
-91.4378773494428
20.3619015273407
38.8781036115163
-21.9008382275173
146.25171368782
172.757749616733
-33.549082106311
149.021325817219
-284.721194272183
12.1852095019741
-88.3485986991123
83.1507035025463
29.0844122195954
-9.49939847251333
11.0303717240526
144.889765037761
-35.3635477037825
-22.6999125923953
25.5930952084595
-471.158104762085
-628.750815521737
-472.900132489255
-37.0780867390993
-8.82008759323109
76.9289005251385
-37.2195014197857
23.6149419908941
46.5692458995475
-4.62324569188716
58.0012112884219
-20.829114809458
-77.7184099400712
498.826715714124
-4.73131384835665
-14.1975904940188
50.5280196403122
-151.134338282507
25.9789302235734
35.2448567430819
96.8700618289837
6.66115971396166
-189.32842451026
236.593337569081
43.1616572082435
18.5996682474048
458.451905532997
53.7762224783941
-48.5749630377893
-20.8496837224542
-6.34544367413778
-8.90989369470922
-1.51581540354865
29.2269564566936
-16.2461406226562
-1.83700884567402
6.32624350188707
-12.6627992230911
-182.785495499465
77.2495655555201
-2.89735750418887
-6.55858467412028
1.56184893608182
-3.40928821279088
-7.51458464679537
-5.84601906549795
-2.60451813341795
-5.94921133217143
0.688251572785715
-10.3074561399204
129.79245953945
98.6202486946451
-193.381762665299
-373.32222811174
70.6754527738486
261.878170730417
2.65876737615726
0.517451098317889
-3.41555948958131
-35.3695384922343
584.133686631966
-69.2274390326579
-1752.91233557499
-1913.64334836775
0.365862519386035
12.5047231710839
-143.62114146391
-106.704539163468
14.0130967889415
-32.3602948654898
-189.231405697685
-87.4558042129088
-8.41020761835231
-24.1412326473898
-24.3061761846091
-57.738865497692
25.402528820169
18.9627460955511
100.353438688199
-264.830818119683
40.7998472157112
52.3810730668989
42.041930769291
-53.5306326553144
102.541495985858
393.313129314848
-139.672294704543
-404.479945572101
-130.915905031981
56.1089333095307
-63.8964155954359
-19.6690237148804
-10.5104796681278
-51.5580911891437
18.6488276226818
-64.5470543841611
104.194362501573
-24.4778352519797
398.536805008119
-923.191396019317
-934.08227743183
7.43266422176664
21.2025869199367
-188.992798615014
-16.514183148941
-754.222094256795
-488.709476131935
282.40114323755
77.2311695108768
-189.254625216349
-74.5501559485409
17.7309638679546
-10.1847649489331
13.1095365177963
-28.3139366215881
-205.096481195054
-120.519474044857
-244.416287056281
-5.68646428260433
154.381375225484
41.2725034916588
21.33540378954
-4.79002642599776
-2.21959527395986
0.790762180139057
-84.2179002489093
-4.09762025619941
-38.6679286653803
2.81337666354811
-185.41334191394
-84.1823297501666
22.3252880462527
-35.8613657254969
-15.9953191752942
74.8351965608153
28.9297327516984
44.6569768332584
-103.024170170731
14.5526415990598
30.2143402239472
-61.6873954152468
-38.7281666291405
163.749839408094
447.874712830448
-350.885191309609
633.249412261821
52.5037157985332
-273.479246986232
307.07344199369
334.57687779299
352.491667334439
30.4480290601594
-4.78921272287193
11.1083698392506
84.5327839101006
-43.5253439239231
10.9026284088292
-310.971174385187
-305.829826841688
95.2669264129122
97.5689411935227
2.85932777328363
280.31231643521
-19.3110830820132
-34.1176431584492
7.07483290642857
-69.0799324884347
-546.471132595137
-3.96463442349389
-3.01992428416814
-30.213103849317
-0.262968196181144
-67.6903246641335
-114.726928797202
50.8482847505561
-1.93488457246237
-115.687147983566
4.7889268225422
76.9272619127861
-63.4309772504075
23.3842135432773
-5.70448760794771
-10.468017755636
118.034504376121
-274.638683109146
64.9300025310271
-13.7955371728012
-3.00889548908988
-10.6803999963972
-42.6917730764306
170.975359175646
-725.070740564958
-6.37463659416673
-30.5246287724119
-23.4918645188768
369.630796286261
-36.8333722475284
15.7762052409776
383.050724852305
-73.2876646437672
-90.5224944817088
24.1504256298482
46.6815652248534
-165.696783565765
-170.184277826509
123.332932496725
98.5063980137408
105.739355316289
77.0188370287626
-1.66000957728531
56.8279484099863
153.381163226059
48.3834029424739
-0.552850749139528
-0.496880562263276
434.266626135065
-64.585621879696
-756.375948448767
-299.439013927315
-71.0637932739905
-16.583529271366
119.649346888938
90.9887801669635
1.45149121766849
-68.2251169831721
17.2569484680774
16.168392535805
140.571311594297
-45.8618920198294
23.6080305828802
-249.629249591822
-66.6043420540741
-4.96535930835057
-2.99144336182516
-1.90795900284949
115.1559017548
-249.037909947182
233.794168430392
-76.8517312057583
-124.041208653282
27.9289603420157
0.0137036716540043
5.0537535509999
38.0625753031701
-8.56051906487108
63.3428476357481
-14.3132392659717
7.07218979142777
106.586048307977
-63.653763046808
-219.157623270061
-7.69330759648477
40.6384730863989
45.9300261863994
21.8584062937601
40.1614678378085
43.1401072259467
153.755354822016
-41.6743552096674
-53.6020458481482
52.2543628694899
74.0741744179772
-220.096342283101
396.975817815966
132.643829744954
275.657598348054
-8.00322099903729
-23.6090306673469
-5.40924196199292
-54.3761255880326
-198.478865341007
-195.765435246928
142.2673320323
112.053601967138
4.92370612320783
-0.477613072709175
-244.272257939185
176.740355895021
-32.7576867751669
-101.509447820996
-12.3979439914622
-68.8048785197869
-56.2541637340246
-4.86060356533609
-16.9264162628481
-69.9540610201702
-23.2486434158434
77.217146410014
37.5465462856243
-76.9387699225704
-29.4845055527706
-17.2700551483846
57.1927394677557
4.9459591241727
92.0066200609525
269.066040605588
-25.0717973496719
-35.2498087432587
-27.3921292862607
128.22378975442
29.5074138665823
145.908603255602
35.8988356332893
146.793842029042
43.2853530527023
25.1028801078584
-1.87798911584387
109.109780183448
75.7336339095162
-168.257181300589
244.546496346934
-127.335953389142
20.8886062233958
-130.022267574179
-165.903599430454
-509.839549799652
72.61294143846
-159.678675096603
-167.878246544554
-32.3989380176261
-78.6434823543517
24.1822538218189
-12.9323092155502
-68.488886404142
-28.2002458502
-80.4747736647199
-3.11535036944638
-970.639472292345
78.6527473916482
-992.592331246546
-476.49704659923
-236.825212578884
-383.612800544551
-360.326247822671
276.902391294191
872.791600119339
500.744674664006
88.8867605378759
-114.987873878101
-92.6933047216871
-39.9326123748109
35.6468472900205
331.150243924099
205.005833362063
-157.513605501888
53.1080215984271
0.511666279419991
-17.305006778997
-906.770008617104
-60.2158787182236
31.1557977528954
7.56742011913624
45.5933484244395
46.2583152421304
50.2749850353419
-38.8564014213033
190.792358956722
144.019226755607
-242.239711916784
87.1256264995857
104.693856551021
37.2260009814104
66.9958982390328
-26.9220163437211
-7.66691231515911
-33.1959872577923
345.925791918646
-82.6278465598317
2.71758162649253
-1.0789188703223
-5.01212584269273
-64.0247577385971
-0.93124648392122
-1.43510524537482
-8.5464031956584
-2.14146951145098
7.91075950107424
6.50715990328784
10.0221308659301
-1.79097449496126
-6.8654257239479
-3.07873901417454
10.1433115647893
-0.526407160878337
-11.2315045747994
-3.58734595371619
29.604900060021
-57.1985898668601
-1.77940314966571
-341.449800873861
254.301605901574
308.293417837059
5.0328675134967
0.884723247742718
-3.61559085179805
-23.3616175117671
-4.96203139534224
-2.12704516351124
253.10418012576
-56.0337050356692
-857.79724100459
-800.577752425394
-282.337289461864
-601.574018389326
-219.833850018909
-11.9466811887957
-529.038804140239
74.0533516437028
-143.207572046796
-6.02421960341526
-2.61694246232562
-3.43755916315536
-3.9691657266321
-3.02746476637345
-4.71818657594357
-12.0384694450133
-25.2826770139378
-3.7628716548728
5.53132688961429
4.47527662430908
-14.8654927328179
6.42066515029863
-2.55084344301192
1.01365239144723
-8.87575019490819
-1985.85266237203
-921.127103603879
-1862.05046622302
58.1346102928132
-324.76751631985
-5.69962028568333
-6.49955963774276
-0.607240462745386
0.268170004963119
58.7652460726101
-206.211478382988
-2.71960621863263
-64.4380351794856
-66.7654905672449
-8.01094728737316
-8.44958952792964
2.50780656476881
7.21488090756925
-2.38730655341648
-1.19315172069723
-2.96309906650229
-1.74008353203617
-656.583311903698
-14.5890649676183
24.4997990797676
-54.1841342853852
-0.405423738015364
-1.83605571437848
-8.29426891138603
-2.6679660451063
-5.04532229936964
6.45010311003275
-23.7972401622522
-30.4960580800208
442.7520912819
8.84579846209093
-5.92993122821672
124.040951624247
108.883432092757
39.3365622860859
-2.94298276504473
169.928709725283
597.769157735089
-9.75334617165636
-12.7340648234718
1152.43523284758
194.152236893027
0.675442425907316
-14.8599499026455
-8.72568245445127
-8.58087402476049
-403.739863449009
-39.9307408484588
2.77829615246541
-1.75947022239626
182.588016552107
124.182899735278
4.87234691734787
-9.04763334826178
7.80448193274205
-2.52447164718078
-2.60098554261073
-3.58773307069713
70.2650047690127
-48.3442735021185
-4.93538707115143
147.791421545196
-91.7804088080589
-64.9619855753606
6.14296259597367
-2449.28860602328
638.233041036293
-84.9570741814669
4.47341752599536
-29.9445310839854
-8.48715589721157
87.0488919519797
119.80620097199
302.449458205055
-10.0484369240461
45.5086642794899
70.9045488586244
893.173886503275
-60.2248508110935
-164.410519905656
-102.845307993443
40.3354837127073
-63.4929622685891
3.52570451104981
-33.5520515241332
-41.9414632421379
-7.25381279345327
-5.90247548777923
67.3084751231077
152.321595616529
121.575385715149
299.656826865291
-235.460212623717
157.352051976021
669.563098825386
669.563098825386
1338.0235376732
1338.0235376732
212.767060265209
164.428767702384
-20.1147252616238
296.708365694918
431.40861684428
-239.639887237402
-247.731122535538
-180.886182106707
154.172888183616
27.6805347525006
40.3890011704788
43.0690233467573
-166.599424791693
101.222334005361
-18.4202812193027
12.3798694705774
4.80614317143036
335.504607428223
141.813634939518
104.761956114964
51.4116464523301
130.893734410711
-49.8289888677887
-65.6820264687978
16.6142170828914
-17.8361074638324
258.305448557322
130.468269797054
121.047449547484
-56.7336725880374
144.197880863417
119.70605118111
58.8797618552741
77.112941834046
367.331094840922
-309.236971174647
119.921125024028
-10.8541555055215
-320.3248131407
-116.361967506063
-491.95360481638
-269.753808869557
-21.2758920185344
-7.01992588034559
110.533342604688
-172.217578463096
-29.6445582349287
-66.7588588150603
75.3356678890909
-80.5540117299609
-157.62449482107
-8.95034973836263
-9.96650279193727
-367.96612655195
-26.4990633893328
9.40405726500898
53.4012800530266
45.8258298984504
527.490329848761
-329.829331676972
-31.1583442449219
-6.93340587328589
59.495499570523
53.568913945648
63.0566758766935
86.7932200051524
56.9275631140178
49.4304153464811
-1.71746979986328
-166.468406739897
87.8022220074131
-4.67030495465597
-19.5492634338474
-27.8157341815961
-5.77986774748609
-81.5869765835037
-25.150974227725
-4.70529508082586
39.9730670022257
-128.054321382506
365.026687941657
230.465581685939
25.9411485785072
-103.998024978151
-70.4348864665102
-222.68757254804
152.835978229043
-7.31277463369646
109.956859305811
-29.2595801946108
132.949599988069
117.295513888816
-21.6827948041349
-8.48894124700282
5.27634690465087
-49.1479789950007
181.183064396176
-37.1570941591032
0.136871843878119
0.439112743602532
-11.7131061456736
56.5577729322004
20.5457322567802
-2.46000456921698
4.59391641207255
3.57415402997518
73.6537925252785
-35.1373477344265
44.7337584257603
41.0780226223618
-1.94978811122546
-30.1645825055019
-11.2475139044445
-2.2775302892014
-12.6879766928376
-11.3012769178103
9.39235328641517
-20.9228722467969
-112.53773192326
-493.432357830668
431.510252579687
351.278096254625
-89.6108786510401
422.908014978197
393.290542023755
103.693885643199
84.0311366134457
-480.47312158155
-547.054793310604
-156.745342128068
-38.1013278154227
171.395698884602
105.35359279142
482.108455299773
-289.340073725179
11.4534717830933
0.648253497641727
-2.08967145548204
-27.6828688549121
137.428606879118
106.181091445335
-10.4759583652191
-394.987450636687
-247.772796652592
-1.94933889176999
42.5022625961119
-117.390083192398
-179.053022952797
13.4347231267257
-1.94679145051319
-1.554444401556
-80.3097841889779
111.090450728463
-32.0077404061285
0.871142767457147
47.7127329276347
-42.393781693086
-271.110886334694
-271.110886334694
-835.373623350361
-4.73883307515736
23.3246224325848
-4.23317289555113
-55.7416893716834
-115.481241518093
-28.820743789529
-144.609258862709
-4.67120397837666
-11.1546497898775
-0.474851436556937
12.6060520700979
22.1583857134983
12.4674940690826
-203.38325911185
-40.1864875988547
-49.1151212021131
9.79339688563382
-14.7853408208179
54.506140318909
-56.849199218958
-120.269551775989
4.57527192335161
22.2082727444215
56.1019832627871
116.116625198434
-32.2787558039673
-280.891461545789
-1.35357729374812
-11.3946478918779
141.097356369435
161.492558099531
-89.55808923564
-0.0744257999682811
14.0415760805265
-1.45692170072215
49.0638790091809
-80.5631795999044
33.9468221380958
-2.93447460823711
130.611525171466
-143.152206354648
95.1455253811427
5.7598376185308
108.311484524528
-362.442187438049
-13.1729338643593
-3.99590359906388
-2.01918253563852
-10.9005546266798
-9.59732865800907
24.4830781986317
-172.288722449198
-18.5537281261809
8.25173167199307
-11.1984445624998
287.209666115182
-1.07870959915718
-121.688500213871
-236.658911278035
4.6534598169136
-9.23472043261138
-5.80726905307183
-183.915801393237
-79.1378302412894
89.5201229646577
14.2644110836428
43.8316170868214
-455.417039612822
195.663157316668
150.149390324478
-60.1542975948885
-101.315326284798
7.48714922922083
10.6566488988981
-120.858892875368
181.553765037675
18.620217170172
93.5436694964758
7.3405219859431
157.313797811754
234.16746461911
299.644857271837
196.674042679421
-201.746068582408
143.072609747734
50.8170374175999
-227.187606248654
9.30652831918452
-124.122486685458
-145.366126991412
0.226597634468661
-157.002495681936
-462.723979686361
-423.313342074889
-234.437762094291
539.129634379839
592.084847310196
-88.4141255102056
148.472907002686
175.806936963459
-367.137954469148
303.195878684516
150.597375294343
-102.014411055885
62.6499833837353
-62.9115743449659
-13.9885343221028
-42.8326094457451
-126.040908145861
-111.884603081193
97.6871690458247
133.461011762689
57.9787037513666
216.063066516721
-17.7894424861463
60.9146247248556
43.8410080163452
183.191900952268
5.39353371858756
-4.30794690848428
-14.91318325889
32.5017340288728
-18.2487380875604
295.561951812723
-26.9185986060798
40.5023905419309
23.5890333934941
32.8063781978629
-64.5580491082866
-45.3943029254233
9.24664595373273
15.305142643283
21.1486667961743
16.4204946583534
-1186.46729570773
97.0436154373505
359.977890617653
301.395441803395
397.990503714462
-12.6237348073902
103.313911257372
-133.228932888437
-309.607880216875
-11.78077709713
-40.267548559036
87.5300445843803
-175.754491776943
278.649536279575
17.9058841103563
130.209029054242
69.7169778587371
-9.15590966069904
-75.3186403847156
32.5718295226406
448.579558058371
-42.1372288720821
-254.629224883788
-208.272294459771
-20.0028298462199
