0.000531716591485401
0.00054732745675271
0.000469193769395748
0.000522689045684778
0.00048809065191954
0.000488136463509766
0.000564771996457566
0.000416609732130418
0.00041526582454355
0.000464584440084871
0.000577637337603933
0.000585905520968341
0.000623254706840137
0.000503665870923333
0.000592481668138909
0.000444549772036638
0.000487965495812994
0.000440453888731216
0.000462769015864736
0.000649786078463385
0.000543551001843496
0.000465323978715425
0.000558557920533912
0.000498924361851015
0.000574982534555089
0.000551156230165653
0.000531501092019118
0.00053830582615065
0.000454800726998004
0.000624200886749951
0.00057656965677712
0.000868231610193981
0.000524019024855116
0.000464473088794819
0.000548132635948089
0.000682249742248915
0.000683219776546474
0.000517778820645766
0.000547304014765001
0.000596693471502099
0.000573567138172585
0.000724681108010264
0.000510304502230814
0.000549383366930678
0.000589983416308476
0.000728154243070551
0.000708591533937373
0.000612642043773746
0.000575526738751093
0.000615903344384294
0.000728624334915745
0.000572590466728016
0.000647996908094401
0.000532171501307196
0.000677824502310013
0.000745721911262427
0.000627503563453752
0.000800251175519848
0.000587621972701803
0.000629432898353937
0.00085032946845038
0.000699735790262442
0.000895690947193591
0.000880757881458347
0.000843160133634024
0.000842503921481315
0.00090167837481634
0.00105733166573406
0.000789462027825431
0.000869664457280659
0.000826198803978322
0.00110800774389436
0.000789765000911796
0.000683240553752432
0.00104486791500121
0.000802368257435882
0.00114039366396648
0.0010650730867262
0.00081561970229688
0.00101442828459846
0.000882332546305926
0.00112401318088882
0.000969908517680398
0.000949683342067546
0.00105123510747878
0.00125189810287176
0.00114092271553351
0.00115047324398286
0.00092473656120333
0.000882478586691139
0.0011716190581817
0.00113703472920616
0.00106103653144366
0.0013150444429059
0.000908721007985563
0.00118289031063074
0.00117209607057583
0.00115680863106262
0.00111044540098113
0.00083072704948281
0.00134420444193869
0.00131597034206487
0.00156254728973387
0.00128551887287233
0.00112523618530729
0.00129304042349509
0.00130083200071901
0.00136765690650306
0.0012975141701228
0.00162575335670403
0.00152331196569876
0.0010302055509367
0.00179449980349466
0.00141852036908329
0.00116516874145441
0.00159141775575613
0.00122976818608364
0.00117285077104853
0.00140755841837534
0.00126781412938401
0.00179378551397323
0.00135409987294727
0.00147457369560652
0.00144072115433069
0.00132066574075457
0.00156140703273095
0.00124481554018627
0.0014170417902587
0.00148854553570993
0.00150910604951373
0.00155750668627145
0.00149869110178385
0.00146198013241474
0.00167590491146088
0.00149968120482488
0.00146462933162844
0.0015218667353576
0.00196376595396064
0.0015699652152591
0.00159871615062873
0.00180801316496851
0.00154923658707378
0.0016627885835653
0.00187297506803047
0.00154787442301492
0.00173571391894772
0.00165082149653945
0.00191421528881275
0.00172721670980639
0.00175957769562439
0.00188194869127466
0.00184349953597805
0.0018192554205177
0.0019133622533958
0.00169560800976918
0.00156347129207672
0.00176196366813005
0.00206679100491696
0.00189066801288836
0.00160404710742989
0.00184121781222502
0.00181190701257995
0.00192903319653952
0.00159401361124023
0.00193037187212272
0.00217845155664577
0.00185180103068471
0.00186940163928608
0.00228006171385922
0.00153801223121531
0.00188353116368672
0.00192922771388457
0.00214260630911917
0.00211190068086135
0.00197852738722906
0.0022550763245638
0.00224933132155327
0.00189585995549323
0.00203729948988057
0.0021104755834422
0.00230399408009361
0.00191073176216345
0.00227128651256614
0.00195554140657668
0.00206499352583106
0.00184624111962953
0.00217174419224362
0.00200206474721749
0.00177395309406609
0.00196283890558821
0.00275657200573101
0.00181108851741047
0.00242671846744651
0.00184271719120851
0.00177741227971972
0.00188629284667757
0.00198226653592211
0.00209928381775538
0.00199808696043274
0.00185202444481325
0.00172446386383295
0.00189989235991217
0.00188021715740219
0.00217547826899118
0.00217243681396336
0.00192307921505941
0.00183883591691314
0.00187530024988307
0.00216990832698963
0.0018668073718025
0.00176731028239365
0.00207265818160022
0.00223109694583752
0.00214122283737067
0.00210479051326372
0.00190725332718485
0.00190717984558688
0.00172122027709996
0.00221875252369969
0.00181479509860245
0.00217848925134332
0.00204014465363095
0.0019459237950705
0.00241362263309078
0.00197567741362071
0.00164121962529954
0.00205419381442339
0.0018257791866407
0.00230446616261183
0.00174933064014713
0.00218958985426758
0.00199759016256399
0.00174743167116573
0.00183806537266233
0.00163823426283937
0.00170813686601858
0.00177896498308094
0.00163787593141898
0.0012921563083751
0.00156728847128909
0.00225440700218093
0.00213898604894828
0.00140606782744902
0.00108728632676968
0.00219942100208088
0.00264406912950137
0.00180645859567098
0.00199862929160096
0.00156839398918537
0.00143973035858798
0.00232329491910268
0.00211827212291288
0.00292234071176952
0.00196752404342145
0.000929766623489186
0.00188174458063248
0.00167580791679177
0.00226064808627641
0.00245256803949935
0.00237945206667236
0.00221739066002271
0.00152016471842361
0.00151133052983907
0.00150140310225365
0.00148993990439489
0.00136618261494206
0.001708092069868
0.00156829182496364
0.00134098736825732
0.00128111674128481
0.0011549858834262
0.00132054299703345
0.00144673704048145
0.00173495307400616
0.00151425321925504
0.00138421825574318
0.00123839415780294
0.00164084669162863
0.00132722379507717
0.00129910438859454
0.00108080423332028
0.00118537383617456
0.00113521356381391
0.00137352454983085
0.00129922551510805
0.00132781646754555
0.0011109096577167
0.00123565601910905
0.00128932188955249
0.00117734726113745
0.00120571612132493
0.00121228776220783
0.00128052894269044
0.0012115621679902
0.00129896804614564
0.00110923828132533
0.00111069102113155
0.00116301678391034
0.00110408361912624
0.00129720062671487
0.00117460456842535
0.00105932066177702
0.00105823549718613
0.00115962207980583
0.00108922788441326
0.00099068060186792
0.000973268270036572
0.000974807221703607
0.00100695364523631
0.00103919573403197
0.000898505894597884
0.00090514364009344
0.000854051170115243
0.000921173609261842
0.000907167474323397
0.000692725730011694
0.00100349845451697
0.000814400259253843
0.000748231504466569
0.000851682437828482
0.000834449739753572
0.00107002530012106
0.00076085926541197
0.000955596664683525
0.000832506409773447
0.000748170538322764
0.000905490361609651
0.000867196500423391
0.000872243719781682
0.00083228331815649
0.000814354180677486
0.000672507559888133
0.000693660027340924
0.000819112651342258
0.000784477649698903
0.000669624064988385
0.000692624606624237
0.000537690808472248
0.000610834670709989
0.000846158529848981
0.000752026619394079
0.000934694819251947
0.000593595998274705
0.000820659370903922
0.000715373928365849
0.000635180037756263
0.000592447056007822
0.000591479075598537
0.000560091778195685
0.000596419494371579
0.000599169707901645
0.000470331444040918
0.000527313218010992
0.00051061971045582
0.00070067251789038
0.000621776921758004
0.000553613687502762
0.000502288425281508
0.000559655523857037
0.000488943831069875
0.000610984719971846
0.000604123624913595
0.000621094323626498
0.000542917754232535
0.000533006026521241
0.000646672148752534
0.000460264470515137
0.000491590023746585
0.000394925527439847
0.000476174569323637
0.000420338011221573
0.000464418933741235
0.000396325776873905
0.000523042286888536
0.00045901526243076
0.000334705677229065
0.000481448122316898
0.000392844583577933
0.000418190579625023
0.000412453207148837
0.000419937545917794
0.000406448672452205
0.000449474343131899
0.0004262863907819
0.000313408567558818
0.000399490615569265
0.000350488072119412
0.000332096243224047
0.000409140276753114
0.000456522164613492
0.000411492334889256
0.000425252596579926
0.000389595105138198
0.000307375290789726
0.000345964910405158
0.000323628506576941
0.000303965608938621
0.000400912796872463
0.000308669891152687
0.000279860922969503
0.000230799287837481
0.000252925137387432
0.000294153323652418
0.000258307371393017
0.000213799343598973
0.00023840144949635
0.00026475047883047
0.000233863408839371
0.00023508988461604
0.000284691845185671
0.000245282565754638
0.000209291930400055
0.000220243447590749
0.000305825245662747
0.000381350145985315
0.000182226372358634
0.000228901938220668
0.000309018464679981
0.00023325539396965
0.000270803514332479
0.000201180548987379
0.000295906602577181
0.00028929155673975
0.000173425836361518
0.000252199858372241
0.000230131329838647
0.000171343418506331
0.00018121315113526
0.000212848761923338
0.000207485148972112
0.000188430270541556
0.000162332916946808
0.000151173221256494
0.000215959520014568
0.000218485039384295
0.0001769548831145
0.000201720803359967
0.000159518459895126
0.000152615825814942
0.00018811982242672
0.000202418659085669
0.000187028905892742
0.000198400734710018
0.000131504749044332
0.000173142017933197
0.000169287022878841
0.000212805785913407
0.000187863519053113
0.000138250368933257
0.000163113636177867
0.000174304993800214
0.000169108521678691
0.000152394174993621
0.000131999767871778
0.000146725706537085
0.000192191839357336
0.000189283827377609
0.000125955701506089
0.000163027080692255
0.000117466495018906
0.000138382948149974
0.000131851395673045
0.000150277509666166
0.00015069584227775
0.000148766541896483
0.000144822502255134
0.000121944985985593
0.000124862137948421
0.000128366672224574
0.00011177762202069
0.000153979138824408
0.000156122619366486
0.000198179438014954
0.000159498895042812
0.000137825281511068
0.000134758405689155
0.000146150881006732
0.000158347720863355
0.000133177792373096
0.000103541631481306
0.000127176625158129
0.00014048588983063
0.000113166552638911
0.000151905105889897
0.000124709538754311
0.000123812259470822
0.000123321379738619
0.000136425646913232
0.00011098827858689
0.000146274393551773
0.000158363853791168
9.83540820790693e-05
0.000133947864563631
0.000107577442914274
0.000103134368439507
0.000146422484533593
0.00013328923148201
0.000119925005960945
0.000116596497341123
0.000127552775166175
0.000108794060470234
0.000110798464367309
0.000175346823865029
0.000144125728453165
0.000140969034001515
0.000136384416769059
0.000173458297924689
0.000149033956324814
0.000117140070757394
0.000115624919944859
0.000122378659894934
9.43911472982716e-05
9.33514867133489e-05
0.000117885212151075
0.000116818433634846
0.000113976961733963
0.000149759499040062
0.000138661628343991
0.000109731447094167
0.000111770921476334
0.000159441096223117
0.000130508731626207
0.000135069802384033
0.000107918477050118
0.000107799042825272
0.000109471564585948
0.000120223690415094
0.000141758937962853
0.000145441122153299
0.000136400376512634
0.000121768537241197
0.000102687595210336
0.000133551484727702
0.000121983926965657
0.000133148500524361
0.000153431548819354
0.000159570030611877
0.000120601026695221
0.000141960795751628
0.000153644031309939
0.000156598435724171
0.000172165191656328
0.000143130478985689
0.000140319532846181
0.000101286774436514
0.000150407781595728
0.000163447645667521
0.000214442381150187
0.000126615256137711
0.000129556846450112
0.000150664610787478
0.000170206305351486
0.000165759683834462
0.000123566379408762
0.000147738798539721
0.000141971654290479
0.00014567894650785
0.00019106478406503
0.000115527945682638
0.000159591654198319
0.000167788159573457
0.000193602199367359
0.000176515130257368
0.000144214445381285
0.000175553632568463
0.000146844821179829
0.000170970321009938
0.000143239438277368
0.000152798725019502
0.000163115209054376
0.000162651887804166
0.000182255268571408
0.00012511129678017
0.000228481851157942
0.000163079506790982
0.000141170413459454
0.00022729096998048
0.000170887277275679
0.000220749126606877
0.00019910382345927
0.000219747493616673
0.000253657630247466
0.000218536173889598
0.000269922095255671
0.000154422347158267
0.000227591141087124
0.000226438667785205
0.000293217241412438
0.000177185661085586
0.000172096510422501
0.000286107847083349
0.00020747400117324
0.000336548333642735
0.000263435100112625
0.000221092888254214
0.000227965222422262
0.00027796903875334
0.000268856810659302
0.000268051661478193
0.000250666842135398
0.000278152573633297
0.000346639547879516
0.000314068128955083
0.00029568958120955
0.000279923767898886
0.000226204457947219
0.000284056483354387
0.000306468479581929
0.000261732199547749
0.000309956495365949
0.000206680967269688
0.000310540603198503
0.000316997642362085
0.000331507580628956
0.000301881360612854
0.000241477885061029
0.000333960117615088
0.000374211741127336
0.000419714234109843
0.000396697986085208
0.000273293241820787
0.000317385791096222
0.000370013480932507
0.000378296357966334
0.000432481177553464
0.00037097204026964
0.000535619999255309
0.000272607117118088
0.000531284082103234
0.000408066970860745
0.000313987722696417
0.000473350032940373
0.00033949231878368
0.000289767592813204
0.000416403838100555
0.000416968613044933
0.000528856717422287
0.000464918576960573
0.000443012168359062
0.000400774869336519
0.00038885580589603
0.000549914683695918
0.000419181470232818
0.000403923910872288
0.000429046146161627
0.00045525904753058
0.000508772112589191
0.000506434776256218
0.000458552173779299
0.000540817238199739
0.000477637957833192
0.000516309587242999
0.000476925264994556
0.00059335754181426
0.000583424495946003
0.000560919399248862
0.000631016626071756
0.000575948868223495
0.000556159582175264
0.000620404395072669
0.000467983961477146
0.00054850184461081
0.00053967862441065
0.000667384159907917
0.00058039836485505
0.000620505354762444
0.000622797982577402
0.000755389692386748
0.000672086994973794
0.000677129399970213
0.000653595756447895
0.00052392665920013
0.000591648215335612
0.000757773015882303
0.000702708670892101
0.000631911716533882
0.000771765553747326
0.000701878396610195
0.000709625049670141
0.000624296027091776
0.000696919801296216
0.00100693306326916
0.00080808726176297
0.000738968178919393
0.000851337016482396
0.000765059583994477
0.000898914335728133
0.000865480817082345
0.000768242607007203
0.000790251486607531
0.000835261833754215
0.000952359563421271
0.00114801002828891
0.000845315179546427
0.000815986026467848
0.00110321390006325
0.00100985364123524
0.000924411269728774
0.00116088568218428
0.00081408725403958
0.000989917528479714
0.000867545030965353
0.00120571642512355
0.000930094543541246
0.000906930711972389
0.000885162033598605
0.00154376235495232
0.00104516189263473
0.00123563745905861
0.000953513051100627
0.000957928130553041
0.00105128458385455
0.00110791767803357
0.00116590773571377
0.00109272757169891
0.00107162363736563
0.000915194794480573
0.00104990126613078
0.00125728314949158
0.00130681984481745
0.00124685391796428
0.0012867299214652
0.00115566499372482
0.0011925155296104
0.00142319806167222
0.00126933517951703
0.00112447334580869
0.00135634807664481
0.00140274990734514
0.00140785710097835
0.00149045379771425
0.00149754072638485
0.00119648178275288
0.00114622059083739
0.0013760747747421
0.00129964521112478
0.00159630530213682
0.00139345127714005
0.00153546621371465
0.0017760227842594
0.00135550069766757
0.00134276908376944
0.00171364425485526
0.00149473734524507
0.00205542035144826
0.00152254403121246
0.00175653663905635
0.00158770248353794
0.00146758233498961
0.00178504399259938
0.00144026852744167
0.00161157004689361
0.00139752413118015
0.0016292622762042
0.0013419354387561
0.00138718261552365
0.00267995003179833
0.00183078619366582
0.00133553373527735
0.000933080426857078
0.0020166763968553
0.00298355005587129
0.00146445701918364
0.00189248979820351
0.00143054108833084
0.00137938775876274
0.00242091961514557
0.00200144494610378
0.00292253196912491
0.00207497619466642
0.00109601423767018
0.00205609527252372
0.00175648359685568
0.00252108706321852
0.00261737522087033
0.00286085457313544
0.00253963128379509
0.00180592535224221
0.00205023154335532
0.00170557273703051
0.00193221045755442
0.00191110704457438
0.00207797226914108
0.00207161596993945
0.00186802070621032
0.00164464840962026
0.00177417035103947
0.00190191661531741
0.0022430473763249
0.0025070631109986
0.00197232249757375
0.00198683026325615
0.00170674096137785
0.00215635980411831
0.00193563961646155
0.00183250038420055
0.00188803089764335
0.00186632931622186
0.00218711125090252
0.00222807174798221
0.00199127715488286
0.00183308685428394
0.00178526809488656
0.00194814822196969
0.00244478679079361
0.00212640064095476
0.00185870136136531
0.00205170070461463
0.00188065629098444
0.00216165977122384
0.00219833254401755
0.00194731942301741
0.00217536765647166
0.00195448478515542
0.00199726096653991
0.00213870038440436
0.00213315876844531
0.00208104435472408
0.00201456986412106
0.00224650502288745
0.00198849032021204
0.00201690059611307
0.0022129164214831
0.00216920202215477
0.00227755633750954
0.00195088517111782
0.00194490425730421
0.00182748169736209
0.00180797966751528
0.00207487053905061
0.00193543435359015
0.0020137388788258
0.00219168815901366
0.00195222206054207
0.00213597961759921
0.00175694656986897
0.00188211815715626
0.00231340089574161
0.00203008616650362
0.0022686442012896
0.00199975837112138
0.00172863248059189
0.00191323453621241
0.00187482861659182
0.00204624616874932
0.00198567082836954
0.00218662787373069
0.00173575522661475
0.00169989468064833
0.00200657001034383
0.00205241702975217
0.00163787503987245
0.00195959152902538
0.0014904069364207
0.00168272748409146
0.00196474580839174
0.00191694530959429
0.00198315592173252
0.00187133100056434
0.00200473988649014
0.00181775848968916
0.00179691932953582
0.00173774158674313
0.00182407316908312
0.00174830169776231
0.00192104216044231
0.00170939869944044
0.00152551955571357
0.00164367020846673
0.00160555244603446
0.00192392844201157
0.00167366606554511
0.0015453937055941
0.00157156390395594
0.00177603266437277
0.00158097562802433
0.00167936823305461
0.0015691261120435
0.00167901991862612
0.00160666688432501
0.00147737146371149
0.00162795536581034
0.00143848546015278
0.00131116301386438
0.00133028958695659
0.00167520766353054
0.00129235983450572
0.00161830617095572
0.00146240643206517
0.00167832698087298
0.00134589430904829
0.00131905905714069
0.00146768463537512
0.00132253269028345
0.00134632012634373
0.00142368943576184
0.00135757183008682
0.00148512389223108
0.00141323411979799
0.00141174022561274
0.00123361618481461
0.00148215816884385
0.00123024857993772
0.00121518530868457
0.00141249326092155
0.00126094780270993
0.00139917597552817
0.00130987350157018
0.00128415892767205
0.00112884961620004
0.00124883457525712
0.00108792580364244
0.00112053071103331
0.000999048608189726
0.0013032314341181
0.000966691871264594
0.000931991981664125
0.00108520992141604
0.000916100725769333
0.000933879824828342
0.000735617106425745
0.000842094538108805
0.000945241875557612
0.00095681173682938
0.000891756659138277
0.000886356290982684
0.000874929271152429
0.000765987853805533
0.00089974663090348
0.000946239707788873
0.00104564241065057
0.000764676506665333
0.000806750751293999
0.000894585729970797
0.000859051561129004
0.00095923501437077
0.000814647972205127
0.000966607460087872
0.000871741972832072
0.000714118586240418
0.000930149666339354
0.00075065401831948
0.000664675198060471
0.000770096983523699
0.000698376470431295
0.000865938144223769
0.000667291576074208
0.000741261622656845
0.000747152896149327
0.000658556027604629
0.000772341701951656
0.000565627510444288
0.000901301218723999
0.000742984186521122
0.000505831106495912
0.000846411535882038
0.000733465391520116
0.000776374035993136
0.000712381488249053
0.000572487103858364
0.000667990960796022
0.000654415613864053
0.000793453006477955
0.000759752851567124
0.000567020012682342
0.000644186073903912
0.000648092473572597
0.000645646559697509
0.000687389656476856
0.000635138441349555
0.000537177309874189
0.000698520298862594
0.0007816869620241
0.000575597966902228
0.000530070336962125
0.000462026225772251
0.000564530343440439
0.000572665960467379
0.000609115561515683
0.000534086919132394
0.000620786492390302
0.000580300945090195
0.000612251913611558
0.00050451158121784
0.000357142123756542
0.000520688562163403
0.000553831684920585
0.000520064740563691
0.000649690333929465
0.000536806995722399
0.000445083992598033
0.000588068301601947
0.000521051290552448
0.000528273645302722
0.000382839869734534
0.000406828034488794
0.0004593585341941
0.000536673234187129
0.000499285844813347
0.000436793627325291
0.000398515824520019
0.000474478936535425
0.00043873150624505
0.000561447484140986
0.000447271956900691
0.000476260521571874
0.000432046135535652
0.000330811258383612
0.000442188605157026
0.000453446228025537
0.000388842290185771
0.000453999831274228
0.000556330473047994
0.000417449025804515
0.000520022734278363
0.000456458649841351
