261.94136200084
-78.5148174782327
-174.673937422833
-15.4670466835482
119.820504554039
-24.1969243396903
-123.417387258002
-81.2331774244495
-235.692050147251
99.0386181990231
21.9521335444534
5.25152637278776
12.8635214669745
-2.06586596503922
-116.11119353874
95.1619916172707
-230.955783875246
-92.1651318118442
219.281406803864
-1.42526033766223
-1.07995274112257
-2.06586596503922
-4.50687664146701
-24.7024591370412
-36.6935978579415
-2.03684270545517
-81.912632880678
-193.791000846373
695.849590802961
593.171803538021
674.658771341599
720.785891383788
-144.094092760911
96.744956236375
-73.3086983309966
-64.4433893258761
423.952968320642
789.437030901914
753.242705088162
739.487114770301
-79.4885781031443
-41.0832381073876
828.227061157107
841.236666890391
41.3136639155288
-26.2948929036832
-7.64342397051884
-73.7832771983353
-47.2388694156384
-2.06586596503922
-54.9460990045991
57.3803424988765
61.9723430528266
-15.5589006237019
106.004097018985
338.41904747757
-30.0454394713754
-156.866318580821
124.351022067533
-120.441914282794
-16.6075846252365
-5.37650892147821
224.956637851069
627.775283788858
452.409233523146
-78.1835533923736
94.4754180244222
315.795296768611
563.192634115106
85.3321841800368
0.716578275831667
-68.4432954068993
-21.6947767927893
-21.6947767927893
-317.389078250039
-317.389078250039
-97.3068039932126
-4.50510039843613
-167.434290062324
-9.25212369092153
-51.2737230918874
0.579301910807999
-63.6448436270654
-219.154101026667
2.54851292415173
-107.275532578165
-220.174039510462
-254.243232281867
339.776680611294
-21.0299872164473
-8.69444557068412
-13.5820037021252
326.822811509163
-305.425891986893
16.1437373441118
201.746418030493
171.308111206564
-152.046833933616
26.1452338709507
-26.6392703612619
-260.477411219187
-217.199720045642
-250.027199627566
199.895734315214
-259.576589576878
-11.6665513997411
-7.52464560956801
45.2233149887931
17.3230726552297
-22.7247925165431
-29.6316431638303
-11.7244621800746
338.216684998305
-1.54403870678595
-57.055372619772
-72.6449248155726
-13.8203987346479
115.093330616145
15.6990189324084
-26.1577679608311
-2.63562389999302
-170.072957420474
-5.0697922997058
173.285835365997
-20.5130160382827
52.3459945710894
-33.2355615161416
-13.9839164190579
70.1010250742454
-395.355358652104
-12.7393149938457
-83.5897598804988
-10.8040456603569
88.8134102129891
147.236941350689
-257.005542854287
71.2484892696011
-139.338987453525
-56.131344341778
-25.4776994795744
-9.21527410505021
-1.08997205358888
-0.50779679135796
-26.5209824971803
34.5202186568853
-5.21872535027852
-14.1140717269401
-27.9203800342261
-730.06703722987
378.468060359255
452.864883331937
-11.9509507084972
-143.632482099563
-194.274533331034
-14.4799322206533
-35.3922308870994
-59.6383961950476
-165.515622418305
-4.47583315198646
-54.5424065089349
-213.178987684285
56.8439279769506
-272.35934638667
341.238959286977
1.64347246660367
-172.456279805811
-472.075371303806
534.05136192555
682.723791053006
361.895119510364
-100.418038085339
30.4853909650936
-63.888853321717
-389.032557070258
-12.9139623144176
55.8687721236273
51.2848799228584
357.15994969139
-31.7699160698879
157.920066468714
-6.62235373420204
-42.7667791329948
237.34520099084
122.539451807338
-38.586214648592
-60.3425227468837
-137.388695029768
115.211500041461
-110.013720785283
20.5450596538837
-565.331174973951
-19.7776421625464
66.0611183968039
-83.7142454959514
-579.900902735644
-2.06586596503922
344.550425969228
-17.2590664943625
83.6579901467365
198.494260853699
167.789344892787
12.2168198861621
27.2687473892757
17.1380887579087
27.3768327096224
-4.04423065618301
-131.221068645479
65.9421283849888
-1.17438585291073
-2.56994830076567
-18.6367944963133
-14.921277389873
-23.8406095498981
-2.47611818090652
-4.80873464219718
-8.52486463489489
-17.3788002477256
-21.9025905368598
-10.5682197454495
7.00431796370554
17.9293906034229
-332.644021890921
69.3699402660826
201.041440143624
202.853787109346
-6.19682675165674
-5.80794135630691
-26.8509448929483
-5.55813680871885
-12.2718719098074
-16.0099958556346
-9.07978877842443
94.3671848384603
123.278884576659
-89.4472362931528
-74.0979591576628
-5.65521388207062
-5.38562091025211
-192.44253770661
-5.1949111201157
8.11131092214092
-161.357497537767
14.1854959552156
-22.3327823098961
0.694628256090789
-26.7326444821113
23.5731977349096
-132.543857029049
100.158106431156
9.31595542256994
6.81482327474696
5.95533177143227
13.7862123195798
22.9932943563593
-3.93331357188017
-1.18645259116016
7.60707898815645
-17.2119131690522
-2.89798790637069
-50.8093471976321
-2.83152520709606
-12.6279384016326
-4.34755374061792
-5.11112135502818
-4.32235528845647
-4.5233137762034
-163.009493099179
-8.40601777902545
-7.541425403675
2.36025623248837
0.751892888155531
-8.56339270307432
-459.581944484104
-511.668445476794
4.33222804405471
-7.84431905986392
-6.92545239846847
-7.324317358139
24.4612834599566
-4.69606750542174
-2.77550964192321
-5.42982093327427
-1.28283228975475
-6.10673958089858
8.83906003240494
17.1053188211897
1.95297167364231
-167.271600469442
82.9843729941212
95.3176958711462
223.180830218146
-51.4120931949719
87.7049011792819
-172.885027982431
-102.848851795607
-116.668037948465
62.4380059911518
-200.242892534158
-190.350776355496
-230.889502198501
3.55185093008661
-87.4284266147061
-59.6801085220186
-34.600494242116
-51.5741574100843
36.0397758814844
31.7367817478088
-54.1413243932328
3.9893343049021
106.614179037614
136.960842728212
82.4882141336981
-2.47554138796985
-68.0017932931241
-253.931346584853
175.484922492022
527.283507684412
-197.06335223507
17.9537282611802
-142.965532746713
104.579229780362
-16.794202373022
-157.508045283008
107.749775251009
-251.792319380594
48.9777154290277
-206.929619211904
-47.580222437851
-102.007558329686
205.325245808677
155.699011034574
117.602275291929
22.4039614323543
-24.4449700412977
63.5564317792182
-40.0925902315181
-72.7046817123525
-245.79026949565
-126.670297779709
-120.93094084026
224.454453024278
488.201234682765
380.529262461302
193.879434554751
121.081584603419
-67.6134495762892
17.4788698543011
16.8331749196807
70.747720869538
111.968326027388
63.8592180765873
-0.746243384798757
-133.205027659954
-71.0384083248122
-84.916762964654
-140.778006934167
-11.854468363161
-21.0448592622867
-43.6362781829752
-20.859807892796
81.772486721886
-346.78728085094
426.420017072092
422.984992142257
-10.359773582666
-35.0450390178835
-27.3544726317031
65.691124951096
140.933065045301
-61.1431516184837
-57.0932288412447
-29.1697865975819
-16.8795986522153
123.430253121469
29.8708588645423
155.895950009465
70.1487554653765
42.6938348046317
-143.217240419096
56.4133428774495
-2.78633662789168
-31.8672863671397
-90.0876736796742
-52.3651170815211
286.738237612821
222.529674125789
-28.9151778600602
-103.675161199691
68.9434574249808
-66.7310133171434
-4.0181196818254
246.154082887869
-530.975872031845
-39.910214347436
-5.77618412032444
-6.12445062597617
11.3126776064248
56.0153047650155
-9.4476590236932
-26.8993980502845
-188.035573699096
-49.4106388918613
-105.850491099462
40.6907830783627
32.4639671327197
-41.164697062471
-44.8796999768954
-58.3002303869782
-111.585312474894
20.7313281225725
-147.452007184061
-2.29892487364429
-66.0784275411001
-48.4195495977458
5.23851329276401
12.2565552287831
-14.6394227636457
-81.2992543218304
-8.66433769908424
-7.65817213069737
-11.8966794015661
-108.188453677491
-35.7406766134933
-48.600088899461
-1.2118460573134
25.9183575429428
-53.417234696404
-32.9198618450327
25.6783725444154
23.0499043774101
538.24880113796
-4.54947115742614
-3.76094427085455
-15.92500147907
-530.907458966301
82.0535814494909
-52.4988602621496
56.2608719646794
-4.95707312325905
-5.90813778221875
-0.390966954078415
-17.8519534734854
-4.51834511921217
251.46612384464
-321.103697673503
-81.012348643164
212.164968964826
-88.5975835689251
923.448736238856
504.656614511379
-446.844118735629
-11.3520873528393
179.63569563542
136.028421101036
-178.466748695035
-495.537753670173
-1171.30098381414
638.07403180503
493.679338511157
-8.99727338663581
-1184.59386700337
-993.510349002619
-1175.05213317951
-208.311177891029
-204.201013071473
-164.038758479981
-0.272199266603046
-85.8572453198149
3.90387217646302
-590.105893304385
-86.2021263352514
143.907289015284
-245.069608433894
128.014109496513
-123.345986680252
-253.99140041414
46.5707052648664
46.4797767564833
-6.55943430952861
-157.251028803549
7.61412189245057
193.322699382568
197.008067103192
140.623856815928
-166.193473200018
20.6971143790256
-76.7902706747419
-5.07720170267303
45.3573868406157
-111.958839412617
-57.390990429741
-17.7659617446789
9.67951889316381
-152.836563419058
115.340535856864
-206.339176002022
2.56301646957283
27.8101499196608
11.6507723156177
184.794451277193
41.8969675556943
15.6653527587793
-61.23914676379
-28.9287496630801
1.38964349018987
-115.938273910737
-2.78947816413974
-1.22073566622244
1.31088460407557
1.0659216362663
-29.3293170581791
176.614836180857
10.6953367135806
-68.0272696726072
-5.33018952961434
11.994613398184
6.55852982697591
19.6589029092807
45.5653961324429
-15.2673044919659
-74.5604434517745
-64.7872617348793
1.8530894421229
-4.10478700636688
-30.0980607108222
-10.343488629117
-1.01928768403097
-84.7895217639834
-76.2190712459181
-250.43228952146
-36.4103168403533
283.514436859843
225.998657074002
-434.869691928072
614.565623689729
-898.154089701198
130.560736757372
324.262659124538
422.007566133226
-5.30009958224332
231.233005897675
-48.6485052971894
-233.739156668882
91.4801029062069
244.264538090116
37.3136422055121
-99.9334846399455
-9.96994156419355
63.8817506389461
49.3178689270384
-98.1486033818543
74.4538965829812
58.864812860506
-19.652013640525
-6.59066216351071
-18.0759305442085
1.74413438852654
21.9220218943891
-96.043627526154
159.057115235832
19.0874175877988
-66.7768685581121
-7.01415476317323
-0.804097087190802
-284.299899322846
-77.1914390002454
-1450.04757751879
21.3171922625923
32.4466484024587
25.828178409126
-17.5201424003566
-5.09387813203734
17.5168797221751
-69.2781624897455
-62.5170324461748
66.0373367966104
222.143185845695
-107.209218117333
-128.404654640011
-8.68251119238235
483.230796917706
-935.654750517814
28.5602256964749
-89.3235692113749
65.4507523606928
17.1617659043378
39.2818034898
143.538668813722
144.276315667802
2.34316151299981
166.097538908957
-6.39424663489051
-41.3970570834617
-85.5068840993042
7.76612451960351
26.6390587569355
-16.4155370769673
107.005965750523
61.1995847249329
107.253792382601
64.2301062999045
-102.61651594723
-19.7635338279218
-7.88419589578882
125.502032080249
-194.764173349556
-3.31027814986565
-9.3616552661293
16.1552878228141
69.9182177565321
24.4373953163757
34.2708049034172
-27.7531864790893
-1.55553852867046
-51.3118017874124
54.5576121118367
-5.9942991834237
-23.7032046273728
-46.7898950217184
-13.5519177918891
-624.769304940246
348.620485020027
-18.6671768771376
-110.12083372041
75.2155526208471
49.0633760842234
-28.5254526112368
-0.478292827344149
-19.9390699332077
-225.985862938709
162.575415215516
-0.74221616041437
-1.73970113200522
-9.354877375222
-65.6231266792097
-1.93558484618212
-3.90004042720748
-1.76557724453117
-10.5858269752682
-516.883112701928
200.019555731665
10.5634246913738
11.8980443628788
0.451485103784915
-3.67820642206473
-317.129380234474
329.230343430497
149.285798150872
-97.8150697900235
148.7109017769
20.0664198489657
14.8994281414126
-3.53911488516531
617.570052136724
3.92584697280988
-52.8704137761784
14.0264392452932
-295.404687747057
-282.420083060838
-31.521078216288
-698.909448315265
437.376602188263
114.925760187414
20.9973018582912
-46.8633028387425
-591.70115651706
-259.67185594704
-126.430142040662
-20.925686910235
183.573214632901
-64.7806813561451
-15.7876030746219
-23.0065595796108
2.34069516336059
10.2478656393805
6.08237883490111
421.781427717519
-4.37301513241419
-25.8310351219251
-8.05062519791834
164.084774722724
306.021212771249
235.443349399115
309.525895164796
-269.053943362185
171.235862358029
10.031250989573
-4.34212453405196
30.0480745102976
14.2137920374764
46.0454282000499
-9.57942514640746
-456.391994508287
9.83803404862584
-49.1742605105162
632.726799038687
627.321241785998
226.661842536126
-19.7848027010527
10.3340015795978
-321.232661002418
-2.23478072918489
-94.2177228606271
84.4725862339658
-182.10378036108
-0.99801512658595
308.04515718961
353.925414517929
32.2548139492808
51.072777088191
58.3732769515235
6.11155257306172
-7.91166775578479
-1.13911597182272
-2.19151937553456
-10.8491425986891
-8.32433494100634
-11.3094368407404
13.6380903204638
334.870173621528
17.4281439831681
-35.6922874814169
-12.4327790648439
-53.7335080610836
-7.13976301661651
-12.6882688717188
-0.97562204173284
-18.3857408004226
-5.29924882638631
-7.69654690001175
-7.82985901363749
-18.3127617299253
-5.72801521314374
-18.3471759594863
-10.3420758390761
-3.40001443505958
-18.6757754010982
-9.2174419600341
-13.2531584116126
-12.3456154465109
-8.65562950384488
191.487653934765
0.857939850881148
-3.11441866585779
1.10181657524249
-5.95039397085083
-4.34836527768733
-8.66159644670537
91.3251632171237
10.4398146170336
-323.233304399845
-253.36296471947
17.591184267604
123.748159931766
108.005614695659
129.04508019265
-188.322235516122
-10.5072411914835
2.31443627622637
85.8276302251313
40.3863926215828
71.0323665982826
-317.61919222227
192.478387200443
-84.5253069670678
-22.5430514832804
-614.52404251941
120.877105683722
-291.110786655125
574.268474063318
-137.637981922237
385.363903216634
-140.756163060444
-1032.3256126446
118.116194525677
-450.606055413105
-51.1882718711598
-152.942756962062
-1.68861598238441
10.1484054633443
30.9972688007825
-85.8985012256725
-33.9965075562737
-119.959732442006
-103.020993060382
202.916785719177
18.1679389772286
0.187954197872215
-75.9432422892905
-2.06586596503922
-147.216075504837
-146.773879714532
-13.3822639766655
-528.914073994435
-10.1119097570027
-5.115371971016
-2.01247003988658
-0.141689239261344
-744.343433264206
-7.85229061680731
-5.74496885383759
-2.63041603432738
8.481670846109
5.60657102276553
-6.99304594736574
-1.85702839965312
-9.7109150392321
-9.32139948625817
-3.7155740548698
-192.08118867176
171.827798743706
179.490138991799
-29.4425885935322
-8.62629716043848
-0.62765801723268
-1.78137794121494
-0.972365123464651
-8.90645846887494
-3.54005901072908
4.03679893808361
28.4171068462964
16.4708325009983
-8.69941287450316
43.0986750727286
209.08932971652
-106.333792907954
-84.9069822222844
-3.13185791899772
-55.971120430346
9.56389729684577
47.7875401840943
-6.33210888969388
1.05320914861362
1.84706108998853
-35.8745533601156
-4.9124536883758
-16.205292309581
-157.402661925248
0.860440412880448
-6.60119788343456
-11.5654449445784
-11.8594786715004
-58.3464050326174
251.242846657194
58.897209900354
-69.4026440176981
-69.4026440176981
11.9024565986684
-1.18417955386626
-11.9509920501521
-1.66580468153633
126.107855963917
-8.57885886819369
-2.22067647676334
46.3786063491549
-7.55295643644337
-23.5536660013714
-2.27627717779216
9.21874854160054
-16.7771652004461
268.790248360638
-53.7432771062158
-0.661714061790671
6.77788016095987
-15.3717173117061
-33.7317243779096
-5.53457267381321
201.912720806174
204.928696729429
-0.0319725799867973
-36.2976369577068
21.5454548518622
-17.1424456488841
20.5119586537154
0.849521553748166
-0.536452681298193
62.0831790159877
-6.1362281628194
301.119524408919
-167.732881601951
343.310898222319
188.502815384059
-7.28330124442955
-11.3358967490232
-29.0718127934131
1.01499867084422
-5.35362364008605
-14.5702844762701
1.77110049146145
-15.7357919777769
-49.0806447078416
-39.0859856203161
2.36866401568534
-97.0381885159429
52.8264485420855
-46.7423790625649
10.3695969245017
529.676407147148
366.692764835295
590.770927771544
-115.520653227834
2.29031292252987
-24.2789408652713
-94.4227626988518
-7.46869584387076
-2.28748177287127
-0.0520671497910511
128.130936174421
-43.6339049412217
40.5519528289359
32.4227281434187
176.073661025673
-210.789517863856
0.742714734882011
-10.0751171851402
131.726698880048
-0.647471020268015
70.7200810465276
-5.26358024178103
-2.92687168359099
-21.1415508581115
392.679748439595
349.021758388901
-151.414631528937
67.5991791970193
43.5224573692292
-359.050593109433
-17.4458461253442
-9.96438521657198
1.58234661167269
-130.605124787899
-1.76440842035182
250.02589125946
0.961154005508324
-0.846853065873397
2.74788028968878
-3.15675211941109
177.417308822099
-1.02316670071799
-55.7470894299809
-2.17653333853851
-2.48757977183619
-65.1793033325869
-79.7370379670947
53.8075276392841
-10.7158376953538
-3.60937282436705
-13.9689694710019
-73.2890883318434
38.9431163431913
-126.021253715209
85.4283852887837
-1.29766283447284
-33.878643501632
-1185.33098939501
0.215593034585069
453.609529793302
-12.4248573832168
151.665389786162
6.0172787177941
-11.4878151386884
-443.19212267068
60.5991234987636
-286.728512491875
143.163760537476
251.544184026984
99.833229405178
99.833229405178
5.73572696646144
126.619826729932
-55.9759737975408
-81.2433394447164
-4.77947948984147
-5.08147817666812
-1275.65915315777
-385.877777848865
-545.927460377036
372.1262641231
-430.126075829883
-309.784023833356
48.9202191261685
-4.7047517660914
-6.40431954308437
-188.571441308358
-0.24770955688239
-9.47533190408914
-25.2677510905313
-16.7530245681123
-20.5281122551195
-550.03549496244
-35.6064172297177
-37.5452244159218
-33.2081848958376
-23.0469876275621
432.321324531777
-185.64580497516
-65.4386333585304
-2.77557755466787
-65.3919661718884
33.3031056126071
113.811130895782
349.064010782723
12.5533478426574
7.08159377186269
-19.2187177031805
17.853240842268
1306.34285384406
440.684654448935
30.8289131326572
-81.9914967076897
112.157621628625
99.3380559179164
333.418753948271
325.56407859134
860.077146369096
243.410555410131
-319.841015851415
96.1020668058728
92.0420884490244
-28.1450386642506
100.724789718258
-54.7170506855677
-6.78696291857501
-2.51922313130187
-11.3635421513663
24.8546933322978
-4.42347236258742
32.9506039677478
-5.65048300849034
-1.6691406674574
5.68197997902173
2.5342722437089
-1161.09871099728
106.312664260983
84.3557271429238
-78.9267721520274
-0.737416501608378
4.05110605260735
26.7876283579636
19.8001604252964
0.544848220859406
-24.9369706303091
-2.93202036781659
-10.9657607650784
44.0462158627845
-36.6719343488299
558.172508798706
454.412983845166
-58.0196688784088
-45.1387740953653
817.146826987825
169.129700266289
34.8080449860842
-439.624373523454
35.939318213048
-4.31643874067893
-10.4407522609003
-7.47968371994106
-31.0787769534291
77.7275156074627
17.307393387276
31.4980049244861
-402.123384564766
-76.9918873599748
6.26941648765943
21.1541220819714
-80.7684721836797
-43.4561675543939
55.186112152269
18.5272813370578
-65.0996326134177
4.76712733706294
-27.4974602950109
-297.667238601579
-42.8358261668683
-10.0176774304957
49.8428553776143
485.119317259218
113.033427238232
218.390384342635
157.608959372476
167.298093758891
-897.572738385085
508.792958509491
462.092342626396
-218.155747430619
36.5585935218276
37.2137387967324
54.5477742112597
-114.389447940777
-1.51467041887968
62.3085270146352
28.284607248156
34.7841316080772
33.5211283744948
42.8059827449029
31.6745845999131
-326.109783920489
-124.924726485439
1.36859000885945
14.0646822786388
11.0177960007976
-31.2496392616428
-0.972365123464651
-2.23478072918489
24.1438011281734
192.869584044138
297.028720161595
-99.3051435837629
-37.5795914787961
0.49397928766492
-87.8731587419779
49.950982409105
37.1639779784215
-47.8081349568041
-104.648390909262
81.2086523492335
-1.78137794121494
-4.67426928721087
-7.73737251635381
-0.415739670171725
23.7006940743063
37.8525916349322
314.006551666595
96.8525928507589
60.4061407228
-142.221304470946
215.619879727849
-6.61422005623866
63.8705392794024
-60.9189129746658
-181.775885152431
-66.0366649905315
-41.8010394516619
-56.1131205474969
-329.136589435128
118.093665961402
-220.244381422304
-226.784508646596
-110.940362312313
-158.489650704911
-0.580297299628471
157.727652594178
-299.429811606193
-8.71582275301473
-20.14571228201
41.429113850374
-2.32149273851045
-202.139706757917
-116.210525831923
-1.25215156025924
-46.9996297675272
-3.67611496054721
9.5289963515094
3.14254852004015
-3.70048069805654
255.686217368012
-58.5689828483043
17.096704813203
294.299245186184
562.407512632541
-444.813368464624
-23.1520722316364
-39.0608315363236
-242.035915307116
-3.55240083577794
-340.595527305557
160.527601046236
4.02344194601586
359.718063355442
-109.150321773618
-413.535503428555
-486.842911256518
-168.984803029963
337.349475888278
-81.2562748989576
-26.6550399667652
53.2511215515983
-258.621313484964
-6.13520378135447
-29.8461278289903
123.686061505522
-40.5758692113421
202.842435157465
-235.741709417897
-66.7410152493938
68.8125392323209
-15.8552020891217
-0.286429285162973
95.7209201544347
-78.6064730111548
38.8835394644508
29.5681064347409
92.2058635628591
137.014988594737
-98.8282928586377
-121.182536738912
-81.5015234800832
94.5826107605691
55.9135890057794
157.055068536705
-3.49422004236916
-29.0617844170668
-0.508533738423151
21.0767265048082
-1.01305944637661
-173.247732727118
-391.739588141527
0.420299173944776
193.777563457508
-13.1438484868263
53.9186130359526
65.0570393681285
-27.4211502884188
-58.0658089160168
173.782065950099
47.5003069466906
-416.437026121663
224.583785407256
229.8161595437
-131.822001429959
-79.3709896514055
80.7990959424883
-36.58268040077
22.4790960436432
-11.1643156292157
-19.9203862766566
-229.587081218446
-95.0838024466082
-1.61904387981756
-186.224085615879
-466.539313863581
204.735317035688
352.750545097483
34.9529594956401
-29.3697896209616
-81.7245104437247
-220.185519707313
-402.877434061985
134.059440828073
16.0964066968716
-175.231124469482
548.93480802132
21.7524270876583
52.1138194828046
-178.48950404263
-401.893718416805
-114.958448598274
-65.0010545059804
58.8304628039056
-304.470001591363
-45.2028860952817
33.976998921259
-16.1432626195662
218.628866618899
-176.826480598028
71.3450815004264
-98.1611545282906
-133.700511761449
-171.393192898351
-193.869343392238
-0.950518387211818
-62.1906389841981
69.9044332446239
-443.759765113594
-9.70063299526812
-6.82591064144724
-597.150109515438
-80.55888732987
-145.888751515442
25.2120366319911
33.5282047949165
-4.58241258458026
-0.216450298260165
-19.5617189970042
-16.4668245787309
-47.9407243352842
-76.5398635330697
-46.1864274996565
277.807163066255
244.721923070367
277.952822202391
-206.896953216695
-2.23478072918489
3.42540771356106
-1.35438479068395
-91.1448502066546
77.213894781265
77.213894781265
46.0290849416405
46.0290849416405
-246.624365906193
-246.624365906193
-382.702335705142
-10.695994330786
-0.18528217287169
-29.5756660552843
-25.9927739221101
-26.4540878308615
-39.5843735490123
4.99191013777842
79.2321673368631
-2.80534995776358
-4.06895511818003
127.224432124637
155.555990939944
140.915419240707
-77.4454212748399
147.464700106166
-52.2586244497432
-155.982524627227
151.4588627302
370.686196134216
431.838607626755
-49.6745653956909
155.355638504133
-155.729653750847
422.466635249759
-10.072000308749
-5.91064574995373
27.5051842344225
2.09850058541968
-2.23478072918489
-3.20668491312927
1.29263713482791
2.26533291866681
3.27632248395898
-1.77793466988914
-8.6523209950591
13.3204119265303
3.31040949823885
-6.23920678294731
-16.369395994478
20.8644329725074
-5.43356560941305
277.658250981926
-0.34465560481665
-2.85127321768644
0.204303691008983
-2.78166021356397
-8.83708571891646
16.0847451754849
-0.742940767654112
-7.90211229569159
9.93357116683101
-79.5397427818244
-12.6279748319375
0.300741841038693
-4.29581913321743
-0.606069416651206
-5.30503426282145
-5.09325370340009
-1.77696652537787
35.8498244096731
0.371989628459888
-4.68141547375236
-4.25437613475115
0.656624193712812
-3.18963768982271
34.4379783610357
-7.25689255372193
-3.99811421534178
87.614777061849
-87.5006493719664
-23.1292696685683
90.9785758526202
-182.434861178037
-4.38598913512717
-2.34841173586567
-2.97008190478691
-5.9756171545956
2.50681184061089
3.36604710794319
-2.06267704868933
-0.432200606798526
-3.04511920328985
-1.56318012959079
-0.303611733059771
-23.4859815577751
4.17445662365833
-51.5245321185264
-36.3216066679354
6.39043791589208
149.027629434439
74.5639839146459
52.3078679370567
147.254070102565
365.476516702901
370.595488317122
-14.3256480938595
-39.3526010084472
-199.746165053271
-464.537136760664
108.636403792531
21.6165178511476
-30.4857655089664
18.5712425463794
-180.602437049975
-40.4337817571125
9.99086742943053
16.7441786165915
16.313630932542
27.6395814107313
46.348707016179
-121.006997210958
37.6419566792933
21.5573136925709
12.7779824380048
239.43918129718
159.805601509354
-104.108231628723
-4.38974690897817
-0.558853719198512
365.462872735558
-139.157987843073
125.439402190202
-134.034816115263
693.220229469005
-12.0856159229322
266.242376023702
-60.2753169650455
-643.136965429293
1257.04625696561
1185.01951245703
-258.136038191109
-199.274124679595
77.2712028483587
115.178310633798
-467.96250160224
23.2747574785518
40.0862136531189
-60.7607128843768
-6.95332728757506
-3.95828025420732
104.261600713402
33.9826793298478
-45.5734158290671
24.2808241427906
-10.4571459817858
-9.43221974592804
-139.727655538674
-1.96968558486304
-18.589384800064
-6.30808685205498
-10.3431677982503
-10.5935646073008
-7.73686774970344
-700.97700255086
-7.00828727582816
-8.91324682469728
-1.4809885027643
-34.5441526844586
-2.02936949726231
-1.7866785609895
14.1855662815586
49.054649548698
10.7630022958747
12.607810776211
62.6882657239234
-26.8832584149454
-3.52342297292693
-66.1575549673327
27.6988086275531
26.6743815988198
10.4587929870034
-12.3277604104321
-1.77351070153807
1.98665407690086
-3.07202103288762
-39.1372555633572
27.2225425137182
-52.2615915593532
-4.76825154153012
-18.9213567646416
-19.364044874817
-2.89450899229633
2.50365159867634
-4.20470070899863
-23.5926138463232
-27.474620989891
-14.2453815967856
-10.9024426011461
-58.8594245511981
-9.88119210594762
76.8512149933121
-11.1982848234839
-219.857392175749
-9.74181359769379
18.7664931399243
17.8522060632265
-11.9966991701209
1.76626612654655
5.58665578464281
-20.1014529179079
-0.572598017166157
-58.3692769204589
491.460116505862
101.520497517995
-563.951204004916
-145.181859302894
-1.72865654736665
-15.8730449011264
-68.0866766007924
52.3280779603531
24.769314346287
-40.4523738143402
122.463239007719
117.44513885138
130.78716434002
89.4014103246048
26.9716892844145
292.902997338423
33.4355875158362
-81.8619620654926
0.553498331377748
0.0842202696915133
-76.4775984130632
31.7416832076467
135.350705192258
-201.012635334015
231.995390839696
277.156225235128
-74.9164927020767
72.2860415123142
112.338311644827
87.5599172873361
-491.679834633971
830.246564883624
161.284821358172
-167.100410291835
40.3665140058815
-118.573372815496
-233.300549779797
-190.128236936569
232.892852441728
94.2487604085688
49.6888950845037
-102.553143294515
174.942751349341
-11.1408533113844
-10.7747275283749
-19.9828001836129
-6.3360235753718
-279.802978895002
-214.347186380994
-180.010949987082
330.353499439557
-334.775788351152
-68.2453440772391
100.471532428149
72.9415078081509
-76.9352150510831
1.65788968893573
-4.12418026194651
10.7537007480438
-70.3776606263971
235.720637731165
-110.947681669561
-49.3965313294124
-37.4817849618887
-170.434678004053
-80.0528423218263
147.894061489407
-3.83588475784174
-71.1495252678423
-49.5476705308298
33.7449778620131
-20.6200749769538
-27.6847630677945
37.2574459411567
26.5097596677466
-24.1485688386442
-10.2277218508496
-11.4448005616984
-51.1654348662801
-409.307797914244
-419.940966120701
264.915374551863
-185.747900423134
-30.5631146577054
-46.9838746482374
-154.033045254176
-57.8763858904209
-207.840162020831
30.8825381206846
-146.55724280264
108.157615016775
8.88474542075257
-83.5328568179173
-118.147860869687
1784.67129333185
10.6150674647448
32.7253582510574
159.504901370321
199.03954553932
-303.268350638999
0.581838862760186
-89.4111963450459
-1777.12580206498
-446.127724657079
-81.4501658150116
-111.488190335472
-281.339157173595
-112.051303517417
60.3359956186845
-48.5948727175769
15.4476268459573
-17.5352416972415
-60.9312291179794
1.65592240869338
79.1364537502605
-81.2831254439126
1046.78501491501
43.6250731607242
-982.583119808598
54.7240456948433
-97.7631332589975
-44.3670078733529
-248.53853227117
-123.217653929774
-373.382786504377
-52.8546010902036
435.949587003614
-102.995386121641
56.5385787349165
64.7293378101784
62.7010264499279
59.45840916649
26.3059137183916
180.214807217847
-105.310825652192
-18.7389203014674
929.317391505015
387.624714122477
-8.15862191496309
-9.2031240065551
-307.900410137763
24.3000721584364
296.020019801276
1031.11156324279
887.319866232062
431.926655629242
-133.067333620495
38.6853256349231
61.3061680026114
-181.484630089377
-6.40669831733747
24.5485084255579
-243.583370777671
-87.7656017567948
59.5031742125177
-86.520273592537
142.882326713603
95.0710326004133
-48.2396178271843
-34.0273489772809
59.9444188294394
-15.2955685615816
-340.311212659442
-153.703794469745
12.9182176923325
-19.3665836345417
-76.0196487317855
67.002227187534
61.0607690916581
-101.159598465658
-569.562901759759
-9.83693432763058
-17.6222880534147
-28.1275960918358
62.4616282259596
51.8958493371138
41.0060505124016
219.159235976548
34.0864782950378
-3.85854981801366
-2.48491244203388
-34.4212053666155
0.505344328297512
-4.49883890499863
-4.61568708877963
-241.805883377188
-132.079553661777
-53.0573245170302
-0.235372662866095
5.75869138598475
-174.877195223165
28.4168883818799
-30.3747850566501
-4.88710702542
-15.7758482682691
-6.82255860052109
-8.78824246584018
-20.5787316429731
-5.06651407115205
-0.878401349531108
33.8358583699999
-47.533520554455
-62.9181936969389
-44.0379407970719
-70.9712510787478
48.8449791845774
-7.79599751821533
-27.1778799733698
-34.9856609199048
117.430041487004
-3.63626729215005
-14.0620506667348
-140.403991636225
318.748571398196
0.422734778146713
2.33449626420298
-1.75645730281985
-2.87320464708976
-94.5406153543358
9.89316126333156
10.0131797615573
-45.2374803381606
935.102814266607
-34.3894451667073
-1.8762273798918
4.45925318520727
-13.9505739040824
12.3754454237242
17.5315955839415
103.331186528766
-14.8347731183871
-169.805269005151
-115.9081357278
-115.9081357278
-350.855087060855
-443.522145921554
-387.804141450421
-25.287894950322
114.177586151094
-42.2912847062741
-161.521027870848
96.0943203786765
3.15649286555807
10.7621784434285
-11.1906389864962
-2.26145148141842
-70.260161997019
173.371787509561
130.294031508085
128.070573334724
8.20073663033763
119.543020668612
-103.126586737973
-12.4034874018455
-54.2217601997587
171.513643196863
-346.762189131589
-150.566225026311
55.4160810557319
-73.6260229704985
344.826049169126
537.30858618821
480.297294338083
252.182025971663
-118.60160510424
118.024352211987
6.68869484081195
364.614529218493
457.076120476575
73.6771719163992
212.263546006322
-0.893649837048564
-491.878471283576
-306.534205720181
-224.356153200634
-6.21256027898144
18.0905840361019
-168.684104050912
90.9609100446403
168.300986364008
-52.2069938679421
49.4675315671719
-571.179467579534
-74.2770526209139
54.7069993700863
-224.467520850139
38.9716977308918
-575.775543201215
65.0004584640866
504.776307306133
-44.3527216501723
-107.947446207855
-158.206574679328
-272.041373818113
64.5272976022388
119.968398685974
-107.684741087697
6.10836978364506
267.550566961677
252.895480944816
163.053165084683
-22.1262451789368
4.89151756548514
174.790905607358
167.660438914646
-218.13105757437
-456.991884521855
-77.8404313385266
1.29039127615222
-82.6026969917292
238.282958202345
339.737467807668
362.211884674225
435.861100063012
-19.3607144700839
6.5217416371987
-181.510300329017
14.0968415615516
-151.180327191643
66.2113098267038
114.32881032123
94.8463669022495
-150.263088684815
-26.8130570729952
64.6238991614511
45.5856810889983
123.918257337471
-113.70767292533
41.5451968505162
60.6450042333317
255.419363027049
277.368197073724
244.128455488697
-16.4266589786914
41.8768445309159
-4.09968174884596
-26.0485736430677
6.80238232299001
-39.3951013113535
43.312972632665
45.8398982338651
-17.4501307105567
-13.4684570140925
-114.261613805047
107.280708541994
-106.466523611055
77.0797771357126
98.7066575422516
-98.5091200088452
-33.9679886874806
130.251398225422
-48.3169624364481
16.0755800910888
39.7738131775089
175.841009810599
130.025377046273
-52.1761680904288
-38.4105578648827
112.734909202225
295.418750126454
57.0587266929034
-9.89092628114267
-23.4952088224188
16.1407676418255
13.0359267424701
-17.796070233682
117.9161674021
-309.546215935426
59.4185369731444
367.982436326663
59.9165707374643
89.9498488738116
-2.06586596503922
298.520086673356
-14.9368992635316
18.7646258295715
-132.649094019498
-2.94859504387436
-51.545594610433
78.6912061594799
27.9340368582021
-74.9461101972888
370.146655599001
426.677874271263
-22.880640437766
2.27258331007435
34.0507094341804
28.7263410017798
1.51201361478096
-114.822191821049
-3.25156548709549
-65.8628060967853
9.37256814467374
-24.4963260189518
121.105377063448
-29.8466200666536
206.879128376484
72.7966883238887
-909.822537436302
-34.3159612442859
322.750827673216
-48.0118478541732
31.4483542759385
-119.506646366308
-174.366876031974
113.392432364268
-38.7822388095006
-105.282689563847
-101.489404779527
-254.310777907734
2.05760001149516
-106.365574609286
134.920898562607
-341.063162054802
60.5108343628277
-95.6912874057831
-148.017630560886
-240.626825537476
-500.455278925999
45.6257189461686
-507.547864094244
-1.08783455118431
329.321785865668
7.07187630098265
42.6291825185262
34.23051144277
61.346077907203
-22.514237923792
20.5084046913863
18.7742343890321
-169.071747237613
-504.376633181939
371.052831354927
385.817100437193
-216.111405310009
-4.99840758244649
137.138718389935
359.103116485281
574.656215849364
-3.95752375351025
-15.3601301660815
-19.7479507519163
-56.4279940090127
28.3851353609662
46.8804222990697
-2.68157807825134
17.3582075092313
27.633046436288
-3.93027255199107
133.702716104967
-8.72951167411978
-238.328296280312
-2.24414105510715
33.9378574204725
9.204848581919
-619.095148080059
146.174020124179
103.643237567561
-42.5081650580581
-55.9477956344273
41.2530890747939
-291.823217348956
-2.69724859363778
-112.023477667022
-14.5081321773201
30.3922326747094
29.2716576286784
-101.259391817383
-20.4649022632113
-34.4907357103649
-34.4907357103649
-66.0966269328105
-2.964766477321
-74.5544003418943
-74.5544003418943
102.797182113324
-2.23478072918489
-1.66580468153633
-51.8611220145653
19.5776561878992
-16.1045056598789
-103.162464929595
176.807224767119
-59.6963102268588
-56.4004148026564
101.232035933659
-194.331259129212
-160.827923576324
145.229431481422
7.87127645109028
3.92534395561875
-29.6992339632869
56.0636963248226
41.3011187663061
33.3273076133391
-39.5924565387592
-22.132372785578
155.952399858667
-158.600307374478
-2.71689429267408
-0.396738129729602
18.7060655912543
-12.2041419776343
-29.2527198284382
-4.37983810445816
-10.9594642763559
-120.958569922227
-88.6125892654964
-78.6197224890768
109.118862053615
205.39638223617
245.10972922642
-125.492016550979
-4.14252098643019
-4.03779588902966
-87.7931820523131
14.4550896887611
-75.2707567675161
-72.6888941341614
80.3628331928687
138.419702550052
96.0386220348942
-7.13886091979053
36.6223396366641
-178.995730602153
48.5298307674085
130.700064425963
-69.6741529573366
-0.826831465274685
10.9555245278501
-852.509178401133
-14.1559542020174
63.7771510815151
-5.84860501071962
-38.1254211567992
-31.7986195756199
2.08158005281768
383.609999654986
217.758208826827
-0.157422304978951
268.634951520117
-0.356799641586711
-1.27651056643492
-1.66812830351946
-3.12232172764066
-10.7798549742859
-21.6174510895171
-598.487937329783
-339.290086503661
34.9953089635611
40.1772466847611
-19.4298065553685
43.6268166375135
-191.581623742732
-0.0164293228344028
-68.2559012373604
-39.3388269016573
-42.3137020081253
395.762861295619
749.545908775252
835.045209089913
-128.96439941232
-76.741152565207
-106.261277747523
744.201158967602
3.19467731838808
-37.8171805508579
47.7609816418736
-16.4831891517354
-1550.01361721994
815.303284731908
-1934.94041091034
-614.53502563555
-1799.18761666104
-205.814189709994
125.61905132441
8.34246806353896
-147.196107590972
-104.22038188716
-9.73564583217701
2.58258503331404
-113.281624686186
60.6434216703341
482.892992794338
-145.767717696285
-23.787434637043
-494.637545879912
26.9604315441478
-58.3571300148397
-128.541931414884
43.4493538834971
-239.443043018317
46.2372260802695
198.831937078215
65.9501831794693
834.451641547657
326.039855483531
-25.4196993973509
-127.542523185312
193.32563922942
274.277922839049
137.087124474589
-195.605483938844
-110.611071376802
13.1875700205101
-222.12620525703
-38.6451738303989
51.6499088880365
205.432051460077
25.0847517995965
-200.112817979054
-136.926830597087
-636.256046805298
61.7422914717119
156.011676375959
-234.028617001583
-0.532238664631426
-221.242416421837
-91.1637717498183
235.659071609054
176.376938873425
51.3399442869494
-287.413494021874
-117.833675617286
10.0617599481576
-9.5681588864796
-514.862433125408
-130.558461689975
24.1527044737086
-419.028579712515
-121.661355387994
-96.6882661238477
154.448413960296
41.3148009210869
-243.477795290387
-2.17738410356267
-36.5492000419917
-97.3084270216864
35.9734275770966
-6.05284882527777
226.458716592264
-180.189714718262
-182.689468691563
337.36007987382
35.1111656518285
-207.995848264677
-212.163716148151
-17.4167394578343
-12.2148694035658
50.1677299876814
-532.484704156067
12.6130436486651
29.5993505326773
-4.11302290805866
-13.4204552525752
-246.814699047724
-0.268720067960032
11.0025091740259
11.5712947877174
-3.8783786610063
-6.96127073549424
-201.0427180708
-3.95265688569763
-3.5620415063345
-125.632870768982
-2.37786948412772
-251.568407319929
-2.26145148141842
-3.79896994381663
-1.88454644193601
295.362875331642
295.362875331642
-8.40972522436707
-2.53058576069504
-16.6833102414555
-2.15923733082588
-7.11717217333631
17.6400949106644
-321.310638404475
7.41431713332739
-17.6791319321374
24.2627419356281
-4.23157588044555
-7.93839116997005
-13.7701380318771
-4.46141575838256
-6.12679645182857
-5.4223385768386
-2.37334642354074
-11.6601790529477
-53.55702639699
-14.8734340419005
3.20448347476857
26.2434596757334
-20.2233701661745
-14.1405493250451
10.4386179142569
-8.27947105673898
-12.2341955121379
53.8512239919155
55.1100123374924
54.652771901355
-8.33638356643056
-4.51605256852413
-0.96185471793712
6.75080621613302
-2.44251454721821
-9.6438429114079
-188.399478307792
-2.17447564553097
25.5248888816467
-38.6831693209246
9.12587398691366
42.6023393518151
50.5749289877665
45.4630422405159
-76.0291792833783
-82.2948061846054
13.9077442729926
-16.353278313653
-5.67113710849782
-2.27805956847097
-167.215837385478
5.67899488476175
40.8371344561654
0.307945077276075
-109.878512564786
-8.57453234288782
-9.49938217558053
-7.14958420731977
-5.95497417101488
-6.24721319540364
-9.47703873355307
265.919359637327
9.4949948779895
11.1621626666798
19.3317011867091
35.1285592204415
-3.50602841339694
-5.57730306502597
1.3905768262054
2.9168204826861
-32.1035042730477
1.73415121559165
-3.90478336432166
-7.07655189817848
63.781912957205
102.756080325874
15.2243280857856
-9.18888468393437
-11.7983931655006
-3.94299083093064
3.92415859836944
-19.651950887561
-19.920129745808
0.762836855390774
-9.78702050162736
-444.220168163111
-13.7465758046954
154.008848066649
-1549.15946310219
-26.4973399362384
-3.32818518271806
-2.26674156790636
-0.652646287116443
-24.9858792979982
-5.11068259978168
-137.080063048797
-78.9131873476408
7.56771587686585
6.71422264828822
-162.285722790331
-109.230989206284
-3.7993611339769
16.8582916047425
-7.32411479173709
-0.998413995508077
14.6313169911852
518.702630522837
218.527690520407
-857.0955218518
-80.4028835777515
-275.944724390052
-8.62083296124113
-13.4908829618965
-25.9727687695456
-5.0405532699408
81.7557175696678
112.038267340411
68.8957521343999
-451.946048497443
-229.082063435875
30.7523556922946
-61.7021926562126
51.2608218967546
-15.1478709282251
-125.329043362272
-62.0198723669416
629.256349501355
566.683286238575
-103.310410129187
-1.49445619216541
-32.1565730993886
-185.212549991631
-25.289994748179
-778.702629316978
-0.129744812210227
-2.0302417808297
-2.38222513548208
-4.4937268637374
-6.90244494766431
20.2757896744397
-3.07496009717411
-2.68599557609817
-1.24796289654442
-2.84253650287845
6.64868398896357
-2.96240050725042
-7.58278423061247
-7.63348895531762
-1.97971551889674
-1.94757877537792
-4.39211938928919
-2.96822257242464
-13.7852022262175
-458.645885686734
-69.2275030894195
0.240808977347419
-2.43927271312361
155.309560304224
-25.9059793792619
5.41823983340155
3.05213588062503
4.05306880949837
-27.7628538268509
-194.317099831362
168.128751117197
-165.301462758668
46.3843222918472
55.5766391822518
3.28247260463072
2.00899309854602
1.20890089940421
-6.63948099391412
-2.37728210336821
-3.41624473718203
-8.16284357314699
-14.7887799927331
11.4421940883047
-4.72669466890884
-0.764141108680496
65.4174886253508
-7.75258271669078
-2.86695827155451
17.844000450031
247.540551669601
68.7966798144228
-5.47859999737702
2.25235462119126
-6.03577390276709
-987.392929013288
-3.90773487821526
10.6657993797756
155.503809900293
4.76310181535691
7.64158077745837
-11.5270375993744
134.981280685049
-1.92822538037017
-3.71486825311897
-5.11136258086905
-0.983579621452697
-6.66572831807195
-3.48271555370056
-513.322695009557
97.4753192988734
2.79372761265492
580.135678571871
6.98677057898734
-2.3348797636435
-3.69829826597602
-1.15742997320863
-6.02169375544466
3.51210030835355
-4.90192216075705
-0.792792943903892
0.10446745404126
-1.56034499493869
-9.41319143002986
-19.5692653608929
6.63282143063599
11.1770304000276
9.49331765546405
25.4098442365537
-6.09256331321891
-8.26598578659398
-2.96759755563196
-16.0685656633493
-4.97058924366868
-6.23239583253799
-8.0155691900881
5.11171042949384
171.946160626309
268.173661338771
755.100751763068
-16.8847407875235
-11.4368051021694
-3.86165296435754
1.58549299457842
-29.118654624849
5.37087438159072
-134.424231077869
-25.7065536357875
53.1180832131166
-6.21050958537462
-27.9508002374046
-69.0185251182366
-25.3678890029182
-32.2063325168283
-20.0095132232002
12.6641439803616
13.9220493154331
1.32825533159851
-4.97224126633266
-2.52159579649827
-16.3883092668923
-1004.38650033549
-142.192726661114
-3.99829464833987
-1.70357759378671
-1129.79181337717
141.829441258148
637.005243470135
918.244531528639
-9.93259896688479
-23.212460933929
209.850435204899
-275.551449785304
132.758183668853
117.771633621508
409.777408459163
12.5423878035421
8.54929092031759
27.9857003211895
22.3220088581115
151.278959050934
20.6593063560983
-3.16698683618391
-4.11703460688168
-47.2662340158057
-20.908957663158
101.458138989272
92.9264001481459
75.1605455657364
-20.0235842034221
-6.17930364826043
440.31522598682
61.559409706298
-13.4351832319223
-38.4790634494416
-10.8172395577286
-4.56040720010137
93.9720050821013
-84.9041894159928
-34.2117886239272
34.1739841107813
144.637991343298
-35.3551121620381
63.6995948051858
-48.2685847791669
-4.01599018580622
-32.9834144088971
-7.09425305166903
-1.45425898258959
80.4121605216189
55.2146666842294
328.772416207239
-1.12330004575126
-16.3183918102941
-118.282582738791
73.83043167014
70.840335208471
-43.7424705324176
228.55531462167
289.835655841469
244.462436732194
-9.76244403157101
-46.4306228850119
-1.72751044433455
-76.4045413211317
-13.1940063912097
10.2456166143229
-4.10347220266241
-4.53335564296643
0.0372300598113922
-9.28790582083414
-6.54705845020112
-3.98032000267093
63.2874670974886
15.8647844883789
71.0863184068774
-219.90509810308
-6.10105101741841
12.7863761408842
8.65308376067342
-5.36690965130763
12.0839801739057
120.908561104714
-226.404823770437
-98.7575695117978
-25.0161356075122
70.2907663178829
39.0529513582024
-83.7786392892452
-5.61351764247958
-19.6584887542347
-18.9852847833374
-91.7852148359843
53.3813400232563
-221.124944762666
19.2742081674881
-23.3864613145586
-19.459493782853
-29.0932110601313
-27.3297622908781
0.891607402820367
-43.3566719502635
-5.06272472321513
-3.62026170947261
-7.72022757581458
97.4271347898235
205.261541960329
168.385269503541
-10.6870358521054
12.6089750236832
-4.67516099340146
-2.52180515139724
-15.303880773271
-28.5062242868448
-16.6011517227258
-1.60412660073127
-2.07287091350878
-22.1138229660855
-8.85421488210407
-5.87916290836633
-6.03732693186779
0.916049108071948
-4.24849904100321
3.66146142276643
0.681076737725068
-0.694598500733971
-6.55931424994644
-56.5431206774358
-5.4751818518582
-399.701471495914
443.0364488284
417.968684929089
201.006751305692
-5.82037628826324
-5.76197698025796
-25.7697644182336
-12.8938376953077
-268.200560846681
-7.23931704042951
-1.59654879173583
-10.2328204946472
-26.0235557648064
0.356298469878245
-3.78198843018574
-2.73601077605438
-1.3956205793164
-7.20826859070673
-12.032944028219
-6.59250511754551
-3.26401170656242
-3.99156781703698
-0.499968623469551
-35.9313267133247
-234.460597670678
-296.264836182708
193.306755667938
177.458036138528
53.2532977089689
154.042599923307
102.102250353615
-27.4433946113389
-157.311041874548
-28.4715615588232
-77.5275801148716
-12.5376552307139
15.3555421345214
-5.08876991669981
-5.81009137008854
-16.845539666311
5.2710339818331
2.00521227367794
-9.7810805129098
12.7153022887417
-16.6151716287844
-18.1204580956029
-0.780197857784387
462.01653117649
332.687144358958
205.590181982512
-3.89823550037524
6.05976731267461
1.89714544861057
4.04743142968009
43.9138402507367
-24.4766999185849
-142.338675294145
-570.900675936208
10.1463219573262
37.3973264257714
-64.0497446438784
72.2102328750721
-54.5679911774235
184.700564531839
-327.860440540358
-268.069125655555
133.237382496609
76.8463902322701
-79.5005980977666
-48.4621622168003
-7.64982705548156
25.2928210419101
227.496963867615
-131.758397920168
-45.7507051652151
43.2311867540762
-54.6674754064034
-92.9137881914066
12.5887090927075
34.3816623762877
-31.903026707651
-80.7476422616004
-16.0352590607572
-134.879557229698
-20.2586977778525
35.2253083261782
41.3763850736776
-24.0648606159902
-2.47050628932752
-10.7101686957665
-10.3184299950754
32.2432415663303
-449.815681487981
-4.29480890976426
138.530988775039
-863.834316375917
115.185577116243
93.8698873991556
-142.807851186445
138.567635207449
-228.416552050061
77.7579649266715
-143.804553515877
142.399707351634
-39.2018916707835
70.2682732851816
-249.246888476201
-183.288174840222
-175.104246755645
359.979478187986
121.541976177397
-16.8522609560084
-14.5573457588227
-246.825909612745
108.877458891838
-262.19239028042
104.282805429445
-254.267399489552
-102.545001438583
-1585.46882784916
-2.08828296637977
-94.9193587921815
256.682196421733
-14.462819823495
-16.7041437155497
-8.23312507293254
-77.8267124540304
-9.76505001118961
-3.52695900536201
1.54241237312404
-7.25639026740692
26.2498929953029
-1.71205014357793
80.151611299485
-32.2064003637828
-16.2565234758634
-6.40953882838438
22.3804267312894
-88.7280354492476
15.2182793386476
1.24888934835295
-26.564989338029
-18.5776878628371
-2.36903366328991
-7.80382696141426
3.85350084229146
16.0462706787614
19.8055748856784
-26.4116028182104
-6.29303531197268
-16.3011844137868
-4.60776640026976
276.632635936994
-78.1169240159088
-374.59559010328
-714.14334979999
6.2869636917058
-28.3202542526619
-3.65468714864662
3.33917274905232
18.0034890649263
88.456020051188
-9.48446240210351
-100.91487479686
-20.8662787511511
39.6689797845729
-2.75817831383614
-4.72710685608973
441.51070628708
-1015.93222411163
-10.4584676625746
-679.318216289813
-122.883105037076
-6.36619851570492
-11.0442584685582
148.597518296825
-470.610029197645
9.62421726004767
48.0420248957716
-19.0641915719076
-16.9203753685554
-20.020045292348
4.07332425180039
-0.671493218102289
-68.3771156207506
-2.06586596503922
85.1912181324708
-2.15926628035879
-7.94998024029399
-9.31808846644208
-10.8609686362731
12.688700740792
-2.94792549123044
16.2526073001452
15.9765951812327
112.162449084241
-197.438971088882
87.4414272223353
-92.5751470740202
314.158157159456
259.56294493327
-11.2502616635665
77.0231415720042
90.8430670555055
154.914092273643
-48.0386345148962
37.1704955694775
-12.5003125241534
14.7490794878914
58.9956730360219
-76.0119274149529
-115.168091590224
239.434993472914
-12.1837590198093
-37.1482080749922
-138.540748798611
-1.31691889746563
274.965993360068
-79.0571094131714
-37.2505226610978
43.944424131232
110.438494817629
-9.06138304914522
-3.97446652368843
-4.5111573825125
-1.07484293886373
-161.706644853375
-20.3997395804149
-149.678722618079
98.4434221887476
-1.59372192865265
-2.95005835248934
-1.83563506146956
-50.9033748035173
83.5284629354394
11.7516727173685
-52.8814208530194
-37.1524511405416
0.335818985293217
-1.72544204212131
3.84739629609646
-25.3397297649883
17.2894000069343
-21.3603366189899
48.7088052363263
423.852809899838
263.147257234162
279.627048976742
-712.435482573717
-83.7276474424631
109.06933969295
97.6750254430088
-343.105840540923
131.038981303662
-381.696119964444
-155.817251429434
315.753369203283
98.798158320903
118.758418894174
145.380453104485
19.7928628508916
-0.81204698962414
-1.17338151443649
100.861001502727
420.537469291604
-1.02804929380947
162.078932505404
-34.6027087169685
241.324011651218
-63.1448662916421
66.8749355000018
-59.7090956758393
77.4787041246364
-51.0783669357745
-122.657682270036
0.635547493294877
0.635547493294877
-230.487473434658
-27.9362868647627
88.527606670527
-91.6717615542922
11.6234333145102
3.57019599544478
-3.52863718007612
-5.25679080266277
-6.52371768936501
-6.49687766216101
-13.2604673541569
139.347368044018
157.031470115771
0.453344533305781
-23.8192633536555
-151.960351962745
-246.052411748006
-9.31748812278736
-3.04113932531559
-88.147194244623
-18.0449427537009
-40.6640510322417
-3.23040800254112
-3.77454011238533
21.0956148961024
21.1784955187197
35.3880321352777
25.4592202360333
228.317463346276
-408.360719788534
77.564425706295
31.0710595904437
-79.2872090831263
-284.035178089844
-0.364029315733189
-6.68589610890007
-6.89512003054622
-155.63674920155
-38.7596819753505
-75.4812173639027
47.2210420533967
-135.635506176339
-84.5632599133217
33.9475439496276
-21.0405483059639
-21.0405483059639
-19.5629133382688
-355.89963591432
-26.9930704809658
-1.60764813819006
-0.744350245324582
-13.072139375669
4.40766571169585
-2.87113238100811
41.5876433345569
-677.85624804147
-742.167473320068
440.245775630074
210.005237243637
-40.4696468538657
-4.02498547648357
-1.25748824346309
-3.71201584060698
-21.3973510927511
8.00445718490284
-1.83532747769809
277.92421258848
67.8156611770668
-143.691809164515
104.874627821931
91.3981402055999
-29.9690458119665
21.2789099023956
-43.9488450285292
-27.9842765519084
-0.147201561342024
-12.2151486637805
341.991497731478
-1082.22372774853
632.172138784355
58.4190267167676
70.4343859752187
-80.3694966118237
-382.741905369396
303.111706047184
243.445230482412
-37.2721395799171
-190.839301538667
213.251640026116
12.4915694680081
-22.5637762473784
1.69704938045964
0.916618447603437
-1.14168221499026
-21.6997534588216
25.0500089912259
-120.106543118837
-6.88434747851322
-2.06586596503922
101.367165539293
-15.3741038600268
-15.7663324911806
-53.7968022739088
-0.972365123464651
-2.23478072918489
121.532310792804
-424.251589103652
-2.59250486985669
6.74227324390799
7.72461986348871
2.05607874715307
14.3711317897544
-5.1296003413956
-5.77054518509766
-12.4889083820975
-56.6018182865763
4.17996316236799
-9.96605085417634
54.6545870074399
-26.3540581418523
-227.344935152491
-43.7685768124496
-2.06586596503922
39.7676794531838
48.9759408194645
-22.3432013371339
-445.830307713211
-38.8109373729841
439.75489539178
-56.6191561592618
137.58399360233
-6.61897133921091
10.378103798946
-33.4887408379008
-6.55334620241377
-12.6616291321122
-9.1988972625692
-11.6649486631256
-2.79748372473183
-17.1432669607915
-5.78364527657376
-108.387544662907
4.9595423673185
-1.35522753673432
-20.3910291935109
-75.900131513712
-50.7945727878662
-15.6364507836885
204.931770284377
-7.64390882437325
-7.72628706054029
-100.109937823541
2.75460764122313
16.1405042409542
-4.45496546604505
18.2503584434743
-6.00857181389111
-2.47516835088722
-3.32510373179092
-0.4937723553643
-4.32250308400571
11.4717255663743
-300.868213650691
-101.475292169608
3.70475867204347
-25.5085716592179
-15.9161326113231
5.99917237554959
-6.11513083924742
-3.56007787316175
23.0778633188698
-0.00524086743879482
47.0495403023428
57.7485339319854
-31.584855236117
-5.95120450367376
-1.32726525082619
-1.87270949637775
-318.207626466363
-130.931096300584
-9.0575703244113
-19.2050684319303
2.933371082
190.391141214419
-253.576266422768
-1.29313959183901
-125.794879269256
-321.191287719085
223.404885985842
-63.333832418535
87.1580085859502
17.2620004784115
30.2404441341006
-20.7835171088066
-8.97924814377429
52.0436883814959
45.4737247175547
-4.37516099514476
-53.5891342588154
-39.8716225221335
76.9312579353835
116.718638985794
139.899401966854
-71.7273086796719
-121.613169761818
111.236787146689
7.44385386361979
562.647850100598
652.132981873963
41.6857489725843
89.418480606011
163.431613448555
-103.023998158402
-56.4231273766069
9.46397952432705
-75.5089018293538
-91.8692508993268
-113.114625615859
-91.9456028212104
89.1954900759243
112.564093281506
-18.7630896249581
2.52835279137036
-24.7996566035666
-19.3429419465632
-25.5773461468072
231.675553881215
-40.9565455535972
61.0347633333467
8.20824795914992
54.2269228581969
74.7672040542941
-581.567278254118
-10.4546852748916
-64.5224369703839
64.2971874421343
-222.941112067764
-60.6168911122017
-87.5911506286397
-6.3226477262312
-2.26145148141842
-113.946561163668
-119.412353814172
-197.209630398945
-58.9273439066007
262.894869742314
218.755469286259
239.00060799858
-236.201517577346
-915.820934099603
35.7770398414047
95.7823878753668
118.505658958906
-122.105888831785
12.1515708740019
-19.7660967159899
-0.307645692540364
-39.9502862190865
-34.8455307273251
-71.3559701127962
456.013270272659
-270.150192319583
-1042.39921899117
-10.5164429248243
-14.6568137328964
-16.7162006865628
36.4117641080578
-34.3256292106056
-12.4302891967737
272.067020531999
-16.5173568669168
7.6734646617177
-9.11550902402104
-118.705503119765
82.0570490409092
-49.7054629144981
-138.385119092275
-486.40825770661
-7.6312077493464
-10.5048577059526
-125.129537550878
15.6714979837236
51.218548851496
26.2874891262984
3.32081078921408
-1.99806795304261
-16.8704606693741
-51.672964137025
-61.9420283283876
-350.737254531553
15.8616027596424
-101.30206431167
-218.778376212327
-13.2350203464805
-152.404656495356
-93.8514747020941
798.187279336334
-1358.89832061081
-61.2019776069505
-704.873839975407
-134.272670737824
-140.90323552011
-143.514923521077
122.935149390112
-9.1431122314116
110.855144448927
-6.45818168268153
40.4054081667642
-18.0732108816162
7.84823152156938
-47.0605784849475
176.58792182044
32.4019207853933
-630.585897452697
-1720.48558988717
-403.585631747259
142.148793904661
-423.964881943249
-65.8334061921821
274.454804131286
-149.851770334016
-148.405634281461
-199.901868193149
87.1966420773691
-21.2539932542322
3.36547575410668
-345.685662082419
-21.109531011871
-108.936871045568
-1237.78765062354
22.422276709158
6.39986846539324
0.0902875114111406
8.89729896244158
8.80807748401666
-21.3560839093132
-12.6511757446656
-0.675395803137611
141.390047647248
-56.8761720576641
-14.2106472126559
119.300752196041
-25.8247592936986
-5.49629207073716
-44.7652895058492
111.633575968841
168.191245054753
40.7593174307713
-29.3627657650173
17.308100311071
-42.8376566076589
-38.4071573493351
68.4646417297007
2.88036728703978
-2.15241944459203
-67.3544094972868
-6.00083381594062
-61.4655653613487
-43.5436627945372
1.46583235607732
-6.15933684728052
-262.80096869502
71.3000632137223
492.349745317558
13.7984499847424
17.4544917193553
-158.62266736778
15.5633322971327
38.6870749859063
-3.50053078735065
-2.24846649613359
1.72472997187615
-3.74548144904265
-94.1996417755057
-2.29241509718634
-7.50263225152113
-3.12353387430384
0.73207777526487
-4.03894259159749
3.27290170424581
-21.0599935075556
-9.49345048043417
-2.37157444644903
-5.80650840046033
2.01580658105464
-7.75804702637883
-8.42948562678595
266.800897399523
-69.3626761899925
125.668536962992
62.2358897532226
15.6434133874231
-85.7180024381819
67.4747548013236
-95.2821727756649
281.165542640148
178.912908180587
-956.340627319346
357.6002782519
-4.56794254761238
-5.83672038849154
42.2095856132341
32.4446439246607
-168.776747230337
-214.314227618706
-357.091654035575
217.553093388023
34.7332443679878
-177.801314427542
-26.4614340591451
-6.36879424064676
-47.1189949353648
258.862272814865
198.729438527417
493.294895129763
430.652363562594
9.47350583012379
25.1990653714816
-0.845515131396741
42.7267203245884
-40.2665893309441
115.963541653674
-10.3051795309278
-40.8046908850529
1.27989401652066
230.456962117012
231.177329312661
-13.8194110106119
4.32914778563536
-47.8755490974659
18.1534138732824
4.009915764757
-22.446741895321
112.62900629085
-330.978931771838
-83.7536325720654
73.1597000845278
74.4370337257586
73.2412697763572
-177.78296467372
-314.345854100531
103.211108648377
5.50112480500982
60.3851317853351
-60.0047139744144
75.9103914571881
90.1922106201609
19.450400391113
111.414724344181
-324.899675776947
-640.225068044457
115.76814101831
-840.977953666373
931.419047253554
371.184835041108
320.755353992778
-36.6608117162758
101.832202087981
-235.062920707183
2.91444289128185
-13.4165850580564
-3.40556061273955
-309.284986312396
-191.214282588815
-16.0094554175811
22.0374585781519
-247.449698736571
-1.50558645382578
-11.7063011145105
-40.0081899673972
-16.0625436447469
-21.7274840880502
-10.2220353761948
-43.5089545447187
-690.398132460076
-504.373912148674
40.6604382216344
46.8202095961983
36.838489937593
435.54868143163
-382.323702779571
282.796761188813
348.277952382999
-40.6677396844807
-54.1707837064189
-177.503140633854
-84.0478762982443
-2.51466318849699
-2.81822138239455
-56.7968925725828
-128.075786954592
110.493792712266
-318.132700525134
-158.685997730115
-14.244640265853
171.577498414735
-29.877863178569
158.494559111808
13.285220008692
120.342164421892
247.970009478293
-80.5240986265077
-135.650094688443
-117.907064911083
-48.6387410902132
-89.6528480997809
-203.133650470294
-51.9283402621325
-1.56641065363818
-172.168599104206
-104.888234889408
-115.849831848731
-83.0360526988281
7.15696132081271
-55.8544531788676
636.608149705744
628.56736777921
-30.9822423162654
171.056307622631
10.8769800690847
-3.34677181201439
27.4132960711895
21.2471814942224
-81.0737533133244
-118.303382929548
140.200386208303
-23.7357450961671
365.775166178746
15.9370171859939
-25.8315898881566
628.137059957238
-44.7089703152399
-19.0790496236541
26.0139528634748
-524.106923963451
2.4116531120152
-488.972422739674
-511.677253943112
-44.9439984772317
433.828708203049
-10.9659624873548
15.3113036562549
-32.6066922426001
-22.8877799406054
-98.4424266284337
-45.8859239856878
-245.318523837711
-93.7625188963663
-37.2931821590268
-9.4696921649495
-17.8378178567124
-5.85767465013644
2.28588981872696
-68.9623334778422
-16.9374657428672
7.77532460255902
10.543082528332
43.5325034068778
37.0252463335054
-12.1255906047336
8.89604652459967
-487.862739503461
-158.497259010147
-9.65785841094648
-12.1179015638145
50.8588215844203
518.828106826105
-0.772539817746638
-5.30479289221407
-1.16403675026564
-12.00558305028
-9.09682852683486
-11.2810829845288
-13.2535756847706
-9.47224222304672
-3.13695158773601
-17.9317792169184
-361.670485724181
-151.752586376117
-118.073929531403
-10.0718441069278
-3.78388470754602
-312.415697519861
-6.08678021730153
-9.49801636003155
-4.20842359049341
1.94070944347489
-0.779715904632099
-4.98681408719073
-1.87936657534363
-5.99754940699812
-2.55455828426037
-3.35739800432706
326.449997071198
-10.7631298887326
-0.634888469589068
0.364110021197832
0.0482732143978619
-0.438948099482917
-5.43112843316469
58.9546145203147
-29.0584964498011
-58.5836863453776
-31.4629880775158
-2.93431845521262
-6.4333523075153
14.2314552348893
1.19784633672286
-3.79921118859495
-2.06586596503922
-5.22653357176033
162.268047056861
197.610153890654
-1.19250491367762
0.95784385427945
-0.762403158338213
-0.0122035252702702
113.539962415315
-112.12693192227
-0.807722034638631
-7.26978624367439
-15.279801263413
-59.7202306535091
-127.621552358084
-19.7957556057655
-28.5926456990776
-1.65068602900125
-30.5379565669506
-111.002617777113
57.0974711588259
-15.8359661510586
-18.8630004831039
-31.128977939158
2.05032092981565
8.26616605887822
-11.771726357254
-0.339379269236473
-7.5290272845883
-41.24156405434
1.79508805150336
-16.3018167283005
-32.1394875663758
-9.93442846984275
999.374635023031
1867.52903936781
-190.434596688553
5.61725297580338
-8.7207008456867
-1.5460919771946
-2.18877905597468
-44.9687599032002
-30.3730433887254
-9.91487671881003
-25.5795889851227
-9.02957053400353
13.7169653698418
-19.2458399133726
-123.277293395589
16.250787691891
93.3342087248942
41.8544320562618
-2005.69742289717
-27.5731385630792
-2.57302304022165
-3.77966460181697
5.63169636417068
896.940227741774
169.040068322003
-30.2623015979594
906.173347096327
-1.44480787320823
-7.70841170429778
48.9260411474039
-177.240798238473
-52.0520051734794
-307.34978188697
254.670232109235
1293.43685242292
366.79073249733
-676.021205365144
247.547639617883
286.466293911871
-155.913026360697
52.8362767823329
-319.499059454641
278.001817088346
924.837798968937
-449.069877507958
1.78665663482026
305.116690114544
-25.3070776076263
-4.31929980875621
9.27174261082038
-15.9689885752991
13.8297395886271
-170.371861846257
-96.3228703302869
-18.1546565257161
128.614118777244
-203.628484202421
-125.194215077746
-208.108925088108
-544.108493043777
6.52242876264296
2.67050233327837
57.0625252188622
-438.04552504548
21.9654308034483
53.1853598270589
-90.4179548595809
76.7936812699957
92.5220452893506
-58.1297448130382
-23.0010489733764
-96.9140137757331
23.9278586789004
-30.7097818706329
129.52617467256
-17.2799693114931
-15.2348811322503
41.4999232091526
-64.2602753935529
-43.9023878171593
17.5326066797171
21.39264303082
26.9607912517273
26.5488538014677
-27.2575815657482
100.913098918451
42.6154556204276
-21.4320228167151
-44.7955861143407
-26.0957489860926
-3.38613361073994
-14.3013013830803
-56.5711948126288
2.22074210235755
29.9931448479894
35.3593043366114
1.84267492816512
74.2144815568165
75.2601575540917
289.518803145394
-183.740380373739
-84.4794140358324
-6.92357335728143
-14.2078240167395
345.288781255258
383.024302163564
-31.1590588261353
203.163768643971
-7.29027167331603
203.306697420892
-2.16193129940807
-21.9360287481419
109.794565052903
-0.253666516747658
-12.714592935445
10.3676785612344
-1.43483584093828
2.89375557328984
35.0627803891317
-63.6791339942007
-16.1210410617722
8.12375840253664
-9.23112744450665
-236.781718885105
-581.61511984155
271.399082765098
191.328961716293
-120.217433393614
-303.736927761265
-483.091586535418
18.7997773407376
-138.887766716284
-25.2823068788966
-2.06586596503922
-59.6856632111044
-44.8552636498953
119.504245282127
-89.0377838932269
-12.5615972665977
-29.5370935256608
-78.1203921874966
-8.97697757962566
263.404565707623
-0.535376366394348
-15.0928610929252
-31.6746188131153
-21.7251705388386
19.8586108702626
-57.2653762799591
-2.17770586531883
91.3888619599051
-11.4878477742021
-26.4283170053404
-316.620327250723
0.55768205764997
-11.3471160754743
18.9546870178309
-11.6761946318751
-0.282984706047688
0.0012506603428849
-0.233484955184623
-6.09033213175927
487.47914878586
-16.1746683916522
-8.77290915659769
7.55959740942885
-11.9020968536752
16.3223413378677
-1.87743188782398
55.2186366148998
-1.9031190744135
4.0216938053649
-31.1424035466188
2.60271277465318
-11.1111675995351
-8.16144926583124
-15.5174229011439
-48.3714854749948
-29.314724063719
-4.71182706478683
-7.74738082969183
6.70874446509047
-187.028023409092
-5.62707065733103
-12.713397613314
4.69827354555962
-0.245335010067075
5.9292372607775
-5.37565770246276
-62.1436064901509
-340.65437962627
-482.271526405576
-16.6374996722461
18.37939968923
-7.43398809572722
11.6678164297022
-1.58589196806877
-8.10795319290147
-7.82845605413533
-0.987071074028961
-8.39946246642702
254.538909425544
49.4424652508336
63.8970298791295
-18.3037193542908
-13.9576746528815
-4.04955972730176
-731.420794411895
504.151593272829
4.70251038594793
682.147996024997
564.304832792531
-653.59941330552
-321.879972151415
-731.221019294041
-1230.33755983165
124.237897063367
-561.311983937139
-36.7885439154691
-364.623873765462
30.3149894954822
-26.4426588537107
-15.4298968099727
-7.81298171185231
-30.0282662877056
703.68870608821
10.2249049962676
-5.3564810627153
-33.1845821443121
-458.122851768091
-837.814358493326
152.461652822114
309.81230939356
-406.234594631829
-22.5426730888417
-501.694023547827
163.322750472279
-274.234038696435
-1.90121675311907
-23.4910663767855
-107.87343055471
285.448959744398
-19.9245202012929
27.7283607252941
-33.0477336475138
-38.2929586269762
518.983394817636
619.026013670942
558.73040824474
299.025789859836
-22.4595704270223
-1.10259479019936
-264.900098461743
-190.227890395683
-14.8321109847257
62.0860507199223
-919.939070859901
-42.7672838257115
-123.452697521051
52.7366692543517
153.046032110515
-304.881290709904
-399.887653964114
-53.1335101590973
-122.802847437919
-189.575147991155
-32.8078886783844
249.870354653308
401.900671023703
-63.5282264557104
