6.79489094359749e-160
0.0499003420872808
1.59657105012665e-120
1
5.12668845190876e-103
1
0.0884611832307495
1
7.5466618609967e-70
0.0852235279704743
0.131757865277427
5.55504945455382e-07
0.0789843884692063
0.131757865277427
1
0
1
1
2.15893997387698e-101
2.64026332674634e-152
1
8.27497223075949e-34
1.1455671092294e-45
1.32888158079906e-65
1
1
2.9075898384246e-101
2.09650766686139e-22
1
3.42331012351612e-06
0.999999999912312
3.79870164941437e-10
1
1.33859992622104e-16
0.102397432290985
2.04660273009403e-32
0.99999134263689
7.51770392365665e-226
3.45149152079439e-80
1.87527132252079e-05
1
7.02816113819318e-36
9.79489842231238e-21
5.72720547993873e-123
0.280504181464431
1
1.33980807750463e-05
0.0789843884692063
0.0632059658998031
4.75712166669414e-90
8.38464268228551e-101
1
8.60649611837049e-51
1
0
1
0.999999999959827
0.999999999998404
2.07269399197597e-13
1
1
1
1
5.20041414392536e-40
1
7.82882472160458e-124
1
1
2.72464753809448e-67
1.61988479703763e-25
1
0.999999999999925
6.48300951658726e-27
1.2260606522001e-47
1
1
0.999999999999993
1.60853092378343e-52
1
9.67575266281983e-09
1
1
1
4.18962085875217e-20
1
3.63003299200137e-54
1
1
3.87300841757368e-50
2.22158754641209e-21
1
1
1
0.999997876254103
1
7.51655743208352e-19
3.32363597731834e-18
0.999999999991523
0.999999999598454
0.081651738555278
1.72507788477e-09
2.67783921459629e-34
7.13295819549345e-149
2.96220145866832e-46
0.0366574830533082
1
1.22322729405531e-131
0.0540688926343502
0.99999999999993
1
1
1.41780322647935e-162
1
2.63401622586285e-24
1.00210615290615e-40
2.31621551496171e-35
1
0.0550759186281146
1
2.09824100283926e-120
0.99906090912424
1.137009613775e-06
6.48254645647419e-23
0.999999999997968
7.95564799428544e-88
3.89776105505018e-79
1.22144595912995e-16
0.999999999999321
1
6.75848670768761e-140
8.40943711530063e-12
1
1
5.22048829692423e-05
1
1
0.99999999999998
0.113891351335986
0.94464959900846
0.116789007519093
0.00170951359943511
0.00316161525956472
0.112135904906754
1.55330779368383e-05
2.97790385491287e-09
0.000355291533861135
0.0436753871891356
2.7947260986185e-43
5.19957970604184e-34
4.51253212980121e-07
2.20269147779242e-05
0.305385839380111
1.19595217846495e-20
1.48698712782999e-06
4.43853481392367e-08
8.30489074600411e-06
2.34010823413377e-08
6.10307185561053e-09
1.53489883337359e-23
6.95357314667217e-125
2.9832513660616e-164
2.96397477146819e-129
2.47396499433815e-06
0.0353179899291492
5.60134865231884e-06
0.0131663856739587
0.00093657286098691
0.000541850038593987
5.37929367671474e-05
0.000863868752895776
1
0.00416894488603576
2.47102903131324e-05
7.18184965713674e-13
0.012083244003985
0.98637691873903
0.999218276070269
1.43805174317722e-28
3.390626646642e-16
1
0.956393571062975
1
1
1
1.4711692670275e-15
9.05523873315098e-13
0.750261284391472
2.30086631624486e-05
1
0.0141478724713185
0.00166477001106215
0.898116466880226
0.00133371380145738
0.169430761790728
0.00118935718953613
7.55343608171242e-05
0.00298712213138652
0.604481118019135
1.49882530942802e-29
2.96343147921835e-64
1
7.73354592565886e-106
1
1
1
0.99999999999999
1
5.78546813166802e-31
1
3.56072293113966e-55
1
1
0.829336365433038
9.47577960953241e-136
1
2.02055236386824e-97
0.00010036610272149
3.21177001312969e-33
9.71529717372731e-18
1
6.50915334251668e-87
1
1
1
1
1
0.967714038928905
0.00491580819072914
7.58791955737842e-99
1
1
1
1.46359493436969e-08
0.999300702274059
1
1
7.80934149052517e-36
3.64698554690127e-76
4.45899358809011e-44
1
1
1
3.36042711247884e-72
6.85969456096473e-89
1
4.88036825635407e-06
1
1
1
1
1
1
1
0.999999999899676
1
9.39805897394087e-39
2.75965167471652e-38
0.991618464697213
8.09844925679502e-08
0.399618581597914
0.999999992817623
1
1
1
1.44539191473933e-08
3.76248260397196e-19
0.99822087380109
0.00141627912929402
1.85360496918501e-10
1.48705465537777e-110
1.17074022136271e-50
0.000408024931181298
0.999999999858152
5.85420418052066e-64
8.44908128073762e-62
1.57424426058366e-69
1
4.87259946088456e-09
0.999647360132256
0.999995973229292
1
1
1
0.999995342702603
5.18343801502944e-12
1
1
1
2.88711194996064e-17
8.49931018105518e-08
1
9.51202857110802e-17
1.72665116688881e-07
7.75237680551206e-07
0.779293648352086
8.49794957835647e-09
2.76537433504707e-09
0.00510727607428447
0.218810897005334
0.999999999999951
1
6.95120380630352e-27
0.135711142174958
1
0.00464001018920456
2.1728827695977e-09
0.931545100389039
1
2.6958334409362e-15
0.055195086209835
1.65666700636122e-06
1.86565460400021e-61
1
1
2.89153680583571e-36
1
1
7.21808442994637e-42
1
2.3413246439325e-60
0.999999993099377
1
4.11927966755467e-263
1
1
1.25230152775621e-25
1.47981041995755e-55
0.999999999999994
1
3.53589894166159e-28
1.16818709590099e-79
1.44268530532958e-38
0.999999999876997
8.01137581762558e-19
0.999965396826409
0.271058450142056
0.147040828858232
0.279027164889403
1.73468062121701e-25
0.99999999999998
0.102397432290985
1
0.999999999999063
0.999999975696889
1.40800905722398e-05
0.209114504805083
6.04150395127856e-33
0.00141894130785392
0.999999999798565
0.0598538896398335
1
3.66777270580157e-46
1.29945860691981e-69
4.49610653638351e-08
0.0579930813317393
0.99999999999996
0.958641790157269
0.999999772794636
1.29811499909853e-05
7.49634318442085e-65
2.59689693323985e-06
1
0.0397302720309871
3.32212649368181e-181
0.999990736210441
1
6.27897170869906e-121
0.999999999998408
1
1
1.9757386490517e-11
1
1.40688217996071e-29
5.21616985376832e-13
1
1
2.83184536939615e-90
0.99999999999809
6.0239655348963e-16
1
0.00887864093213877
5.50703915855802e-06
1.58475961407661e-06
4.19416715971584e-06
2.78059808134718e-44
1
0.999999997972725
1
1
1
3.34727283555256e-10
1
4.16115368919928e-06
1.8032744313874e-12
1.22162448157945e-17
1
0.0169433397283148
9.49729535686982e-07
1.66383764567044e-106
4.63211198629137e-136
4.93921421796315e-27
5.39814138449761e-277
1.17527270879916e-110
1.53072543054548e-27
3.42408563337752e-32
2.40658133977008e-09
1
1
1
4.59609431420634e-183
3.84638050725048e-43
8.77798872518511e-129
1.2917022213428e-24
1.77107844319145e-18
0.999999999998988
1.790939177575e-122
0.999999676032146
2.54097459612041e-08
0
2.65535030994052e-14
1
2.45377656313578e-08
1.59226834751505e-17
5.25839688210015e-24
0.00442308687489619
1
7.95508616162359e-155
1.46663093796347e-40
0
0.41918270393915
1.90044136817982e-19
2.86870925219298e-06
1.96487527077878e-08
4.28708775947444e-09
0.000144634098751748
1
1
0.026880249152107
0.0852919033366275
0.204593676026367
1
9.56462661406342e-07
1.17940632523061e-74
1
3.89223282344805e-62
0.999999895052749
0.999999953394795
4.81143689143413e-06
1
1
0.99999717975959
0.000197131193897236
2.02963467165551e-42
0.00451561081003503
9.06770156034384e-82
1
2.17404271798375e-20
7.80434460243174e-08
1
0.000716916173550935
1
4.14668559057936e-05
1.57193402032445e-58
1
0.0339627411261349
1
0.0374442108421747
1.59867879916642e-13
0.0006261560337938
1.5845380213604e-14
0.00140710127732076
0.0167112350843552
1
1
1
4.33784735220009e-28
3.42684028333393e-33
5.03912735495652e-09
4.71373931532117e-28
1
0.000726723734694175
1.22520920359359e-143
1
1
1
1
0.0298930061816563
0.999994008519893
1
0.998053237822561
0.0462245881950297
0.0140469452766494
0.000238582691011672
2.42208051504009e-05
1.91540450991813e-07
0.000208685250431125
0.351035333978457
1.39145605869788e-22
1.94916643833202e-08
1.30722120651775e-09
1
0.0329455139524736
1.37333324948146e-09
0.242850578179787
0.000177705742886599
0.000392389288103576
1
1
1.06842241132351e-19
2.89852196461536e-22
1
1
1.11514713581156e-32
1.79034356113224e-47
1
2.45295860239145e-06
8.4197153505032e-21
1.4381937050033e-19
1
1
1
8.58746993263307e-185
0.999999999999999
0.000258135075040519
3.58513273532222e-118
1
1
2.53684714471993e-09
0
1
1
0.999822644739268
6.38103419457173e-09
7.40529977919891e-103
3.1348466175804e-69
4.02167170999074e-52
1
0.00535115913675676
4.89287332467622e-50
7.52946377100132e-69
5.77896254816801e-51
1
1
0.298313770068977
0.105179817647321
0.712048662903142
0.357204811329363
0.000157798783612141
1.55601086279538e-06
0.00138053994468965
0.00487944062832667
0.00655840641555848
1.700536287189e-06
1.18400457169992e-06
0.144046164721921
0.990648359094752
1.18033964960327e-15
0.000357489845719106
0.00041305566723908
0.042315600001912
5.08501385229988e-07
0.00433572290494666
4.968004965804e-08
0.0126671525023847
2.81658829216338e-05
0.800187649535054
0.131757865277427
0.0789843884692063
0.0915720717633859
7.60256068956854e-09
2.69481051346601e-22
0.0931844001952891
0.0483372740269684
8.19557880385451e-49
1.98058499255081e-07
1
1.20770105330547e-34
0.239649513281209
0.00211679055215152
0.000956926100481715
0.00195949840915623
1
5.47928621179895e-28
5.4208470456316e-05
1
1
0.00189068804301512
0.00671517580647184
1
7.1454976640074e-14
1.13045277367303e-73
1
1
7.37276395652287e-26
5.49729446239316e-05
0.996924278758936
1
1
0.00838258801880238
2.59524612435245e-05
0.117357315623416
4.21874550249305e-09
0.99934571313912
3.6912757263533e-10
3.20087664261346e-14
1
1
0.999999999224473
6.32267213713769e-46
0.00441342084937928
4.04039592788681e-09
0.00505987924878472
5.98666571847082e-70
3.35500404832356e-53
0.999996648991028
0.999999897493093
2.08371231993457e-07
0.999999999637256
0.999999629178257
2.9699420489391e-55
5.69314905432853e-55
0.999999999890677
1.41286122234734e-52
1
4.74763069520415e-110
1
8.72923857226755e-07
0.000592516350025463
1
1.1936190948172e-39
1.85175610727484e-42
0.000607518821490004
0.0169685259233168
0.087078928858825
5.88365628194178e-21
0.62146215266471
6.5663174076599e-28
4.1667211951902e-05
8.69027195278347e-19
2.19074866907829e-11
0.933083917968548
1
0.247183533546032
0.000373100117277509
1
1
3.32297771861647e-06
1
1
1
0.903421251134476
0.999999999950665
0.999990023116837
0.000142073640563494
1
0.311972539667114
4.38931680782797e-06
0.00506532957827668
0.0206416526712731
1
0.0178999252940243
0.0464742653750597
0
1.22473012998466e-07
1.29347309726659e-05
0.942023731877772
1.34070201443128e-204
9.82472123536513e-113
0.652218584495559
0.00135675160571703
0.997627030189172
0.0042015980211664
2.07152183526371e-171
0.00128934964493443
0.235848283734697
1
0.573516187486151
0.0123156641725161
0.861151685522722
0.0825271332134577
0.0002577155785621
3.86799897278057e-78
1
1
0.999999999864329
0.999999999956134
0.00168837540483645
0.19534196636214
5.50737970184083e-11
0.999974986827
1
0.00608346056240315
0.0193143421491017
1
0.999999997577354
1
0.012381125128846
1
1
1.66111390271282e-117
2.80295996303587e-81
1
1
1
4.95782264065654e-103
1
1
1
1
0
1
1
1
0.999999735232119
0.999999999999449
0.999999971575056
0.0109082666523622
0.0125228378026463
0.871659427328187
0.999993796257877
0.000795911824283549
0.999916613609952
2.98864958313516e-11
1.2980434687338e-09
5.25083788898583e-06
2.27172467421961e-12
1
1
1.65294058243309e-07
1.72436529631511e-41
0.999999999994261
1
4.16779761924954e-69
0.137651973691482
0.0287205522270463
8.65612504418501e-53
6.83664160223788e-16
7.61732059317824e-72
4.11602008593315e-18
2.74373646644202e-14
0.999999999999779
2.60611661945585e-84
5.34783564320676e-05
1
6.30331279108193e-252
2.56135910463451e-21
1
0.999999766483606
8.04906812701571e-64
1
0.999999999999911
5.20876566610208e-10
1
1.85141054679741e-56
4.82395603072381e-05
0.00332149626896779
9.15515407863871e-21
0.0442403649183696
3.33291277674925e-07
0.0128511191808951
0.00420833705635421
0.999999977330287
6.1781811747703e-15
2.39018199326656e-06
1.36518601960498e-06
0.843234645435864
3.81949684550585e-32
1
2.24830440124673e-10
5.68668257306494e-05
1.40946342764316e-165
0.13184573138173
1
1
0.999997815476632
1
1
1
3.51892711334345e-105
2.08204342497512e-05
0.89858765194917
6.77871833599595e-42
3.10412640511605e-05
1
1
1
5.08433103916194e-112
2.19485642600931e-101
1.92369471527131e-162
3.0748823623171e-17
0.999999999247045
7.10169536984338e-05
0.131757865277427
0.0789843884692063
4.1175410781941e-38
1
6.15349883256932e-11
1
1
1
1
1
1
2.01519787173917e-45
1
1.60893280902496e-291
6.84368081227421e-44
1
0
4.32732623636847e-79
3.10226997707832e-102
5.18635915683563e-09
1.03849246809736e-20
6.23943674148669e-166
4.77815804643869e-142
1
4.20532038011519e-186
1
5.87496440624579e-58
1
1.43479992334107e-86
7.88377553508125e-14
1
9.53120834586859e-137
1
3.48271125980662e-25
6.00983066027543e-148
1
1
2.01209782947429e-10
1.01755700370128e-56
1.86028150259248e-19
0.740772813023882
3.19338792084068e-09
0.0426060962123602
1.18907890839402e-07
2.63952551574468e-42
0.999999993707541
0.000111520467417865
0.99999988291138
1.29709340701165e-252
1
1
0.313400883148961
0.331562786875814
1.08951186795813e-12
1
1
1
1.60848978713031e-137
9.41513802723665e-77
1
1
1
1
1
1
1
1.29506890260122e-08
0.99999974960886
0.999999999999994
1.46406678373594e-10
2.53660078574607e-106
1
1.20474606324234e-26
3.45325029278295e-07
1
0.999999996665935
5.53532638180812e-20
1.41597334293044e-24
0.999822325868709
0.0137879923488117
1.6877232252459e-71
8.16248531397511e-21
2.3122541633443e-54
0.99998928034428
0.99999999999995
0.99999994952277
2.32890140335016e-06
5.56468745672406e-195
8.35932445916459e-229
5.48939054817315e-30
7.45404080423777e-17
1
1
0.0425574250715459
0.0580110492329946
0.00203175971693579
0.0204200634522745
1
1
1
1
0.999703524083772
1
1
1
1
1
1
1
1
1
1
1
0.0760085717913521
1.53107638844792e-24
6.55126599460476e-199
4.8198786670827e-57
2.32064527624871e-180
5.16459945030189e-56
6.24832655591922e-118
0.00993937666440724
0.999999995287573
7.59495454228394e-240
1
5.79258853146522e-194
1
1.89696998641345e-131
1
1
0.227814528620593
7.11608560962497e-06
1
1
3.33708773000938e-36
9.5660645757556e-123
8.90176825214432e-34
1
1
1
1
1.59822059829374e-10
1
1
4.12185377902676e-11
1
1
2.54220174045387e-50
1
1
8.74749072720763e-08
2.46451554470038e-05
5.82930563101714e-15
1
0.0348399380128245
0.0180446080116614
0.000837752923230655
4.40909998412641e-33
1
1
1
1
1.12075973899921e-67
1.76482391075051e-16
0.00742226393020588
8.50788175159044e-17
4.58412121001394e-42
8.16216374250219e-08
4.76275301143737e-14
0.976102357388069
0.959441449729307
1.83614636155031e-05
9.11007656131803e-05
0.731289511703116
0.999952070028984
0.999999999802571
0.0449518986203371
0.259043906211183
0.999999999096876
0.00747174125525315
0.000179058933430953
0.0080530435213258
0.0960213913989044
3.05950500261194e-23
2.88398108969671e-23
5.64408244887232e-05
0.000141027637761162
0.00121442257564136
0.107447870461963
0.316111859715336
0.114101032126877
0.0201703906239606
4.79594125778826e-16
0.0423014679171667
0.104294139923164
0.000238969960942507
0.521083327304037
0.0210829615142279
0.586992267485714
0.00303990830399348
0.0768402548239674
0.0436568791669506
0.66703526588827
4.7223563042117e-05
0.048732676536143
0.792754810628875
0.0792109001201125
0.000256039052837008
1
0.273821343143233
0.885014436081121
0.415113179692222
0.00197339337102566
0.000695658808332874
0.710545315866539
3.15987999541612e-74
0.999999981766882
0.000254537184798019
1
1
0.99999657393681
0.99998820156243
1.40999047180382e-29
4.70779468041111e-05
1.49465294237007e-06
3.43695807582394e-15
5.86043014211942e-111
0.000531544953265999
0
1
0.999999999994156
1
8.77426260591851e-279
0
1
1
1
2.97399561885335e-271
1
1
1
1.67807554639397e-22
1
5.76614774047596e-16
1.25556345635764e-09
1.87311261944948e-31
0.0003506534225449
1.44144126448589e-222
0.000452689509553102
1.49624218945872e-05
0.000336608235995243
2.35586325629463e-65
1.54813751013051e-64
1
2.36646701492388e-104
0.000199120204368087
5.57641070277542e-122
1.47988768479401e-05
0.999999999999824
0.102397432290985
0.0580574365061261
8.84209268492291e-12
1
1
1
0.000501005067518252
2.38089357897028e-41
1
0.999324954204138
0.444956725352262
5.25341700314225e-14
1
0
1.29572747516295e-05
0.00217198422093231
3.41792662509674e-11
0.99999988756796
2.42804527631488e-09
4.91331167726048e-69
0.000428875028182398
4.08335632141603e-106
1
1.11896179794045e-08
1
4.32272371193308e-76
6.07214934330951e-24
2.67557690118407e-171
1
2.76821064055346e-18
1
3.14325493513363e-198
0.153858892952347
2.85761127017014e-65
1.34250742426772e-06
1.12772712684971e-10
0.986900185202929
1
0.00228085614274648
2.94048982154463e-27
4.65825174192175e-26
0.99999999999059
1
1
1
1.17226593981438e-63
4.05447765896041e-09
1
1
2.59389127095294e-32
1
5.94044183491851e-31
3.35724983887516e-89
7.46295480556484e-13
2.28383060504921e-13
1.26143354584268e-31
1.3353308706995e-11
1
8.30650596546981e-59
5.5100680189967e-63
1
1.09778581197809e-185
1
1.25827523929294e-153
1
0.999999914793961
0.999998483643758
1
1
2.24748505437846e-43
1
1
2.01853073499326e-06
8.11048033460054e-16
1.41908516423502e-156
1
1
1
1
0.99790388390983
1
1
6.29049057680323e-74
0.187749085307846
0.0116284361755351
0.99999999917877
1.99256675700981e-50
1.60475209542049e-80
2.20963099443557e-13
6.68818393906932e-121
1
1
1.61651340559955e-66
1
2.05286793874871e-152
0.961190160215227
0.999999997787097
1
8.38807973442381e-48
3.90180035674709e-94
9.93782247075588e-83
2.39785542052194e-37
3.87522865513424e-35
2.36194214145524e-103
1
1
1
1.44146509129754e-95
1
1
6.94650690531262e-140
1
4.16988870166821e-187
1
4.70340592928005e-127
1
5.27223335881281e-39
4.48198912223715e-143
1.10352859358169e-24
1
0.141255458089302
2.85466999944996e-07
1
1
1
4.50470526467205e-164
0.980223916415626
0.999999999999996
1.29852048499009e-27
5.61215167965138e-66
0.996982425781393
1
1
2.97041838892107e-07
1.13525307325281e-05
1
1
5.17794380759069e-13
1
2.32572556828448e-97
0.0715733457518713
0.973308892009151
0
1.43272454449922e-143
1.60647424413795e-132
1
4.65149599796451e-20
2.99669258517116e-22
1.02128390862153e-172
0
1
1
1
0.999998491647411
5.76574749851029e-25
3.66774367315005e-13
1.85136209086294e-05
1
1
1.00664460001234e-65
0.100136577847004
0.961461326843535
9.5344816857312e-07
7.69565581335011e-22
0.980853305375153
0.746765415887534
2.29425984152188e-21
0.038197073773501
0.999962225102246
1.12375763171716e-15
1.50015574646588e-298
0
3.53677876094404e-98
7.54201196375832e-08
1.48544540552141e-12
0.049236295449967
0.552804453555813
1
5.76064561043662e-14
7.8272600968797e-14
5.99427245212919e-76
1
0.0715354172060073
3.41952270100577e-35
1.31433867408899e-19
0.00124557479783214
0.000421230612574481
1
7.02937873196095e-42
0.0133141182252421
0.105467503317017
0.999999999999767
2.19331333254539e-09
0.999999966631703
0.99999999996304
0.999557331441149
3.96404973545224e-18
3.91244061451458e-36
1
0.0735677857286646
1
9.2890934400169e-131
1.38307366588767e-30
1
2.00391892369979e-38
1.0125739265624e-38
0.122366688948881
1
0.999999803143116
0.988608322800013
0.93450961424892
0.898131749188107
0.937379576597733
1
0.00280126687503859
0.738215793063277
0.0260878899464012
6.39805982811438e-13
1
0.993392806397483
4.40409034456633e-07
0.99999999756893
1
0.0819210290998657
1
1
0.00627564159485886
6.20991183175116e-20
2.10660825285803e-48
0.00233209037440445
1.70978996314744e-08
0.280007528339993
0.999999938562383
0.992073088798203
3.41111929554868e-07
0.999999998021194
1
2.17105366808681e-171
0.000323142373980199
0.322442045937649
1
2.8999612042131e-83
5.00492876740347e-92
8.95645190195111e-10
5.13972078315803e-07
1.07316349499073e-16
1
4.20982617217146e-28
1
1.29390303453045e-05
2.99429095983787e-09
7.27648093670438e-16
1.64297752337368e-19
1
5.11090246560186e-54
2.06676706841221e-95
3.16905690908356e-22
1.0094797694152e-60
1
4.6180808155362e-266
1
1
4.85003799516763e-35
1
1
0
2.58044335599411e-75
2.83906151144905e-55
0.0203577717142494
1
5.62655870084277e-16
1.26988922780592e-68
1
6.16207793615191e-19
1.7076326206325e-09
1
1
1
1
2.09465337726418e-59
3.74355246043e-28
1.81337958774311e-154
2.47053319094809e-13
2.02436099354772e-18
1
1
1
2.6287440534679e-27
7.8282038689642e-10
8.05969200302802e-19
1
1
4.70588940055363e-105
1
8.29449241526176e-92
1
7.63362969245271e-20
2.13953925842838e-16
1
6.34027880190886e-80
8.06895503288294e-118
4.04071471320163e-95
0.999999999476338
4.72406690052141e-60
0.00805598594173047
1.27728023959158e-11
8.9658651023355e-06
1.06442685130006e-28
0.999999999999999
1.52502903817679e-24
4.64506733629703e-11
4.99816802680184e-10
0.00803745487526258
3.085074752158e-12
0.999999991782154
1
1
1
6.54339624260606e-22
1
1
1.56474417010441e-20
0.00490274631075285
1
1
1
7.8290156865224e-79
4.79512289067351e-08
0.00904303259645043
1.13601435790807e-25
1
0.999999836745739
0.999999999998447
7.2694569175443e-40
1.56134757225792e-43
2.09720615047769e-08
0.683900867078593
0.999921753273594
0.0297076617268327
0.211937360945128
1
0.999906758471676
1
5.90045319547151e-23
3.60983531418835e-16
4.85506070783145e-14
1
1
7.07458002411474e-53
1
3.91470362311818e-30
0.999999913046973
0.999999999998065
1
1
1.58892560469466e-52
1
1
1
0.999999999999965
6.80331673566984e-208
1
1
1
1
1.12572887248936e-64
1.42069565247327e-49
5.47581808989997e-38
1
1
1.79618095852941e-22
0.999999999667881
0.738704442026055
6.62136388443472e-73
5.3650178699992e-37
1
2.31009565321854e-51
1.68210229324778e-43
1
1
2.1334150593561e-12
0.0729367798314376
0.000718465328526204
1.04678239252362e-106
1
2.54788968051731e-27
1
1
1.11573939789128e-63
0
3.03191912880555e-08
1
1
1
1
1
1
0.999999998584222
1
1.50430414992249e-168
0.973749779828621
1
1.53712550820859e-46
3.52938155844537e-30
1
9.13258647179122e-247
1
2.68887208964326e-103
4.89447030849222e-87
1
1
2.78045165610773e-21
0.0311893511217492
0
1
1
1
4.76217761994946e-14
1
0.999995051082376
0.0374319798915516
0.999999999770352
0.998012208646114
0.926939093117389
0.00614503109643906
1
2.70568873800348e-20
0.0172166408585592
8.25286444878003e-11
0.999967116002949
1
0.999880077150783
1
1
0.999999999999961
1
4.73837494901604e-158
4.34422756898691e-184
5.43973219659327e-34
1.32957967739507e-132
0.00736396271207419
7.24519266752232e-19
1
5.16870821425732e-25
1.83717432090374e-42
0.999999995755229
0.999382217922651
5.45624232723435e-10
1
7.13817454687095e-117
1.13586795125323e-17
1
4.05501046631888e-17
3.49348805888233e-131
4.14019292712449e-19
2.1736679603397e-121
1
1
1.14682606483729e-129
4.19739759328259e-05
1
3.96434969290409e-113
9.22636146317323e-74
9.55970604863652e-74
0.200055674080237
0.00730641992969251
1.59168243932426e-14
1.82165410192646e-07
1
0.0519100596244798
9.19519472002539e-45
1
1
1
1
1
0.00590469872901398
3.831970183529e-60
1
0.999984429255793
1
9.04780961408197e-17
1
1
1
1
8.16074650666699e-92
0.999999807968524
0.000231977536935276
0.0117443279181927
5.69248678179538e-99
1.00977613863521e-62
5.00341945544119e-05
0.0233090416417918
0.0750243968104847
0.00292153710354036
7.12533758674953e-13
2.52441095858015e-74
0.999999999999999
0
8.33726466611185e-20
1.39304291847893e-32
1
7.73774667561936e-47
1
1
1
0.9999999999999
0.999999999998533
1.54058071868718e-57
2.52857139251575e-36
1
1
3.15074998173744e-22
0.999999995864107
1
0
1
1
1
1
0.999993824076663
1
1
0.999999999967516
1
1
0.999999999999654
0.999489023310129
4.87093809681859e-42
1
1
1
0.0298807379383093
3.58417936874843e-55
0.999281775743383
1
1
1
1
2.66709661479761e-11
1
1
1
3.45739355713233e-14
1
1
1
2.16026493781352e-160
0.517345628107888
2.49472558425063e-142
1.61591521420795e-35
4.74780503381044e-71
1
1
1
5.66752568759028e-55
3.48359255985166e-58
4.732784781961e-09
1
2.48809700830918e-90
1
4.2200194273847e-29
7.45611460247825e-43
0.999999999465042
0.999987342076693
1
6.4725082856629e-35
1.18040339102071e-46
6.48823433060075e-16
1
0.780030937949576
0.39621331095016
0.210864766827435
0.00627738184366547
7.41283118256706e-14
0.259119139838572
0.0777794692108786
0.00364929335541449
1.65247892827711e-17
0.00738486329691489
0.131757865277427
0.000594889353351502
1.32812347835515e-22
1
0.000102895150272876
1.73182181400936e-05
0.0193202441651874
6.79991926255242e-09
0.0234471219488489
0.000164632359333892
0.996039904588042
0.000231165266868542
0.7827644077656
0.00329852830493636
0.976843896118757
0.952548954303338
1.8695555028398e-10
1.77195892770134e-19
1
3.22340057298596e-05
2.19942279448346e-06
0.000622855876011203
2.86245200621909e-07
1.23546510659127e-36
4.10363382912371e-21
0.936556738412237
4.57582587272639e-37
1
1
0.999999999999732
0.986425107687608
0.052050302536977
6.78967097125664e-09
0.000519576867614152
1.43533543508812e-11
0.998748949607013
0.84905124232262
1
1
0
2.16087128798664e-10
0.999988197214535
0.0131046805475527
3.82102843165826e-06
0.999978811559656
0.999999669503677
1.24894715330681e-253
1.58758086978364e-15
0.999999986755038
3.27026716241666e-54
0.999999999955423
0.999999997934036
1
0.625990152196092
0.123507082610915
0.00200028361522893
0.000483259662486663
3.97553847962414e-05
1
0.000728220171726777
3.11842420695626e-05
0.0286604259996861
0.00640324758258124
0.00149271539391667
8.98576054388928e-05
3.26199769557222e-62
1.17069768391989e-22
1
4.02556835310742e-36
6.98041505461003e-51
0.000881194325693727
0.999999848370687
3.99206864543336e-101
1
1.64438932502844e-27
1.35510854087795e-35
0.00100103455507544
0.999999993995163
0.0168506818306924
4.5016702533442e-10
2.2205619168062e-27
0.999677873421618
1
3.21208094982885e-11
0.999645188886715
0.981383458248119
1
1.04626031747802e-22
1
7.94226773478323e-75
6.34977708970769e-05
0.0618019352113292
2.33006916032365e-12
0.999919056750317
3.28377683514857e-09
0.977371613657017
0.488325637352598
0.000402282108995745
4.10563169804574e-05
5.43789612379959e-05
1.29264117174749e-08
0.999999867862544
0.0521175610165323
0.976873999288937
0.00902095514177942
0.00852289177782917
2.22843691521279e-07
0.0445505135850225
0.10421213535701
0.248688955551253
0.995797714288478
3.43361095456173e-07
0.0154815493338304
2.95734336684676e-08
2.52157476246829e-07
0.00288527886957257
2.13382444353963e-165
0.0336744870026969
0.00396805936891022
0.000409957668428886
0.00315365590437849
5.84263270872543e-06
0.999616204277289
0.999872076559489
0.0293355900110764
0.323899151093053
2.57048165146814e-97
1
0.999999994657049
9.98211398704508e-10
1
1
0.00168920490440052
1
1
1
0.000125665840194393
0.319306166317426
0.647562960127598
0.332755379373011
3.02519060369859e-15
3.90536951203425e-06
1
1
0.805644376952957
0.0955787743627505
0.180517493629407
2.435225272818e-170
1.63640088266637e-30
1
1
0.453824935781072
1
1
0.999962378188482
0.104797518281298
0.0121668367359881
1
6.20426220244336e-44
1
0
2.64726130416985e-10
1.62394938810328e-06
0.0790370521088783
0.976818628351678
0
0.635929438741888
8.21561049099365e-64
1.4367772315181e-35
1
2.49904737130052e-12
2.59865590386662e-29
2.34994367962447e-16
0.00125400040214674
0.00106428039939208
0.0122087010171984
9.43906986257293e-25
1.05652649667248e-07
4.59786930299614e-97
0.0056007346218654
7.46927664974597e-05
5.20874471625501e-54
0.00393589551922095
1
1
1
0.999996830445954
1.41506255984393e-41
1
2.13339257861063e-38
5.69290061496421e-10
0.99999666840918
7.52814638975183e-20
9.6224661762711e-49
0.999999938784318
1
9.50684378639675e-184
0
0.00272410329016407
0.999999909537
0.99318871234555
2.0071220006894e-08
2.1251933944996e-10
0.108086503626741
0.00148527757685377
0.880469953606111
1
0.0189163801406488
1.4088024011865e-77
1.68883463854254e-83
1.80155196170011e-05
1
1
1.86058025811988e-164
2.21733267360567e-49
7.91962725885169e-41
1
0.999999999999999
0.105615695329024
0.976602855174598
0.999994377563648
1
0.999999999999997
0.00380363370070901
1
1.58477399189091e-66
1
9.3549738440782e-73
1.05839112710184e-23
1
0.999996390864261
1.28625462831386e-87
1
1
0.999999996031546
0.999999999845948
2.33985450576905e-22
6.31382436623293e-08
7.24223847185596e-05
4.26278495905249e-172
0.000259186235403547
0.00284380885310793
1
1
0
0.00873299395933699
6.20440906926355e-08
8.26345289817291e-05
1.30663281967442e-10
0.0133865442292209
1.49018356723256e-47
1
0.000253193116132353
1
1
0.999999999986948
1
0.714852643931027
0.00878487193938909
2.87418284551925e-05
0.999999999933945
0.0576602345105087
0.000321341678333715
0.172886181692341
0.041791494122142
0.000407542214796683
0.0279758334269323
5.17260100209003e-79
1
1
7.29601993649477e-06
0.999999999904066
0.0721842107603071
1
1.90834839580953e-47
1.22111535079734e-50
0.103726929656662
0.457379450878137
0.00111221420988705
0.549631230229293
0.0120356591546215
0.150331955520747
0.0330413795146621
0.0194389549609006
0.999948804794256
6.34923961488322e-06
4.63715292602572e-21
0.00700600771012038
3.41530016612038e-77
0.000474744624582992
0.000169516217262988
0.00856138175342872
0.525647252612225
2.20745950723665e-05
4.33158344630746e-12
0.78101029809618
1
1.94683199911384e-06
1
1
0.986161734736029
1
5.46019881732814e-30
1
0.129490786169869
1
0.00125526649007234
1
1
2.61576645969596e-05
1
0.553512185954884
0.0190033328102037
0.120298776537381
0.00193957182993994
2.94834779003358e-41
0.999999896207845
0.996260575724545
1
1
1.26114117492195e-181
1
1
1
0.999999993933688
5.63190880819505e-08
0.573310661739794
0.756186799589695
0.000251734640874262
4.16831942965261e-19
9.77289872222307e-08
0.999999990151231
0.99999616769368
1
6.13906271229914e-94
0.0271333627477841
0.973988438197383
7.24319273231975e-173
1
1
1
1
1
1
7.61521562723813e-14
1
1
9.28805372447739e-21
1.74815640365096e-153
1.62952807238594e-205
1.5151437149583e-217
1
1
1.22031912683059e-07
1
2.82146447141016e-218
1
2.18264219756769e-204
1.84423071539354e-153
1.12793823739943e-81
3.42984785150012e-59
0
9.93089321627359e-12
9.67451323824364e-57
1
1.39651414431538e-36
1
4.04874050804911e-23
3.24287581704124e-186
1
0.743493476928919
0.861784353312956
0.121690117127287
1
1.44904097166337e-09
1
0.0201574537422803
3.62160327715576e-14
3.14613633645472e-13
1
4.13377811927392e-08
4.99883358312251e-39
0.757543279986863
0.999999999838911
0.72974604898127
1
1.20001316772339e-05
1
0.998265834069612
0.999999999743455
7.4050806498728e-07
3.98233660503027e-37
0.00734758178475814
3.86918330383415e-17
2.75509222974253e-07
0.00243404873843541
0.0442960659432091
0.00163903538641009
3.24781482462922e-21
1
1
1
1
1
1
2.01772747216095e-48
7.74008467726742e-08
1
1
4.69825596077823e-212
1
1.28603461295303e-43
1
1
1
4.29064539122185e-48
1
3.41289904205933e-34
0.488930847842444
2.55520011649137e-51
1.15744480321487e-23
1
9.3802047036408e-13
2.46422347112793e-77
0.058137758221909
5.15938676648817e-275
0.000690225732189024
0.999953121809177
0.999990217008429
1
8.32526384972083e-137
0.999999806392979
0.00223578323603853
0.532695768399867
0.999990031710937
3.28284136514752e-148
1
1
3.08918826152213e-56
0.999999992532172
2.72244122145744e-32
1
5.62181562211913e-44
6.90629098792115e-33
0.999999946647876
2.34895828281585e-44
0.00286186894645576
3.94097776993859e-59
2.1483664118025e-07
0.837640047095035
0.0165476497842765
0.847818709578145
0.779648827281691
6.60344496812604e-05
2.72024335644301e-222
0.46770323519639
2.32672223128382e-102
8.7438645156816e-14
1.33410838324419e-08
6.16130156029033e-10
0.999999999999975
1
1
0.160712380246486
3.9417300359868e-06
0.0467083625499421
5.60871067761543e-05
0.999999999999986
0.999999990698536
1
0.999999993055176
1
1
1.09951334507274e-203
5.24231471551449e-14
1
1
1
9.11397578409393e-279
1
1
8.16755279121221e-29
0.999999999999989
0.999999999923455
0.0973931845510467
1.95895992080425e-20
1.95895992080425e-20
1.26128709822991e-51
1.25749322352371e-38
0.0243158505444849
4.65600817707863e-09
6.79148402774258e-11
0.999978565136979
1.77107273659237e-05
1
7.24052240103648e-18
0.8578083615822
0.259716777153084
0.999751798438111
0.999999675877491
0.0109394184030123
0.0387872746843809
1
3.63903009383557e-56
6.25911472745769e-79
6.37760173146002e-26
1.11658827940321e-67
2.79798782978145e-72
0.999999999999998
0.960655848433971
0.179228099568295
0.184530903095759
0.28031769335391
0.00377821677890314
3.95672946024542e-11
0.00199740762277677
0
7.7204226941775e-38
0.0505836889081664
1.0249595550652e-121
5.64709552824347e-18
1
1
1
0.861811854088786
0.0477201246706372
1
0.00107230964087756
0.0548830089131843
1.41987396711656e-16
6.95255299138619e-30
3.12248414296962e-15
1
0.997503884117538
1.94242930521843e-99
7.07154420541358e-219
1.66996956707118e-163
1
1
4.08054437502597e-72
1
0.99999999999387
0.99999999999387
1.47528254356344e-26
4.20899698439372e-06
5.57043752102011e-99
1.3905229062175e-19
0.517731447248664
1.18074401548955e-08
0.102397432290985
0.0789843884692063
0.412987869582923
1.54064732865949e-22
0.145775077339981
0.000805905777840614
9.44401584673454e-15
1.98194800169398e-18
1.01392752466173e-22
1
0.321652482929366
1
6.57303803904906e-26
1.11400897065007e-32
1
0.043074575991483
2.83957788280325e-90
0.999929848222133
5.83637492235732e-244
1
1
1
0.990197795223724
1.81574254939472e-85
1.40028436461477e-05
4.08547232628136e-08
0.999999980472567
1.06022715968588e-10
2.35337206889902e-14
5.05112258127575e-18
3.99647874005216e-09
0.211730839297599
0.75923280950385
6.83868296677945e-11
0.351977820052786
0.299327511234568
2.91041060629693e-05
3.13028642038988e-12
0.000535700364150257
9.98199408805922e-11
0.000132372004848882
1.51356918645069e-10
6.58911477685798e-10
0.000613878645720567
2.51047912701133e-09
0.000421726364688003
0.0105545279081319
0.764009356061136
0.999999999748323
5.56663217593849e-19
1.26624512362994e-06
0.00475354278817002
0.00694054049220652
0.0385572059098365
1.18760978660254e-175
0.999714395412178
0.999965905048015
1
0.993365560931646
0.912302799720221
0.0615072984178259
1
1.00259446619583e-12
2.72813954858521e-103
0.00240973019164996
3.78924684893121e-07
3.55005347917966e-28
0.993644401113129
0.0019649263733395
0.000408370659476927
1
6.17990793595972e-77
0.307565694709275
0.999968892951602
0.999999999999999
6.02612872967026e-05
0.999942883678501
1
0.00414121823354483
0.00599528582415893
0.0277853324437419
0.99999996969678
0.99999999847952
7.81712459089708e-234
1
4.90870602998305e-20
4.69467924070497e-21
0.126384052198623
1
1
1
3.47708847102208e-05
1
0.999999828435515
0.584664354390077
0.614582416652283
0.640955795769577
0.765389841663453
0.999999999999825
0.999999999999996
1
1
1.40607004512118e-34
1
1
1.76279166229637e-15
0.986573654157779
1
1.97373157651017e-06
1.52891672207736e-10
1
0.999999999999998
3.24109253179572e-79
0.114661404969116
0.17084222717473
0.006436667436884
0.895806369466048
5.40327292653299e-18
0.999999999999925
1
0.999823077948883
9.21440976517568e-23
0.999988262374251
5.92798766499955e-36
4.8863011107997e-48
1
1
1
0.999999999992315
2.76355352945187e-57
6.54616069903648e-139
0.0950858019514096
0.999999999993549
1
1
0.577748769010404
3.67639954362466e-05
1
1
1.78359963339117e-25
2.8960380316108e-77
1.18121909672665e-71
1.94688321869035e-75
1
7.76265552716025e-82
2.77283156126653e-14
0.00684614876184831
1.88189202843523e-07
4.96287799745729e-05
0.929855096664159
0.0740048138965656
1.72054712189465e-10
2.29206960519046e-07
0.000119570150739103
1
1
1
1
2.34925778261107e-15
7.98928208992641e-13
1.683456620225e-46
2.1950497972598e-165
2.2381737069785e-66
0.0123702783476189
0.0158283469443731
1.27186506750851e-14
6.22878643093445e-17
8.05942920662349e-33
1.14587666195129e-19
1
1
1.09836886485237e-22
1.20957917641321e-62
0.99999999999996
3.18329800558013e-19
0.191523267484075
1
1
1.84564133846698e-26
0.999999999475935
0.0016322182964095
1
1
1.54868027147401e-48
7.72916459276259e-40
1
1
0.999999999990141
1
1.30172341749704e-23
0.999999999913518
1.1798462449462e-14
5.93091839776232e-06
6.31986164988481e-163
1
2.85018144677251e-72
1
1
1
1.61540573565683e-05
0.0912200835430833
0.215411465927941
0.0665350141812979
0.025483942975919
4.01421392190973e-07
7.47866924457068e-06
1
5.06844889637256e-13
1.04850667839123e-05
1.3839345439789e-46
1.44156107118927e-59
3.61058888287315e-12
0.179309448194144
0.957955827028696
1
1
1
0
1.83641683343411e-19
1
0.999999453036361
1.63242191165689e-12
1.11972091641716e-17
0.999986095670392
1
1
1
1
3.52651750720379e-08
1
1.05915785080716e-117
2.76168402582861e-108
1.47302241431267e-54
7.81674084029096e-47
1
3.16923685356699e-113
1.59389225950578e-120
1
1
0
1
1
0
1
6.38127419674262e-265
3.98705346763046e-72
0.999258779661664
1
1
0.126616286555821
1.52651210342297e-08
0.011286798358538
1
1
1.14788273595796e-183
0.999999999999186
2.61023064937342e-32
1
1.45231032572204e-216
9.46971071486842e-224
1
9.51078913802401e-11
0.00100815739628917
1.05881348510086e-18
8.42651569697767e-59
3.29863406125043e-86
1
2.33049496781971e-62
1
1
3.89504545746812e-33
1
6.56414661198174e-78
3.19158580685451e-49
0.36427613481474
3.65271586803703e-52
1
2.61302561642089e-19
9.13674279967623e-22
1.64788494890918e-14
1.1537352943877e-09
1
1.57439566521657e-05
1
5.54179711446172e-37
5.8064925910232e-56
1
2.81536573886661e-248
1
1
9.06340550301762e-18
1.76454367029445e-51
5.05724614511339e-196
1
0.00699432537411107
0.00167822054626225
1.0431565527167e-58
1
1
1
2.28316561066176e-52
1.51392363837802e-287
0.999999881869486
2.36716541308318e-08
0.312288349660784
1
6.89931295866076e-105
0.999648884167487
1
1
1
1.22782906864142e-14
1
0.107989449217498
1
3.1552914983466e-21
0.999999493356536
5.53540373798171e-19
1
2.97476968035053e-98
2.00391546965785e-47
1
0.999999829391235
0.945597609292636
0.999202995874251
6.10315698491003e-60
1
0.999833059508093
0.308860276676794
0.950720831437894
4.08820609982382e-08
0.999997754373302
3.35029917920755e-30
0.0204127969812828
2.40802725534033e-26
1
1
0.0086944413618483
0.816067648235641
1
0.922921821048943
0.033208187150875
0.0194686647017138
0.846306549957866
0.896843109104132
0.126822882256664
4.86431039116034e-05
0.0190945176357014
0.00200188589061547
2.20453822262425e-09
0.0836154817822149
0.00381493430768435
0.00610869331034946
4.40714121444134e-175
0.030813656708114
6.67166798828918e-65
0.131757865277427
1.26838759456743e-05
5.59356184449128e-06
0.00350387950330843
0.0199645956097076
0.00113174091894182
0.999996993828369
0.119709932208657
0.125380381428017
7.57337303936172e-06
0.00442633177381557
0.00288366837671862
0.00264003801836698
2.7004603950538e-07
0.000619591295542113
0.135827030539662
1
0.245151511629452
1
4.25570537583515e-17
0.0231720570226607
0.0144565930309637
0.946019669649842
0.826557510515177
1.4062334750071e-05
0.0195294963571072
0.193467059452432
0.15838192968024
0.00607736881014662
0.185730482166229
3.51472589669145e-15
2.43771709691053e-12
8.97939674682959e-22
1.16273320434668e-08
0.00251052976341567
1
0.000471125038019908
0
0.999936623836549
0.60047955549484
1.7978760756089e-06
0.999948400922928
1
2.66279634489554e-06
0.000307307931620324
0.000645788927394663
1
0.992997521302402
1
1.64044473125859e-08
0.0013147792113649
0.324594342232653
1
4.24611747695525e-47
3.1128862954768e-65
1.19396216035196e-53
3.89213716078885e-08
1
0.0224282595964639
1
5.26159779976517e-229
5.12268108590963e-39
0.999999999999923
1
0
1
1
1
4.02340052954285e-80
4.07227268181257e-132
1
1
2.3564242725112e-23
6.18878380312667e-69
0
0
1
4.42673011511142e-268
2.75018372773035e-95
0.0884611832307495
0.0523462072504806
2.44047869336022e-09
0.999999999999722
0.999999999999984
1
0.147891993858197
0.0154694525571431
1
1
1
1
2.96771928621389e-34
7.37156306621813e-13
1
1
9.34507044356992e-63
1.28096658225578e-76
0.999999999364235
0.99999997819709
3.3323823503627e-06
6.66480037219542e-11
0.999999997978829
0.999999987555808
1
0.999999999999956
1
1
6.03864620295291e-07
1
2.35523206375309e-13
0.999760726020266
1.19835179510758e-10
4.7553386933577e-20
3.27999642659227e-20
1.37160160783182e-08
7.45977708386606e-42
2.39560182560714e-11
6.40113729586487e-23
0.104539493533345
1
1
1
0.999999999999997
0.976733511613791
1.39604558287696e-19
0.999979557513084
0.995040862794335
0.781946197164347
1
1
1
1
1
0.975017338443923
0.00359284295003019
5.61727326157505e-08
1.99957938152224e-27
0.0203717284954163
3.05334644892823e-43
0.999999972617531
1.94219402263373e-20
1
1
0.131757865277427
0.102397432290985
1
1
1
1
1
7.73727743490557e-127
1
1
7.61486546516829e-25
1
0.131757865277427
0.999999965410112
5.25693237645408e-28
3.40807386271019e-11
0.0572026751886382
3.40392465478528e-24
0.00871036493351904
4.29615364069521e-50
0.228675548036876
0.0305162174401508
0.00543896228680972
1.305521292541e-06
1
1
1
0.99999990745183
2.58896120786723e-69
2.08197679220146e-87
6.37486248949198e-28
0
1.36607450887417e-115
1
1.43960376472738e-06
0.00434241744001395
1.75996461501509e-10
0.999999563693052
0.00159076900518939
1.87043400118879e-68
4.09297859700737e-06
1
1
0.999844740885425
2.65279724133737e-09
1
0.336619642295594
1.22577236396829e-10
1
1
4.32086363950741e-67
0.00271854142927547
1
0.9994150803721
1
1
3.14525582320389e-08
7.3233687684163e-151
9.15363822235633e-20
4.07958055863408e-10
0.990415199196901
1.49528532531417e-05
0.497841503260466
2.61455696888686e-31
1
0.999999999998329
3.73416668926599e-21
1
2.16964009253459e-293
1
1
1
1
1
0.99999998472295
0.999997167671467
0.875596307326712
1
1
1
1
7.00645466266571e-06
0.0444615497993946
0.999890044984191
7.29745271838359e-86
1.85480261838743e-62
1
3.59071490665651e-71
1
5.19973787986293e-92
2.15520155675692e-36
1
1
5.92515558289414e-145
1
1
0.999999995397611
1
1.04762592027243e-47
1
0.999999999999995
