1
7.96981098378277e-35
1.38061581821426e-76
1.91755085545069e-07
1
3.10033969094838e-11
2.51483643003425e-54
5.2587109140313e-36
4.36760337169275e-103
1
0.999999999707376
0.994787794587948
0.999997409148723
0.112459004157406
3.74584117272087e-51
1
4.9794055535392e-101
9.40138483137406e-41
1
0.193838252920495
0.253514960070329
0.112459004157406
0.0109124701916622
1.87007191224779e-11
1.15923885464593e-16
0.115388618854188
2.66560344960126e-36
6.88078027873224e-85
1
1
1
1
2.63469677037286e-63
1
1.45357297304928e-32
1.02941767466217e-28
1
1
1
1
3.00987982178751e-35
1.43805796293093e-18
1
1
1
3.80428556771035e-12
0.000478955416698438
9.04336075697131e-33
3.0508417533166e-21
0.112459004157406
1.37155238662588e-24
1
1
1.74926351770735e-07
1
1
8.9419334067537e-14
7.47865404859803e-69
1
4.9288004690867e-53
6.1293950446672e-08
0.00460265393144521
1
1
1
1.10997752727814e-34
1
1
1
1
0.671853085531123
1.88562132678892e-30
3.78510692731829e-10
3.78510692731829e-10
1.44435749585988e-138
1.44435749585988e-138
5.49783844797754e-43
0.0109316585368128
1.92402957979884e-73
9.58985597841353e-05
5.39641069779711e-23
0.640906760207377
2.28768176876968e-28
6.64635045832984e-96
0.927473548016343
2.57530195818382e-47
2.39678778264329e-96
3.83325012702613e-111
1
7.35855596260057e-10
0.000167485618459292
1.26301989171207e-06
1
2.26579429893309e-133
0.999999902531583
1
1
9.26614371668799e-67
0.999999999995582
2.69595029056934e-12
7.51791908414134e-114
4.692022793798e-95
2.59756770418309e-109
1
1.85062964799013e-113
8.57585402060409e-06
0.000539328838072243
1
0.999999970030112
1.35128827238886e-10
1.35251124385754e-13
8.0933301526828e-06
1
0.175948932447777
1.66405052426673e-25
2.82299438496136e-32
9.95122760738957e-07
1
0.999999847944323
4.36340691650646e-12
0.0668806204019642
1.3748428876815e-74
0.00624448650004502
1
1.23398626805843e-09
1
3.68111199381777e-15
8.45010094025417e-07
1
1.99227528096784e-172
2.93348938439012e-06
4.98228469675675e-37
2.03167278892844e-05
1
1
2.42053250910301e-112
1
3.06088233481486e-61
4.19244033426518e-25
8.61342158685363e-12
9.94979409542075e-05
0.2516235409209
0.375710150918747
3.03447557981223e-12
0.999999999999999
0.00538506998582687
7.41884349729803e-07
7.48743419455462e-13
0
1
1
6.45305328547547e-06
4.18028221188304e-63
4.24269878841077e-85
5.14570772514693e-07
4.25940977752376e-16
1.25711098943886e-26
1.3106252026119e-72
0.0112526725911214
2.05368496401022e-24
2.61542331553552e-93
1
5.19802985429043e-119
1
0.838006882895055
1.26820456103741e-75
9.55589128681972e-206
1
1
1
2.44906423426608e-44
0.999999999999942
1.79235300063755e-28
1.10995963049129e-169
2.46340805683468e-06
1
1
1
1.59404567140137e-14
1
0.00132852875772359
2.67069205082402e-19
1
1
1.74670635599885e-17
6.21692097415305e-27
2.15202777728067e-60
1
1.66589693557568e-48
0.999999998804928
3.01849361083747e-246
2.57441847027814e-09
1
4.39911306658227e-37
1.41983504426556e-252
0.112459004157406
1
3.19508668091727e-08
1
1
1
0.999995053472945
0.999999999998563
0.999999963940259
0.999999999998711
0.0172214069932929
1.02663006343263e-57
1
0.236063135896626
0.071097718372468
8.05643646302775e-09
3.30956886992752e-07
4.42746184537398e-11
0.0775494351089171
0.00809215892298987
0.000198432198236327
2.83454227149454e-08
3.07486313945349e-10
2.57199020818954e-05
0.999092870649763
0.999999983655765
3.42402443010687e-145
1
1
1
0.00203174436295553
0.00299461242971345
2.18163855014811e-12
0.00384114281851014
4.68157207307611e-06
1.11415880355447e-07
0.000113932690562596
1
1
1.42416023838524e-39
6.60184338729728e-33
0.00348702270976887
0.00456109551723145
2.6501337353363e-84
0.00551413483257696
0.999699964873637
8.38164390087038e-71
0.99999930925606
1.99984288474049e-10
0.666995713278446
2.45561351380224e-12
0.999999999942152
2.73485485393176e-58
1
0.999910031000378
0.998903815823336
0.997414717265053
0.999998970269406
0.999999999896691
0.0192027253561003
0.233893987265961
0.999503325554624
3.34935416742006e-08
0.052253117723545
8.58580227896243e-23
0.0556441971281934
3.27909961544827e-06
0.0127731600726966
0.00599318331644415
0.0130948451398822
0.0107364766253163
1.6064849051142e-71
0.000223468236576854
0.000530359275039473
0.913746002415391
0.679591010063604
0.000190933825150795
2.54740225070845e-200
6.09842329097288e-223
0.987032132709269
0.000391818844843685
0.000981494277401519
0.00065887517942278
0.999999999976199
0.00904849183255927
0.0586620258303498
0.00436474621270372
0.217068490897974
0.00222285048253529
0.999855062070679
0.999999962739008
0.875770311211399
2.26395055202225e-73
1
1
1
4.69906683797275e-23
1
8.26011975090695e-76
2.15432487007747e-45
2.14642097923539e-51
1
1.08546726831286e-87
2.14638785759361e-83
5.3206325352963e-101
0.972127621958462
1.07230112036506e-38
1.20575255120048e-26
9.40148114789964e-16
3.9960234485665e-23
1
0.999999999999984
3.06705506385468e-24
0.981824433308646
1
1
1
0.077590706346977
2.93221906574025e-30
5.23621410147839e-111
1
1
2.60899675509344e-86
0.999999984048744
8.14437994359356e-63
1
5.08593211797249e-08
3.93663435479519e-69
1
4.44616020653318e-110
1
1.35396748146694e-90
2.16856252034066e-21
4.99666582522492e-45
1
1
1
0.999999999813756
2.41927033831794e-11
1
3.87265935303592e-18
2.65924238207696e-32
1.79738971615199e-107
9.72273957420123e-56
3.02245401276378e-53
1
1
1
1
1
4.32366409772531e-30
0.999999974353786
0.999999951084669
1
1
1
0.3216403988465
1.41185964659269e-58
1.40737963148464e-31
1.32165597403936e-37
7.25919420379774e-62
7.10667929855875e-06
7.24992893629891e-10
1.11945122092691e-19
8.72369630481111e-10
1
2.4671612326334e-151
1
1
3.16806249646614e-05
6.02744056280218e-16
1.31857088105409e-12
1
1
2.79168649681792e-27
1.60223332419606e-25
2.14645922259272e-13
4.66964029944383e-08
1
0.999999999999893
1
1
1
6.33202721189007e-63
1
0.0580670001437294
1.44615011855621e-14
7.50620521215275e-40
1.81183484322184e-23
1
1
2.76883969248099e-13
9.42865143093935e-46
1
1.0449346835505e-29
0.017668946980414
1
2.51251551823754e-231
4.64744369979805e-18
0.00309094055486053
0.00218391328299634
0.999987783093947
1
7.8867770848253e-05
2.07845133442818e-12
2.17364161893867e-82
3.47722010448053e-22
1.0708183596655e-46
1
0.999999999999992
1.32555946946062e-18
3.22844915120632e-20
4.79216374569569e-26
3.46030619844594e-49
0.99999999900803
9.17079392054308e-65
0.0912120416648777
2.00679747564648e-29
9.36821379732254e-22
0.994719884977087
0.99999524617016
4.3871176890686e-07
4.92246305394113e-36
0.000172604049465025
0.00047194684797258
6.81294407666877e-06
1.03359776658212e-47
3.00622420510124e-16
7.8207710262812e-22
0.229374575381696
0.999999999994456
6.32688197274017e-24
5.04760841476686e-15
0.999999999992953
0.999999999902377
1
0.0104621797752035
0.0227329559253767
1.21299687122422e-07
2.69042053826947e-231
1
1.5850197640972e-23
1
0.00698435949587543
0.00270987887824051
0.403484547881906
1.76601792609478e-08
0.010789378242357
1
3.51913543949828e-140
6.55819035657681e-36
1
3.33087508528271e-39
1
1
8.67091566465632e-195
1.1744810227408e-05
1
1
3.11082684837781e-78
6.17572581527125e-216
0
1
1
0.000123731442700769
0
0
0
3.40098661846715e-91
2.07313137337238e-89
5.73947771395007e-72
0.43236725816312
5.16026644072002e-38
0.980234855357891
5.25129963286095e-257
3.65504059017197e-38
1
3.69505898031291e-107
1
2.70096290638566e-54
4.93101529084489e-111
1
1
0.00141468272751664
5.09032975349092e-69
0.999506809576795
1
1
1
6.65413581585195e-73
0.999999998973504
4.47104645305394e-34
0.0061986753094054
1
2.3817372159586e-49
1.18962352926721e-25
1.92460158988832e-08
0.999937452321922
4.20652887155626e-67
1
2.44362444992564e-90
0.928443120575811
0.999999999999164
0.999991287754802
1
1
0.999999842738045
2.53615903874925e-27
2.73151539747762e-13
0.800535322291785
4.45294569875712e-51
0.0578954114820631
0.227807012895538
0.787661144500495
0.743820550425883
1.82995092717657e-13
1
0.999977350196094
2.85846028282548e-30
0.00481980893720963
0.999993822640082
0.998584038950417
0.999999997101009
1
2.34149806873427e-07
4.15729497771048e-33
7.29877088417998e-29
0.864489430990172
0.0162259089415146
8.48356354668821e-14
3.22007494646544e-05
0.265166174270547
1.5009926813595e-37
7.91549250677794e-34
1.73236168758814e-109
1.53886425494405e-16
1
1
1.37560089170076e-189
1
0
1
1
1
0.00496630952567314
1
7.45113782322662e-22
3.07874737092707e-102
1
1
1
3.97593305664432e-44
4.6783108559981e-05
1
1
2.36920775077694e-43
1
1
2.91903240583888e-09
0.00137124752396344
1.41163722834745e-08
0.851211448599932
0.999999999698431
1.94438625976468e-42
1
0.999999994866189
9.98100944207888e-30
0.000898257821366939
0.309149795032443
3.38939760653585e-124
2.99353259989799e-34
0
0.999999999447845
0.999999999999992
0.999999999993933
2.46092751865578e-08
0.00609678571263218
0.999999975310301
8.18231725144055e-31
7.06639294215179e-28
1
1
2.75187157628279e-47
1.71619660753055e-56
0.00016949608939297
1
0
0.999999999999605
1.61163536059674e-39
1
0.999999964784022
1
1
1
0.912389131062909
1
0.00166835630715751
1.05071889356152e-18
7.32541225942437e-38
0.999576326854184
0.999999999997303
7.42716030629311e-08
1
1
1
1
2.7177742027602e-45
2.61099664929694e-09
0.000376507543815917
1
2.60012508877691e-85
0.0352202665073329
8.5950309936451e-05
0.999999903650913
1
0.999999999975623
0.999999999999999
8.8500200967139e-13
0.174287771530323
5.19478559066729e-23
1
0.00248672423054861
5.07959429651729e-11
4.77976762429079e-21
1.3015963393271e-06
4.63594635556543e-272
1
7.8153437747191e-09
1.4966821276392e-48
1
1
4.088399600206e-13
0.382655330146254
2.19064473829316e-09
7.17111583266859e-99
1
0.32251972071047
0.149350900298657
8.65347999158254e-05
3.1640125538663e-29
0.126133709640308
0.0198395195748561
0.146093204441393
2.52710206748012e-05
3.31525061715463e-225
1
0.999974156476635
0.999993196348921
0.610992272607552
0.0246455058785549
1.8726650911749e-138
1
1
3.30715799477567e-43
1
0.9999999980713
0.99999966173238
0.0282195505247708
1
0.980656142864964
1.09312805626578e-23
0.99999919016884
5.09769893742883e-129
2.22083528013023e-123
2.04441786346596e-14
2.93415631361204e-304
1
1
0.999999999239695
4.44146427673636e-21
1.06525305621952e-257
1.68246429562642e-113
1.23619495108239e-55
8.16750942853164e-10
1
7.34695793152226e-29
1.39165326155273e-07
1.0194786306836e-10
0.912191782277348
0.999964568208356
0.997722459105995
1
0.012456042878354
6.04956273362816e-12
0.000318800816602619
1
1
1
1
1.41695828046449e-117
1
0.999955998858961
0.0128418038141336
0.999999999999911
0.999999328527456
1
6.91319002238355e-05
6.18692996961675e-199
0.999946620694756
4.40443300711803e-22
1
1
1
2.55605008996882e-09
0.999967492316715
3.0933418666706e-140
0.0966703571158588
1.2071545179758e-41
1
8.19092700139627e-80
0.269331850100206
1
1
0.99999999999999
1
1
0.997787798764117
0.000366308702140507
0.242482706604816
0.100514641219019
1.94208753829884e-05
0.000242483363570336
1.22565619209276e-05
0.999998805868619
1
0.999999973019299
3.15526979714556e-16
3.98575799960406e-06
4.61141232275209e-24
0.000792311732148015
3.08711994339549e-06
0.273761329447494
1.03555750427917e-08
0.00497051543042635
0.000454187163555231
0.000397523456269781
1.1139575143902e-08
0.0032429772711731
1.0762736744708e-08
3.22462730458904e-05
0.0322950135702637
7.74843144044795e-09
9.92824988699427e-05
1.7547921056079e-06
4.34876006823682e-06
0.000174113419930318
1
0.70223005052201
0.0425164017611881
0.750600322317862
0.0025980466668277
0.0127629306303232
0.000173077767828411
1
0.999970756225988
4.18369033501371e-141
9.24405463642985e-111
0.999999977078358
1
1
1
1.63189531520518e-82
2.73370255092832e-05
0.910065608763626
1
1
1
1.14745977848416e-138
1
1.95490475525687e-37
1.62060485443918e-10
1.30496642177157e-267
1
3.73414977373939e-127
1
1.67719651325795e-60
1
7.41950768454935e-62
0
1
2.01500729094578e-196
5.877816019754e-23
3.78272355938608e-67
0.155957938628486
0.999960863092134
0.999999999999966
4.9517067151897e-38
1.7199046248804e-15
7.98270627901989e-53
1.81364045123743e-45
1
0.999999987124493
0.54685070688663
1.04296308209805e-33
0.112459004157406
1.16110303643267e-64
1.80681610279415e-64
1.542254086869e-06
1.97485977176712e-230
4.05915618409096e-05
0.00596791436891599
0.117899852407483
0.464636832507882
0
0.00038870906407184
0.00318863426920781
0.0672063648368774
0.99979281077603
0.996339801639
0.000917402939743374
0.135049792297756
6.06145463075264e-05
8.9480577192902e-05
0.0237630366715598
3.80364242200242e-84
1
1
1.63397813551446e-13
0.000179295285467801
0.348041764762346
0.144133069648625
0.274409334021609
0.000135492540530489
0.0281936711026702
0.982652360113492
0.999999999999544
0.999999929723795
0.000166655867674991
1
1
6.60420430918438e-47
1.33464617396553e-37
0.0418121082612542
4.9209760476879e-25
0.999929786328346
1
0.00177512295142891
0.741390667478625
0.863781671886709
2.6295379012074e-16
0.00730072809172846
9.16496756906315e-08
4.37413808536318e-69
0.702752661003846
0.00135689578300304
9.48826835116362e-06
7.07116194652702e-06
4.57591823287438e-26
1
1
7.2246144201227e-31
7.2246144201227e-31
0.999993226301902
0.234301533677279
6.45278651280935e-06
0.158984325579455
1
0.000188004080619071
0.0979090396813357
1
0.000524281997137612
5.89892435455902e-11
0.0931068247576196
0.999900847124251
5.17332436115712e-08
1
4.56658255617843e-24
0.340354676518293
0.998862608958389
2.10934638280731e-07
2.24129095039602e-15
0.00393237072666445
1
1
0.492007535846991
1.72241009868461e-16
0.999999999560531
3.59029746775104e-08
0.999999998764708
0.70046676782376
0.369013164163186
1
0.0021583982274477
1
1.42736514197579e-73
1
1
0.00068644261786279
1.1936511216665e-05
2.36740262538089e-13
0.733997257010254
0.00470869979663409
4.70116666529539e-07
0.854594474538646
1.4656568834991e-07
4.83667421090254e-22
1.05967362586186e-17
0.914406354456347
7.19200852706873e-43
1
5.0123651539217e-21
0.999968629051363
1
1
1
6.76110619419815e-51
0.908071575423295
2.85620881881077e-11
9.83366012226413e-42
0.000570346576389571
0.0921650353263652
0.486986152451545
1
1.12211110433015e-19
1
0.999999999999992
1
2.85282773924906e-92
0.677589208543777
4.21127800669344e-05
1
0.343559663209
1
0.00515007693249944
0.0508410738363453
6.58174607561383e-10
1
1
1.7436569596132e-66
1
1
1.16495376279013e-156
2.65072872324965e-08
4.70437630180412e-05
0.829536598723611
1.90070622173724e-57
0.146239075558141
1
0.723352796750743
0.300093415156469
0.939793524857297
0.0408260487400371
1
0.264411024774774
6.15668137697541e-25
0.101877685154338
0.0767334839708042
4.93160436559309e-29
2.34770977163507e-35
1
2.21901982734512e-05
0.0263554086745467
8.57735269531424e-07
1.48235886097209e-32
1
1.86065094971352e-55
1
0.214558620853906
1.93504947238458e-15
0
0.553690456939266
1
4.01745716826577e-06
1
0.997569630669373
1.02541773104658e-05
3.3427715797221e-193
1
2.98805935754004e-125
1
1
1
1
0.996781855412016
1
4.89715060754393e-25
5.20554239447536e-36
0.00833039193078216
0.00617238670751726
0
2.60261777262909e-168
8.06708139314843e-238
1
1.57986051264163e-187
2.90073374596664e-135
1
0.0089709544682315
0.00165166307958932
1.27193112590851e-82
0.43838733528041
7.67153589638442e-05
1.06256408191956e-11
5.29973130891974e-08
1.21549764902755e-09
1.32623256283337e-239
3.43818686459446e-16
4.94670730818133e-17
3.78328053279731e-15
9.7908511671859e-11
1
2.37165389405229e-81
3.8050698109119e-29
0.0586582757471654
3.98685031703364e-29
0.999999999999997
1
1
0.999996466958261
0.999160273111321
4.50211879484767e-09
0.999999982362541
1
1
0.999999999999959
2.46345944396515e-36
1
1
1
1
1
1
1.24397522031465e-139
1
1
5.98087898531231e-13
1
1.7245938030979e-24
0.00112711875927704
0.0745215065795826
1.16110449444189e-05
0.99999999998394
0.0118504013866522
0.999999999999995
0.00350350052380557
0.158538783812409
0.99660476056729
0.926509778524141
0
1
1
5.27883855440359e-35
0.323569341860866
0.982894572496375
0.999999999997676
0.999999997482905
0.632939514986667
1.47914673721516e-11
0.0505931913915515
1.72831581429386e-05
1
1.18462603094006e-16
1
1
6.34421604925784e-26
2.49160670270639e-20
1
1
0.999999999999999
1.18456928792324e-191
1
0.0131715275597833
2.92163674185547e-05
0.000564117498994212
3.18169587443045e-14
1
0.999999969556503
0.999999999999979
2.29104193878876e-175
3.65466999990796e-34
0.998110244891651
0.999999999350048
8.36947504675318e-36
1.34037471441282e-19
1
0.999999991011154
5.34058439051093e-29
0.991566944791284
1.14289077568574e-12
5.30592164120558e-130
2.49251091010697e-19
4.46024381260728e-05
1
1
1
1
1
1
0
1
1
1.80369331391576e-95
1
1
1
2.0955304280177e-50
0.180247668460429
1
0.99999999999948
0.999999999999999
0.999999999999997
1
0.999999999999982
2.35678707991451e-142
5.57032627394359e-55
0.797152252766015
0.999999220554493
0.999983593162803
2.68197118317598e-14
0.274409334021609
0.0966703571158588
0.999999999967305
1
1
7.45287979954819e-44
4.77959159321301e-17
0.621043401776164
6.87340684312731e-39
1
1
1.72659626925576e-21
3.56271668806044e-46
1
0.144133069648625
0.00924605456594565
0.000436026020015723
0.39753665775155
0.999999999949076
1
1
1
1
1.71424250446313e-62
1
0.00133936411579031
1
3.49343165789752e-27
1.13693630628269e-79
2.09238111362565e-29
7.01518661320067e-19
4.2695429214509e-25
1.14234008316839e-143
1
2.23398615924527e-96
3.22655679148241e-99
6.59497004706964e-49
1.4750925176845e-69
0.358864187893969
1
9.1051080118687e-131
0.000163943826479327
1.78167432312088e-09
1
0.089358515388742
1.62869881912972e-88
3.39164112111169e-51
0.222327915667044
3.87543217395013e-21
0.0246958306637803
0.999927292721494
0.958614106648535
0.0241157060146596
1
3.66280618020897e-26
0.999999962416655
1
1
6.60706529844947e-194
8.81419765431632e-11
1.08666681647964e-17
7.67604584203692e-106
0.0278574819349456
1.20570741076244e-148
1
0.982423193506019
1
3.95018609355615e-48
2.53403605521092e-180
3.68816283810872e-212
4.08161952311796e-74
1
5.13863997847479e-36
2.65376967796185e-12
1
4.81050478425405e-113
0.00216060560384158
1.09141866764229e-13
1
2.38849261644813e-18
1
4.15600867463268e-103
1.0345354107445e-29
1
1.30068809953426e-07
0.428878261038462
1
7.27181010701005e-35
1
0.999999999999856
1
1
1.20065367794969e-43
2.35013597873295e-53
4.02103715335655e-36
1
1
1
0.0294771361991557
2.39126327167345e-13
0.375537314324884
0.999999999297746
0.266381539189964
5.74732391524346e-76
7.40727600050493e-171
0.60355483734522
1
1.95748427109838e-06
1
1
1.23351871297994e-12
6.05814411682931e-26
1
1
1.39218674702408e-181
1
1
5.6290121429707e-58
3.38545598012791e-35
1
1.29522067641844e-16
0.999999999827236
1.41707610087293e-05
2.23195873860003e-09
1.95703012344212e-100
5.0772585435499e-42
0.165336773061209
1.33017021684997e-81
2.42409925514267e-203
1
1
0.999999999999999
1.75736686256933e-13
3.21733347800496e-36
2.36942952664378e-96
1.07783803133558e-175
1
0.999999897807424
7.90841744073622e-77
1
0.999999999642693
1
3.04083822982608e-78
2.88254290342672e-175
1.18626065315014e-50
5.89387214008303e-29
1
5.89329802237267e-133
2.33687779922742e-20
0.999999999999998
9.7514698439327e-08
1
1.60411397317217e-77
1
2.33965731123159e-43
8.60212035003576e-59
3.67182596397246e-75
6.36229723276741e-85
0.278780582071938
9.79374209167722e-28
1
1.89488440041959e-193
6.1240964480451e-05
0.001084110612485
4.58144597339723e-260
1.03209521450586e-35
4.37844849249103e-64
0.999999999988766
0.999999999999997
0.0101265884360991
0.446097708109169
3.19487140038063e-09
7.05584318890608e-08
1.5121955744757e-21
5.74327513560509e-34
8.73955657468467e-21
1
1
1
1.39892649439393e-90
0.0966703571158588
0.968489222163699
0.205154436672352
2.60792141964754e-40
1
1
1
1
7.80546506070714e-108
7.80546506070714e-108
6.22999060556965e-167
2.26349142388616e-05
0.453811516806023
1.43038001487834e-13
5.14614141378525e-12
3.24440925255448e-12
6.43761496763533e-18
0.993253152016944
1
0.0570357580144236
0.0168079064626625
1
1
1
2.32209985669668e-34
1
2.01543023577288e-23
1.80988208431536e-68
1
1
1
2.67060930414717e-22
1
2.33061591243834e-68
1
4.22442396170604e-05
0.00270310945285911
0.999999999998866
0.890757358204966
0.0966703571158588
0.0389149312221825
0.784593217124476
0.905964940204333
0.963607539956298
0.144558347912139
0.000174690328906467
0.99999835934264
0.964784196411572
0.00194760223862422
7.77788672173724e-08
0.999999999131656
0.00434850315755563
1
0.414679020126199
0.0546155402793648
0.550899002105507
0.058323306903506
0.000145224323296623
0.999999896608727
0.322361413850538
0.000369824426278417
0.999951484134212
2.85975361628067e-35
3.27898015941715e-06
0.574623855996836
0.0134422499871113
0.352956337645107
0.004941983558253
0.00610057067690454
0.144678111058524
1
0.591939655186544
0.00918082051402702
0.014003077110135
0.65850165319592
0.0395575424123834
0.999999999999999
0.000704799211978127
0.0180195483163156
1
9.97587077595879e-39
9.01749297068569e-11
1
5.88229070359193e-80
0.0122974564463316
0.0871920989536389
0.048795921257505
0.00253349915016981
0.924617977772248
0.966626406611704
0.11277768977435
0.393600969598584
0.0454286597561353
0.173190792619381
0.42467480330484
6.31201187637211e-11
0.984849519706839
4.19933013262389e-23
1.68161530066002e-16
0.998325287938144
1
1
1
1
1
1
6.00412634298946e-07
8.11675679938274e-18
1.78378593829062e-87
1.79508437091849e-202
1
0.999999999590678
5.75705346698399e-14
0.999999991397755
3.67585330134448e-79
2.75316158001812e-18
0.999954185652185
0.999999946531796
0.999999917760574
0.999999999999009
1
2.80110145811369e-53
1
0.999999999565712
0.999997177775799
1
1
6.11462014716737e-46
0.0122518972134825
0.363812728439962
1
3.66820642313105e-61
1
6.15770640515944e-59
1
5.64002780232661e-06
1
6.64909360776349e-27
4.88837828312793e-280
1
1
7.81525284548289e-113
2.85987641078973e-87
1
1
5.84073922553833e-204
0.999999999922035
1
4.09220779037826e-27
0.000954538784582292
0.0187381047427518
1
0.999999999999998
1.61330687287245e-20
0.999999999971492
2.8741320742382e-05
8.00947824536709e-05
2.0751535147604e-61
0.122422662114618
8.44758860484371e-09
0.00181820285172657
3.22110817836162e-05
2.50762422527603e-05
0.000436246070927822
3.71155457707566e-305
0.000903539054281075
0.000134576007130323
0.185278158216796
9.94638136831669e-16
0.116153635057217
0.143480424558749
0.999999309304636
1
0.999978832074372
0.999996654231423
1
2.11226894893225e-12
0.0286530736254122
1.85412470859276e-29
0.999999999999066
0.999999999997397
0.999971305976045
4.42710433086895e-06
0.145106282000803
0.879388705089641
0.0442762270674767
1.00671345240893e-17
0.999999999998495
2.00945909624558e-23
0.00842365987283179
6.06120767326423e-09
3.89315918649831e-09
0.0524256716524475
0.924397414469637
0.0147057651380654
5.67359057988489e-11
1.16929397446326e-12
6.50592567281465e-07
1.84128638713476e-05
2.73953409233287e-26
5.1124678510051e-05
1
1.36974822271483e-05
3.28963544510685e-96
5.87703918518699e-05
0.999999992923548
0.999999982344281
6.16448886081458e-06
0.853992712626306
0.996266452106855
1.86230118110996e-09
0.360637562325211
4.47244615583218e-26
1
1
1.19978668515899e-245
8.87809181952961e-64
0.150759502740728
1.27768599066896e-07
2.69359353581008e-30
1
0.999999999982509
2.70244754233955e-18
1
1
1
1
0.999999999998066
1
0.999999999999997
2.80415229812629e-36
0.634946849118127
0.521042630850252
6.11224874433149e-34
0.999999999999984
1
5.02714812148184e-88
1
1
2.91192788926754e-33
1
1
1
2.92523630880386e-214
1
1
2.68666728159029e-73
1
3.19329091618509e-52
4.77373828541337e-102
2.68136443348022e-83
1
1
1
2.89558131411818e-45
1
1.45071660734857e-05
2.09211813646773e-05
2.0969117167258e-09
0.00176819975025965
3.04165705340754e-122
8.13204443890235e-94
6.6410651145903e-79
1
4.06183655986492e-146
2.29838962021776e-30
1
1
3.86776998896029e-34
0.839954515464803
0.0159192284750601
0.999978634265569
2.72502405723228e-31
1
6.54687533116954e-49
3.52662286113492e-22
5.27069176692596e-17
9.57546378051015e-75
1.71195489837481e-35
1
0.0211262825742695
1.25937128336337e-31
3.03193647195504e-22
0.999999999999998
1.10870299470004e-09
9.47676621135074e-13
1
0.999999999996931
3.25394199946679e-11
3.61527332285225e-05
1.07048754939891e-05
6.01359219255892e-23
1.7373285871217e-178
4.18750837525065e-183
1
2.14146914401461e-81
5.32853661508566e-14
3.93697359335399e-21
1.2714474506843e-67
7.32158275107062e-26
5.4470895669857e-91
0.999999999999961
2.24387245762332e-64
1
0.999861533743389
5.27401336924464e-37
4.88692839480978e-52
1
0.99997545719956
0.999999999999994
1
1
1.959876843295e-132
0.641490418781642
1.47642301658828e-39
0
1.77496975574588e-194
4.23294315642051e-36
3.81323999914684e-49
6.54570601653315e-123
2.17138679461785e-49
1
7.86167217159593e-22
0.999999804484669
2.42404836961676e-08
3.45066992330184e-27
0.839689875255075
1
5.00250058227773e-36
1
1
0
1
3.48345890977658e-43
5.39080102217737e-20
1.15103066586499e-108
3.07080914465137e-54
6.94890194557663e-163
1.11055073358195e-23
1
1.86068195516652e-45
1
1
1
1
0.999999999996237
1
1.83691700493189e-46
7.27428501283253e-09
1
1
0.000286174689658031
0.00010071410226116
1.907879323605e-134
0.999999999972035
1
1
1
1
1.62028453572831e-58
1
1
1.5213411131792e-79
0.00164774528148866
0.999999999978187
1.63337606719956e-106
7.65391184915589e-39
1
2.65902613537514e-38
1
1
1.12150229987646e-21
1.66766995829677e-15
1
2.27624433144472e-07
1.60220547773607e-148
1.76721835729667e-67
0.999997547052377
3.88328792647266e-09
9.6624228558603e-34
1
1
1.16666077064277e-44
4.38505120368202e-248
5.34380367381429e-05
2.22196661936808e-08
6.0861160344174e-13
1
1
1
1
0.999999999999998
0.0206626222533106
0.0769226656403534
1.12476151699966e-15
0.623714443779056
0.0109995665219162
0.0097984229261991
9.66137985524478e-106
4.3508956996813e-58
9.06769153166927e-24
0.441426998371087
0.996854686326352
1.12667615724618e-76
0.999999999999544
6.43277647538796e-14
0.00748673919353211
1.40810839784503e-07
0.00108774673358191
0.000152492526451239
1.15550120413049e-09
0.00626486248723148
0.293509168059362
0.999999999999998
2.2722406119986e-21
4.73124748624371e-28
7.49144020539257e-20
1.50514133496547e-31
1
0.000411209059649446
1.57324622283945e-12
6.39617763875518e-16
1
0.0256739962749939
7.81499405161821e-07
1.05516698751927e-61
1
0.604137472700423
0.911693992932783
0.147234593033412
0.0534941602316824
8.74042269188692e-42
0.999949483562573
0.999955196512073
2.25741763754363e-20
1
1.16105750051498e-15
0.132822805745477
0.988561355120002
8.73659803647553e-07
0.999995779047079
0.999999975670971
1
3.60860825005652e-07
1.79683696308296e-74
4.58919218897586e-51
4.58919218897586e-51
4.2225202576352e-153
2.40314194830378e-193
3.79141486818432e-169
1.0413740807674e-11
1
4.29663458069684e-19
7.11719531744142e-71
1
0.959163797856467
0.999978814628309
1.38026108840146e-05
0.0943662504620487
3.06478029766598e-31
1
1
1
0.999725623976545
1
1.63189586575689e-45
4.10423370486359e-06
2.83001505689436e-24
1
2.52984974212525e-151
4.07304595440854e-66
1
1.0583382669079e-32
1
1
1
1
3.10439773829679e-52
1
0.998756641350996
1
1
1
1
0.290357203838728
2.39824835104505e-214
7.47973034364411e-134
3.65898546188982e-98
0.00200009145235971
0.999999986088974
5.51346251070354e-74
1
1
2.12222118913444e-23
1
8.7078121931991e-249
5.51932432491149e-33
1
3.27336419963599e-98
1
8.78736716171716e-251
1
1
5.46836795873102e-20
1.31528472468423e-47
1.95775172793502e-69
7.14385286800485e-119
1
1
1.71045306039752e-47
0.997780762227057
1
1
1
2.45863360562018e-10
0.992545963062822
1
1
1.84878055088607e-95
3.39583263400036e-199
1.56433657952672e-34
0.784213409362487
1.33691718602616e-36
1
1
1
1
3.90614659689133e-09
0.99853105623097
1.48278491291049e-79
0.99999924522211
2.20403318074972e-66
1
1
1
5.51530774606563e-66
2.26588189989466e-12
1
1
1
4.14366940244281e-50
1
1
1
1
1
7.34501382466141e-08
1
0.0163076038643263
4.86685273656458e-12
0.998890108294557
7.77901997116652e-18
1
1
2.63939574634937e-08
1.41489048024603e-06
2.38128639711891e-50
1
5.78330755094632e-47
1
1
1.65208642631021e-43
1.76966047726238e-15
1
1.03802982391554e-21
0.999999895656782
1
1
1
2.18865904579275e-23
2.08212439452009e-17
1
1
1
5.06294613045653e-05
6.25403715773524e-11
0.999999902241701
0.999997819440196
1.86751840163336e-08
1
3.67948066569707e-135
1
1
1
1
0.112459004157406
1
3.25826896362752e-07
0.999999992910321
2.4616734284849e-58
0.0498029557279356
4.11180674168155e-23
1
0.999999999999261
2.82694852872329e-33
1
1
1.15628293302938e-10
0.906580803504572
0.999999999999998
0.999999999999666
0.819359432749358
1.35942637631671e-50
0.0372706744983363
2.48969845327855e-29
0.999914982476663
2.29816276054088e-11
1
1.09088156247012e-13
1
1
0
1.24958956653519e-15
1
1.40837857896646e-21
0.999999999999978
1.25580709489378e-52
1.876842860327e-76
1
1.43577930486954e-17
1.88933461943888e-46
8.38902584941011e-45
3.58288167797231e-111
0.886713307982201
6.39761178054028e-47
1
7.55354357860479e-149
1
2.76567990028277e-42
5.20906555549055e-65
3.14121361518461e-105
4.5189124057917e-218
1
3.7563263959119e-221
0.252026265804288
1
0.999152080266381
1
0.999999999999999
1
1.66797948713742e-10
0.99999999876031
0.999999992978117
3.74173588434529e-74
8.95388285497856e-220
1
1
1.39318630758889e-94
0.00670344572694271
1
1
1
0.0187520195775013
2.13392983225504e-07
2.65200267866585e-09
3.1162592240602e-25
0.999999999999529
1
0.0640691828885383
0.999999971064816
0.999999999999002
0.0192600836862033
1
0.000161715263408814
3.12849916973557e-104
0.0958560450059213
0.999999999999998
0.999899459419667
1.35018542563269e-269
1
1
3.45890376806289e-19
5.03710589729013e-25
1
1.83141604239451e-127
0.0631359056057361
2.23265595878375e-49
5.00262599405012e-07
0.999999999999937
0.999999999999806
1.0558564878111e-44
1.29480949010349e-09
1.04921334122438e-15
1.04921334122438e-15
1.97060531887454e-29
0.0490432287276511
4.18249403170367e-33
4.18249403170367e-33
1
0.0966703571158588
0.158984325579455
2.99916862210851e-23
0.999999996855642
1.01368265199574e-07
1.57438426839218e-45
1
1.18637470520702e-26
3.2033992838566e-25
1
4.00872716324579e-85
1.42337801913896e-70
1
0.99961859849749
0.980646598486251
1.26411496591533e-13
1
1
0.999999999999997
6.38578952627945e-18
2.44361412972937e-10
1
1.32057076664125e-69
0.0619837922317709
0.402096290934952
0.999999992482751
5.00963756758152e-06
1.97562811456825e-13
0.0123723928369011
1.7392322776871e-05
2.94008945117461e-53
3.28126612381872e-39
7.17609788818469e-35
1
1
1
3.15870951763566e-55
0.0156344426548571
0.0173306533385438
7.4456991802616e-39
0.999999472485886
2.04326966407383e-33
2.70155853496961e-32
1
1
1
0.000793026229462124
1
1.83291326912011e-78
1
1
5.5068067913871e-31
0.304315456707283
0.999982539021888
0
7.11454113959371e-07
1
0.00287562631549102
2.76910849129824e-17
1.54894139447984e-14
0.889099924278889
1
1
0.460725497954467
1
0.411734502632155
0.218144787762253
0.158673884142318
0.04219583860815
2.08141859127316e-05
4.08940646120641e-10
1.2022404391365e-260
4.44823442694044e-148
0.999999999999999
1
3.64537513526271e-09
1
6.26841836706966e-84
0.495892761677371
2.27425278536877e-30
8.22933140176736e-18
4.20138720962236e-19
1
1
1
9.80557291006018e-57
4.69613860009327e-34
7.1009006150827e-47
1
0.960633483230311
3.76883535768018e-17
1
6.9413169780417e-08
0
1
0
1.29071224493063e-267
0
4.13078994835036e-90
1
0.999761872953749
1.18452086637103e-64
5.4659196671151e-46
5.91339725006446e-05
0.929732337358321
6.34476436598765e-50
1
1
4.94179317059382e-64
4.66926366520225e-11
1.51929910564921e-215
0.999999999998045
4.52710382590616e-26
1.49605821532557e-56
1
1.02614252777807e-104
1
1
1
1
1
9.12777277047588e-12
4.06430201550887e-56
1
1
1
1.12103118840252e-85
9.16689092184296e-49
0.999998126255821
3.40263034495112e-97
1.64669911944069e-17
1
1
0.999999999987241
1.2362530998673e-87
3.41533294298551e-60
4.75893523955697e-277
1
1
2.30495806634898e-102
0.369994906573381
8.23454078766565e-97
2.55903944157177e-40
1
1
1
1.50627934824835e-125
6.69090551440272e-52
0.999957320960143
6.99151073503932e-05
2.50084257541421e-224
1.99150096995307e-57
0.999999999967595
1.04279771556573e-182
1.45594407744722e-53
1.02051538786244e-42
1
1
1.8152524827262e-106
0.101799867688757
1.33931922780126e-16
5.48892253697795e-43
1
0.0023456394678774
1
5.55394023585634e-79
4.56007352801293e-80
1
0.999999999999999
4.66176996938938e-91
7.21886328165296e-93
2.72901642071987e-08
4.95618453729399e-06
1
5.55688343900292e-232
0.999996671693617
0.99999999999986
0.0160949647629351
1.48446408399943e-06
6.45265062260908e-108
0.433221343427327
0.999983340431697
0.999990567073977
0.0202651629222516
0.000946993642771901
4.87816982019553e-88
0.0188417818625611
0.0275975836784766
2.74370540852463e-55
0.0848759008322241
5.56197304441023e-110
0.0943662504620487
0.0219033275546349
0.131867532084767
1
1
0.000222641458326376
0.0737416269302783
5.68238162866888e-08
0.103471178990556
0.000810399759621185
0.999999978172494
2.86129584447872e-140
0.999397799141061
2.09918419529922e-08
0.999999999970971
0.0143213934417629
0.000356652768643971
1.04641651017637e-06
0.0114142167491625
0.0021788073561117
0.00439738313557753
0.0852278761939811
8.63067635276432e-06
5.5014727816122e-24
3.47175858316438e-07
0.961002650125956
0.999999999995995
1.64854926713734e-09
7.22498821903789e-07
0.99997072120996
0.000253607009471293
4.86132086784778e-06
1
1
1
0.000239579998209966
0.0108138740237525
0.276507003160791
0.998831431131634
0.0799876719952787
6.48192628373981e-05
1.51058851166229e-82
0.102066115528116
0.999999999991784
1.58530570091889e-17
0.999891198212519
1
1
1
9.57077207131548e-34
1.81894591037312e-36
0.99999908810883
7.9042639253775e-08
0.00343212684479269
0.0929564324641146
2.3937816674638e-73
0.996594644880568
1
0.576383598722151
1.90707737296498e-48
0.000188819093260263
7.48924801610446e-05
0.000784574449508992
0.00258620500708274
0.00193210119632149
7.65845406308625e-05
1
0.999924778247177
0.999985798697441
0.999999995978863
1
0.0291411900071986
0.00376849831420217
0.800684314202345
0.948671697273948
1.1418925629933e-14
0.849942636395368
0.0197474985706569
0.000843967794464081
1
1
0.999999755567913
0.000102158314248544
7.51656969165697e-06
0.019021309553158
0.980624088950044
2.91921558952149e-09
2.23253137831476e-09
0.681969328677725
5.61728689754421e-05
1.19572749758539e-193
1.07136515589416e-06
1
0
3.10707316846234e-12
0.0346168275665118
0.0939151220990234
0.342393450591382
1.40854425095921e-11
0.00599579766436141
2.93011751825855e-60
5.35103985344196e-35
0.999483395318411
0.998787941883457
3.31288301648626e-71
3.64404838547286e-48
0.0218949484313772
0.999999952297959
0.000659008570951832
0.269253363028016
0.999999557717683
1
1
0
1.20634445713707e-35
1.44121537673654e-120
0.000180277495054513
1.38351340937382e-06
5.25012741786059e-12
0.00642857362991292
1
1
1
5.27624580152928e-197
3.24282824295923e-100
0.999999999999956
1.59616656022666e-27
1
2.63853663586884e-07
3.7178173134981e-55
1.1617472756003e-27
1
1
1.35787238985837e-45
0.183253819228076
1.08287355035605e-14
3.65772928479442e-81
1.03918969988604e-11
0
0.467609222301214
0.116064114688573
0.0845381999004221
0.0110553174959272
0.00100431479389462
0.999999998435641
0.0441520245316617
0.0638048001800747
0.22305297037354
0.0550683995900783
0.998705950559851
0.0491536906230077
0.000508882586577456
0.000483735248760278
0.121349167008702
0.124817608167215
0.0122232191580994
0.0488822943815695
1.03077124229642e-06
6.49565123402728e-200
8.6075075502044e-31
0.559912999376538
0.0802265624797803
1
5.61275528246943e-12
0.995584635875997
0.954874649058907
0.982927540739915
8.76487609618544e-13
4.0658916747685e-85
1
1.62362927526618e-72
1
1
0.963822598825915
0.881738066836885
0.770104418087066
0.00130599791398177
0.084921534986108
0.0317916157669201
0.000284969448067079
3.77845531912745e-07
0.999989267186438
0.00877795880296245
0.317747862686107
1
0.000429446986060232
0.0538113135831048
0.999999982198809
1
1
0.00415781128576853
0.904853446457358
0.00238593859245088
0
0.0196904454501545
0.999976671218655
1
0.991533216929588
0.999520161385905
9.85977253394422e-06
1
0.126947133806973
0.0237794156157218
0.00599174644140365
0.272182086233501
0.00127220796112547
0.0298080469217468
1.16623513616378e-223
1
0.94233593347639
1
0.99907682724869
0.0882751371469714
0.0241671210525163
0.239134586017491
0.00241968871720884
0.971030105668356
0.00737745197578044
0.311569285030413
0.526093137315377
0.173597148065157
8.16333183123044e-05
3.17085248003384e-09
0.998685287158223
0.999986008273843
0.999924651987211
0.999999999990782
0.00225451507490884
0.000257049246993427
0.0489113613667756
1.05077699162204e-07
0.00689123932425173
0.00196088643734225
0.000330171145322648
0.994010324935267
1
1
1
4.64569000888985e-08
1.07908080465111e-05
0.0205999212972987
0.829981053781791
2.259066294914e-13
0.995371459405979
4.17155725597982e-59
6.85149913486158e-12
1
0.00200418900676141
7.26309445515389e-13
1.06080459447826e-30
9.61315153972925e-12
1.03030902868152e-14
2.04163837741066e-09
0.999996837498226
0.999999101060601
0.790551899739987
0.00687994249917208
0.074358033589419
7.63216383479219e-08
0
1.7639385202594e-62
0.018016355860168
0.153998588170466
0
1
1
1
4.85630535534388e-05
8.29767279151541e-11
1
2.13562933552394e-120
1
1
1
0.999996428023148
0.999806355118479
0.999999999999299
0.999999999797849
1
0.999999998933951
0.0404271427218273
0.0160315590072988
2.96848860793008e-21
8.30529502281394e-10
1
1
1
2.01311169410892e-09
0.00206758633246907
1
1
1.46276117193263e-06
1.94426328484165e-17
2.00504370114563e-05
0.0103495659717218
1
1.3383787920107e-37
1.38678451806578e-15
0.999999999999999
1
4.42048459017686e-16
1
1.08948180365583e-21
0.017705946110357
4.73680087052044e-15
0.000829172313032345
0.189346969698159
1
1
1
0.245399672141407
8.18488247231682e-08
4.2709748227007e-52
1
1
1.00666836969701e-19
1
1
1
5.75704234648796e-05
6.84599676701209e-21
0.150906298285209
6.57550802123375e-34
1.86172281757132e-06
0.999964488434525
0.0162469100201088
0.0106303422456287
0.509306440023867
9.25280835851792e-05
0.00143227419605335
0.0183371294803853
1
0.999999871171609
1
3.13638487936971e-96
0.00223550299425427
0.999997201365503
0.999825442844814
0.00464684249233997
0.99999435073903
1
4.71665770761571e-99
1.2886426910249e-43
1.36656516860338e-11
1
1
4.12476542512966e-37
0.00363495256522653
2.90019240055748e-09
5.68585236318877e-09
1.37463588312599e-40
1
9.26097428750128e-97
0.999999995740901
6.97250605064507e-11
3.5387446674996e-09
2.3172824672573e-13
1.35155911362516e-12
0.709221772668682
1.48059615873116e-19
0.00628849769638244
0.0260774275829798
0.000443562768219311
1
1
1
2.2838594977015e-05
0.999996658124446
0.00923788960698438
0.0743436252025609
2.25740212964954e-07
4.1677733404296e-13
6.16895193941752e-08
0.167405655443621
0.111761722171038
2.48936576108095e-10
0.000142758288140723
0.00278932365685195
0.00238224485661284
0.714236400752629
0.0140844542895698
0.974948755952984
0.663978971724029
0.333010895789054
0.0014148523436083
2.77737613982626e-25
0.00417198821306682
2.58140722181533e-174
1
1
1
0.00295771465282864
0.00313502875243709
6.43181454117537e-12
2.51348528354494e-06
3.32641462122535e-117
0.000717286952486555
0.168464521686336
3.59688790513933e-05
4.99014691451756e-12
0.588144103600831
0.0222701011808428
0.0608815881290225
0.198511979156131
0.000739890204726633
5.94505977445192e-06
0.00136872616086929
0.0368266475723237
0.0181357520495645
0.377548042427608
2.4844089261597e-16
1.49642931659358e-102
2.15683272276118e-129
1
1
1
1
1
1.20638285273451e-12
4.79382936553903e-69
4.31477271579289e-13
2.13894570607913e-34
3.588921495636e-06
0.999999785625714
0.00612781775573674
0.00298820010688113
4.83142294239232e-08
0.994887972184805
0.881343247994514
5.65075092244567e-05
0.999996995217264
6.0830672722613e-08
1.35015936664243e-08
0.314277244745907
1
1
1
0.0198746484601465
0.997670495127513
0.869568105499251
0.982832681926555
1
2.34371225090461e-11
1.52439936199028e-62
1.15076521600792e-248
0.999960781468347
1
1.52598172945271e-28
1
2.00180856498149e-24
1
4.09279355543432e-143
3.7936561017611e-117
1
1
2.97391764806774e-35
8.97739569956774e-22
0.000475899876838295
0.999999999989637
1
5.99866817338938e-58
1.35120487534691e-20
1
1.81224575617724e-24
4.44687063785445e-41
0.999996589707533
0.999999999999999
1.39537695061399e-14
8.54563893026875e-36
1.08636415345718e-07
2.64577295980879e-59
1.59132667879549e-09
1
1
3.5380488642615e-11
0.0779518376308534
2.23163489271468e-05
3.30178242527137e-05
0.99999999999999
4.44152034933182e-196
0.0134556537091285
1
0
1
1
9.53538553766765e-63
1
6.30887422474553e-100
1
3.51945920459327e-63
1
9.43701764786839e-18
1
5.6682853247899e-109
2.50586152935224e-80
8.97825376260104e-77
1
1
4.79905843814957e-08
4.76238891809669e-07
6.3807167264247e-108
1
1.35298101985984e-114
1
3.74172162402184e-111
2.91925295479303e-45
0
0.110240881786307
5.98475327081815e-42
1
5.23452080840272e-07
5.56522253779682e-08
0.00026563410470827
1.58594541804271e-34
5.74206000325511e-05
0.0285548223630446
0.823815139676179
0.000705153062204821
0.999999999996021
0.152897991768783
1
1.03023912772302e-14
8.70726017923368e-08
0.00164307916336279
0.999999999809321
2.92350482052385e-39
0.999999754084925
0.777107542846794
2.90383355020309e-12
8.54697966994553e-09
0.0855647186280442
0.000408003400893657
0.979234960649779
0.999999892553285
0.999999997496497
3.3852179717393e-12
0.00184572570436332
8.32694170822715e-08
0.00987557186945724
1
1.18645414146896e-34
2.06634233161064e-163
0
0.998143054533387
5.0196085684956e-13
0.0252172301594955
0.965748488755806
0.999999984823066
1
7.60181505516507e-05
1.49013883709938e-44
8.6674287477705e-10
1
0.0596264280500553
0.00877437312700929
1
0
2.87033600727315e-05
9.45904320118192e-296
4.29087203825229e-54
0.00171573156497012
1.59783728485149e-05
1
4.13676824618814e-205
0.999933896136672
1
5.25444434179772e-09
4.48305767592811e-08
2.02024853824211e-09
0.983264143000856
0.338162564958938
2.01463325032933e-30
0.112459004157406
1
0.103468493521029
0.00035254480152823
8.97773135375106e-05
1.91925604800122e-05
0.999996914212996
0.049834650266684
0.999999912585738
0.999999884799909
1
1.79202615273385e-86
1
6.23913617144844e-41
1
1
1.30037254643493e-05
1
1
1
1.37115361187845e-21
1
3.72547480571151e-06
0.999999606852069
1
9.73731825756658e-34
9.61907544501725e-51
1
5.11279604265306e-06
7.35763467865943e-17
6.80013098179635e-61
0.211331365388228
1
4.63376096410217e-35
6.64207171304123e-17
1
1
0.000116048876698037
0.018442794859868
0.0108663630946922
0.254483182597707
5.9114831101661e-71
1.38199244020985e-09
9.89365378257113e-66
1
0.16886089183139
0.0497337537295101
0.137568344472649
7.81529206351359e-23
1
0.999992123922786
1.08116188882954e-23
7.32648189082846e-17
0.58317454833066
0.15117152149518
0.979110467889473
9.88769792834004e-12
0.999999969003763
5.28839242578925e-10
1
1
1
1
0
4.34054969669526e-37
1
1
9.79550305264846e-150
1
1.704046083872e-166
2.13514571334227e-68
1
1
1
1
0.999999997464469
0.307454466236593
0.236244303626328
1
1
0.263462463990295
1
9.38068483927098e-16
1
3.7716641086243e-28
1
1.17130292697955e-26
1
6.56065340940872e-23
5.37582876864336e-54
0.653746273052188
0.653746273052188
7.95357058272765e-101
7.36927510740162e-13
1
1.53978402867334e-40
0.999991046287151
0.972620408882098
0.0285083075406568
0.00518498012003575
0.00146604817688773
0.00150586971068994
1.74201321026727e-06
1
1
0.611434131827111
4.5229872394501e-11
1.01031703219555e-66
1.38291446364513e-107
8.98312221165933e-05
0.0456015593241246
5.22588615307254e-39
1.45606555921003e-08
2.18689043394941e-18
0.0380373152488574
0.022432860314289
0.999999999310886
0.999999999365698
1
0.999999999991226
1
4.47912074284113e-178
1
0.999999999999968
3.68131185747471e-35
4.41661445161101e-124
0.409984533358171
0.00124683900576912
0.00101169085553396
2.55751765499787e-68
1.46853397251299e-17
1.65547951645248e-33
1
1.24236188059365e-59
1.88210066389881e-37
0.999999999999998
7.28125052776266e-10
7.28125052776266e-10
3.19105791140111e-09
2.72114704669255e-155
1.89259827748655e-12
0.166915394745423
0.322053598280535
2.10300879594985e-06
0.987963067825745
0.0535991814530385
1
4.08105034087144e-295
0
1
1
2.65616889619449e-18
0.0175501728599261
0.221406580140453
0.0238457214147938
5.09622381313139e-10
0.999666140762985
0.137604841293115
1
1
3.93949165774809e-63
1
1
9.65181026465673e-14
0.999999999426297
8.18953263859184e-20
7.02397752801691e-13
0.46326591615044
4.95480067223237e-06
1
0
1
1
1
1.247300533618e-35
5.98828559879331e-167
1
1
6.50003135659594e-17
1.31687457104428e-83
1
0.999996241810476
1.58736384694599e-10
0.845148974028008
0.714352590349835
0.242011638194961
3.76631650984982e-10
0.999999999986789
6.89272708357356e-53
0.00102263705611527
0.112459004157406
1
2.104318329032e-07
1.42157159637776e-07
4.32858179329753e-24
0.274409334021609
0.0966703571158588
1
5.62180676260084e-185
0.069622354705998
0.998821428904227
0.999558380356168
0.88656040276938
0.999999426284589
0.00588409801249561
0.00310836507252891
3.76820366945343e-06
2.61904314248556e-25
0.984931463474352
4.69654740560416e-05
1
3.58573320754352e-12
1.84225258514695e-99
9.80728078844368e-20
0.112459004157406
1
1
1.97911463885102e-10
2.38977764878317e-194
1.39516014492624e-17
1
2.57402588534345e-25
1
0.00133302397466471
0.99996889477992
2.85775272939872e-15
0.00142330944243759
3.17046497004974e-06
0.00010114065275718
8.589609758257e-06
0.0574603022290769
3.58734992438761e-08
0.00306803487709572
8.47007870482156e-48
0.993032745307772
0.205017047512445
1.39408270805959e-09
1.08890930220936e-33
8.71359414010189e-23
1.61873455546758e-07
1
0.000478723360750475
0.000440884314612255
3.33277825912419e-44
0.940173045246515
0.999999902215948
0.011487231265529
0.999999988143131
0.00245157060998313
0.0776174089632935
0.0347199528487647
0.379005300649045
0.0130929352607327
0.999989579504676
2.16070278354319e-131
8.50825624598203e-45
0.975984767718936
8.35156926140185e-12
1.22380262530915e-07
0.997525334659183
0.00220431695447677
0.0276503285644992
0.999999999905068
0.498689786139237
1
1
1.91810182805394e-14
0.0025959471822453
0.209612084591836
0.133228522403289
6.37064971086638e-139
1.37197869406577e-57
0.000116492132045527
4.56399072802553e-09
0.949471648796541
1
7.46838591058959e-111
0.215321876416858
2.33334029841198e-55
3.22400798081923e-140
1
3.1222384150291e-28
1
0.999999968142739
0.999999999999927
9.41527923499389e-10
0.000125981670554919
1
1
0.0124296744540475
5.32763792037716e-24
4.8303027736674e-18
1
1
1
7.06684618438244e-32
1.52781737842859e-53
1
0.999415315819436
1
1
1
1
1
1.80819846485487e-45
3.13146187503667e-25
0.999922408844943
1.61027704116303e-33
1.26383761766518e-40
7.49794538124154e-50
1.17093303703362e-40
1
1
7.10057811150227e-09
0.926105707533967
1.69685988975314e-11
3.97618925261218e-09
7.79650042156248e-12
1
1.6322935640461e-18
1
0.999727676625126
1
1
2.6825028913411e-253
2.88121297551561e-05
9.51177710843794e-29
1
1.50627836958508e-97
4.72518351165745e-27
9.11269046046928e-39
0.00179196714140615
0.0943662504620487
3.26315162998818e-50
1.37998278094944e-52
2.25395758671279e-86
2.55964483168759e-26
1
1
1
2.62412367192678e-103
0
1
1
1
9.33439709888674e-54
0.999994719956143
2.60431352486421e-09
0.423689502386399
4.46489391499375e-18
7.3583134861521e-16
1.02446217751297e-31
1
4.73436994162728e-118
0
2.70866380697597e-05
4.31148109628472e-07
5.49852570354318e-08
1
1.23756678824713e-15
3.99569433647994e-06
1
6.70815405765078e-08
0.999535212179998
0.000109935254016101
2.79804711782744e-52
1
2.58935583227791e-22
7.94522866335502e-61
5.69610158347232e-212
0.000484839472480025
2.74022588390483e-05
4.53870878855596e-55
0.999999843701491
1
0.999999999996168
0.965135883689223
0.119405923848259
4.71250694943022e-08
3.62006869377299e-23
1.25579543235453e-27
4.75057040707316e-153
0.999999870761059
1.01174825503082e-44
9.67739462839234e-96
1.78691098887684e-06
6.47886107732985e-67
1.74109479981461e-41
1
0
2.63219975117976e-27
7.53669361891361e-307
4.85422640321918e-59
6.40475219644737e-62
4.70176202571919e-63
1
0.00010694250764468
1
0.00156518993395432
1
1.4154816306258e-08
0.999609710539298
3.6462836394645e-21
1
0.999999999999992
1.3804617265596e-274
0
5.30868744761799e-176
1
7.48843822161897e-185
2.56398196382808e-29
1
8.32152726582616e-66
3.53388122162219e-65
1.52658756887166e-87
1
5.88176963591193e-10
0.966607969938244
7.42376959378001e-151
6.79590291018419e-10
4.89010325177703e-48
0
0.999999999817136
0.998340981077732
0.522556556823988
0.99986326088408
0.999850501917795
5.31093031299885e-10
3.20378079080177e-06
0.337289685096775
1
1.99063815291623e-25
6.73587530280424e-07
1
6.08764813390199e-12
0.00408519574555206
3.61977675494632e-20
1
1
1
1.76975380537883e-13
0.999999969578016
2.48795268951518e-19
2.08921674288187e-17
1
0.946867344690337
0.104105351506572
5.60210988821028e-30
0.00247056739481415
2.02229326968597e-27
1.22808245391115e-19
0.812423098044602
0.00210919637042776
7.36189225304751e-115
1
1
0.999998982794099
0.999999973720896
1.29137048874624e-69
0.999999825847149
1
0.0292971320187413
0.09548182389763
0.848737083884251
0.0230790276601401
1.22917970112934e-41
0.0917530905767169
0.000551326299022268
0.0421468764530912
0.675261060353331
0.0173111354526091
0.96348738945663
7.14103284227537e-10
7.53380061097422e-05
0.0853661283416831
0.00299889377516455
0.882446703985905
0.00042710775396307
0.000218286107325206
1
7.5192146135715e-31
1
1
0.99999983924969
5.9312269406245e-38
1
4.16368762565708e-42
1
1
0
1
0.0102726696203632
0.00290990589620608
1
0.999999999999992
5.02562413007449e-74
8.40453232413364e-94
8.26161816001742e-156
1
0.999999999999999
6.05160076313635e-78
3.22066241318693e-12
0.00171129138434151
3.4393827340564e-21
1
1
1
1
0.999923144435909
0.999999999988619
0.300374506517537
1
3.25418657067866e-18
1
3.34582224076158e-05
1.89997511523124e-18
0.782431735150124
1
1
9.96106152009014e-07
0.986992647115848
1.61403596929676e-21
0.99999998693611
0.98218809475397
1.78444784070691e-10
1
1.80999054101381e-144
4.229212767289e-37
1
1
1
6.16367123553776e-78
3.0292153926021e-137
1
0.995934419219404
1
8.71532993394639e-27
1
1
0.999999996428929
1
7.90430405503705e-142
8.99053988727386e-279
1
0
1
1
1
1.19787574022361e-16
1
8.19352223882037e-103
0.948555799952416
1.49022037199117e-06
0.0321221330629798
4.77790058469439e-135
9.05090925367851e-84
1.11476110003972e-07
0.999999999731309
3.41948962262099e-108
0.181593801772309
8.24165523485569e-06
4.21370246465735e-18
1.05712388090561e-07
3.66330901538871e-10
3.63588929605253e-05
1.27145539184286e-19
1.45848093433802e-300
8.97827984553228e-220
1
1
1
1
9.09757368941139e-167
1
1
2.17883861496342e-18
2.97801962858794e-24
8.15390227721656e-78
3.1511647378306e-37
0.0748366077503465
0.056347432345748
2.15487938525113e-25
2.38447328020267e-56
1
6.86631382458736e-139
1.21212338645867e-69
6.51075050179752e-07
1
1.05732594814903e-13
1
0.999998300576884
1
1
1.06863232322636e-35
1.22436923135681e-59
6.2174504337375e-52
7.52424862879686e-22
1.15947872252776e-39
6.02804536335389e-89
2.804196027645e-23
0.172728683611869
1.69093709669925e-75
2.80296949269274e-46
4.86471384097749e-51
8.66763298971952e-37
0.999221187657574
5.52992440790108e-25
1
1
3.50415352263309e-14
1
0.999981112287073
0.0340010345217666
0.999999999998757
0.999999999407803
6.16760154896964e-36
4.18305527319857e-52
1
4.91696232750834e-11
1
0.999999880149093
6.04620757125948e-12
1
3.82948965375243e-20
5.17695066443773e-09
0.999999999994962
2.41687948526981e-228
0.917711606190172
4.38505455953387e-213
6.04494142721541e-223
3.02739763046368e-20
1
1.72796721567916e-05
0.999999775929226
6.90388400362176e-15
1.14805704705605e-10
1.76602696372083e-43
1.18031089509294e-20
2.88083767909074e-107
1.9030729397256e-41
6.36468296637117e-17
7.71492024295073e-05
1.79115895158639e-08
0.00284973732477902
0.907701678340389
1.12211950483771e-30
4.40709153942814e-08
0.999580205178177
0.999973625393964
1
1
5.41901754466095e-06
0.999863089543009
1.33016129760677e-212
1.46391214931833e-69
6.39171828733571e-05
5.46084496506525e-06
1
1
0.315929948944292
0.0049431706546264
0.237934560565411
6.10996715587439e-06
0.000112007968589807
1.26090519443065e-05
1.75406003199671e-06
7.69527332308521e-05
0.0416085118562686
1.63052412258044e-08
8.48210770364536e-158
1.24362407917424e-66
5.26191644888707e-52
4.22508384807908e-05
0.0222288487482506
2.08730785360461e-136
0.00226756127454788
7.49948316845204e-05
0.0146519197699985
0.874430062582984
0.314381118347618
0.00678108427339761
0.132461646945905
0.00247867494257662
0.0721208519791097
0.0336537406119875
1
2.11652249811204e-05
0.346402920038157
0.590034988927189
0.512065960578222
0.391991644613264
0.00435906789730345
1
2.39913860686168e-13
3.60934412303167e-26
2.16669556188856e-14
0.0504829200978775
0.00160447597339506
0.999999340283668
0.768141437229427
0.0218981598258683
0.112459004157406
0.00534340970342621
1
1
0.232811233324946
0.722689901215223
0.318124742068336
0.496949156544839
1
2.01322443741375e-49
0.308376128620601
0.000695776366191415
2.31241898506041e-07
1.1583328398689e-26
3.75546776832892e-56
2.52820667843454e-09
3.82271349649943e-13
0.161016252352535
5.4642929476318e-14
6.19691618995217e-49
1
1.32595024350095e-07
6.42544151955481e-09
3.02591450881732e-14
0.885980042875897
0.999742997075777
7.71970754828702e-06
0.415960267863848
0.000536972110305909
1.22748531779621e-18
0.857549954321355
8.32167812686303e-08
1.10153397990511e-14
4.84742928288357e-05
1
1
1.97381068065053e-83
0.996378550787592
0.000163146170874885
0.175651424967177
0.100762668843719
2.95335542651073e-20
6.44398999812359e-14
4.94313286609117e-05
7.77903372649858e-12
0.000119799584476622
0.999998896436947
4.38165242486408e-09
2.89302198716037e-54
0.999999912426534
1
1
0
1.05959054251088e-12
0.0708949214694037
0.022320756766977
0.996430295484148
1
1
7.19862261289974e-14
1
0.190801925791742
0.000448832568862469
1
1.05998411490031e-77
2.47800045143394e-23
3.30891577144578e-134
1
1
1
2.55694190254252e-294
1
1
1.94013966528269e-68
1
1.7511425691195e-139
1
1
9.36332740098201e-196
0.856516880830098
1
1.02158813884515e-11
0.0131343910379029
0.999905964355512
1.16079714094339e-07
0.999999014129248
1.01962512507153e-74
1.47064866984622e-42
1.30476664042738e-08
1
3.67513208696245e-89
4.25444805550492e-55
4.16334307088559e-91
4.97374956754424e-237
0.998532063751764
0.935263452177632
1
5.74441292019612e-191
0.999999999711242
1
5.39487193215519e-40
1
1
5.68293375076828e-26
1.02511208359563e-10
8.1428905630977e-43
0.999999999959425
4.60162467466984e-14
1
3.12899354326071e-08
2.41866147306243e-07
1
1.23628041994424e-28
8.57897157036329e-20
0.999999975695558
0.999999999487973
0.999999999998045
0.999999999997049
1.45272274405918e-12
1
1
4.92255700879657e-10
3.51175441361002e-20
4.64258874495887e-12
0.0327316453859278
6.15210101952654e-07
2.70048803997514e-25
0.902096756405864
0.999999999999906
1
0.86326475942822
1
1
1
1.59428771971832e-80
2.04671159447368e-37
0.00098333846414257
6.75491885479705e-07
1
1
2.93624770617395e-14
1
0.000681677706133293
1
0.103221540104568
2.97374523863208e-10
1
0.436921251074996
3.00691493796455e-06
0.999968568814619
0.192346322270579
0.947536887961821
0.999999999999999
2.21056604044419e-28
9.97058823240275e-08
0.999703675307627
9.79331570959066e-05
1.46894681741826e-103
2.55718919849548e-253
1
1
6.16924543758082e-53
1.22667163521233e-132
1.57032561089479e-210
0.999999993155205
4.8062826926105e-61
1.04720964309542e-11
0.112459004157406
1.1990735377588e-26
3.30831239853248e-20
1
2.14477517537333e-39
3.50401616843974e-06
1.48663129318888e-13
1.1823464421456e-34
0.000126268008852288
1
0.369263811273924
2.78774849571619e-07
1.75342757879485e-14
3.67179407258403e-10
0.999999997625813
1.34884820242318e-25
0.101770450639517
1
1.02538426690133e-05
3.32910703570194e-12
3.11558078425923e-138
0.635916043700381
1.18033416148264e-05
0.999999994137484
8.49355323252063e-06
0.429722188011256
0.500312665044967
0.441892500282222
0.0022595395443029
1
9.44997652901454e-08
0.000154848394920275
0.999479186402582
6.77613532336389e-06
0.999999918473802
0.132684130776378
1
0.12975586381165
0.982392981382352
2.9855612579918e-14
0.931035965285216
1.49442709754341e-05
0.000285366946720254
1.82334471044763e-07
9.8294852823858e-22
1.85685119124324e-13
0.00890826973122516
0.000431685774309277
0.998781291900838
5.95335077448015e-82
0.00358619581828246
3.01051130809781e-06
0.990971267475119
0.438972043187794
0.997346549043335
0.00460655541039481
1.02653701955409e-27
1.13679640663586e-148
3.56563843924068e-210
5.94874939778158e-08
0.99999998957855
0.000590477664485084
0.99999143498774
0.169962653481792
0.00030104395253131
0.000398081334815416
0.271490983391927
0.000224937622090181
1
1
1
1.12407601526137e-08
8.67478143409302e-07
0.0171314450333989
0
1
0.991009096647354
1
1
1.3975952830397e-284
1.61921403470402e-140
0
0
1
1.67997473297751e-244
1.0542373056319e-16
4.42449443781356e-159
0.999999999999932
3.28170223616035e-12
1.99012737051664e-07
0.00040428677998591
9.0968210216607e-14
1
0.999963745289912
0.00469532734019304
3.87363851693367e-15
1.09590634992212e-199
0
1
1
3.75454395629036e-177
1.62121819833904e-10
1.30934462383016e-218
1
7.97389007032446e-120
0.129970823898392
6.27999790000656e-11
1.41632971254577e-47
1
2.22275103449399e-09
0.999999999999093
4.4417247019208e-15
2.34195945739661e-17
1
1
1
1
1.76170220351991e-10
0.249254024660824
9.02295896848567e-116
2.42703979360777e-83
3.61822764244711e-07
1
0
2.66934451207238e-19
2.42758637063609e-54
1
1
3.90605009808991e-133
2.14288321045176e-174
8.40252346101181e-24
4.64944372662172e-54
4.66186101264063e-83
5.64566343331173e-15
1
1
2.5706432209639e-28
