0.00167401630946263
2.73369488891784e-173
0.000372909328690176
1
3.04982116791818e-14
1
1.97470794893722e-71
5.91537546990496e-69
1
1
1
5.01297489192405e-132
1.41235755721301e-102
0.995089061340591
1
5.37275650196957e-65
1
0.99998217893854
1
1
6.88564156667135e-13
8.9570491048511e-46
1.51871948095446e-143
1
2.15278163565615e-81
1.8155078042003e-72
5.1902073044514e-122
2.7431541140571e-113
1
1
1
1
1
1.13718031670259e-136
0.436381636429877
0.208653229096619
0.0132878913334526
4.69436080639601e-15
1
1
1
6.08620518019102e-61
1
1
1
1
0.999757042396867
1.11688336660166e-70
1
1.50637368920101e-136
4.68311935634911e-148
0
1.16024284369512e-299
3.56636741949201e-81
7.19637152963409e-99
2.75333945391472e-84
2.49796125965716e-13
1
1
1.12989228553381e-18
1.50302144942592e-38
1.77056921397066e-23
6.17449280764665e-31
1
1.09033354259338e-36
8.99198364865828e-36
0.999990132605509
2.7011497147515e-17
1.74672559432069e-16
0.999999999999996
0.999971766206546
4.75275990052187e-218
1.17431813045324e-94
1
3.21730392487942e-134
1
1
1
7.21241035232521e-147
3.45543209861818e-96
1.78103430108258e-19
1
5.51223333683264e-40
2.33036148119206e-11
0.332508478893586
0.99999861896125
0.0774857074932996
1
1
0
3.2754136953044e-11
2.07865386143585e-08
0.00015387533326231
1
0.992928580833403
2.49122878997093e-29
1.63203209624275e-94
1.53319158326536e-22
1
1
1
6.83628389754846e-50
1.18036986868254e-106
1
1
1
1
6.28299764775815e-292
6.28299764775815e-292
1
0
0
0.999999999999272
1.8250111197581e-12
2.8189806599826e-08
7.79660811923865e-19
5.45343949248503e-10
1
0.999999942673001
1
2.05551130748506e-107
2.08291888784065e-61
8.8087087900258e-48
8.88953831683014e-05
2.17705076785402e-09
1
3.21222335774831e-29
0.99999999999721
4.49230354631204e-22
3.50443633383112e-10
1.7542101472077e-21
7.26914620243129e-20
1
1.38262138613637e-33
5.31223850569465e-31
0.999999999997921
6.68881353191797e-43
8.66976176241659e-24
5.76970310136755e-17
4.76625633878525e-12
5.11293156390524e-196
1
1
1
1
2.4192311582384e-56
5.04353850524239e-26
0.999999999999932
8.13570796478173e-22
6.58488451455578e-13
1
3.8261036493011e-29
1
1
3.80811883251272e-17
3.26660119050163e-09
1
1
2.55986654181861e-54
7.78515160805536e-125
5.0461724441954e-281
8.46217808967119e-144
1.04448146654203e-06
0.051136291097348
0.150364580064977
5.55266927577971e-11
0.00564965620490601
0.000197684118998934
0.00851300416726675
0.00195798505765969
0.226937351942437
0.371535650095186
1
2.85554066482567e-66
5.38074094745185e-26
3.63470308121406e-70
9.24851373591968e-20
0.999999092887499
7.05771821770724e-13
1
9.64950597262066e-139
6.21173745780439e-123
1
1
1
3.88907381399272e-08
1
1
1
0.999999999617755
7.14792370577368e-08
1
0.932744826308763
1.23383343229319e-27
0.999998613554105
0.999999999932029
0
4.18496961191947e-58
3.05059486873818e-40
7.34078677790424e-181
1
1
0.999998512905677
1
1
1
1
9.24685229216408e-34
1
1
1
6.50997071397254e-54
1
3.55870832236918e-15
3.59800195590914e-52
1
1
9.94900202389771e-36
5.4011801644382e-13
1
1
1
0.999996185183741
8.73271836389387e-27
1
4.92237158817619e-47
1
1.3534718029356e-114
1
0.999999935015537
0.00643386309846826
0.168756378711419
1
4.75343160493735e-182
0.682630124546632
5.95597042602545e-12
4.01232726293901e-08
1
2.45708309631677e-09
0.99999997882048
0.999998021517728
8.49116854416724e-202
3.17224627440657e-95
1.59595243306423e-33
1.00837165498713e-25
1
0.0783723201309812
0.00851657994959797
1
1
1
0
1
1
1
1
4.15925658739053e-24
2.58278670128863e-15
1
0.99999998622002
1
1
1
0
1
0.979704810875624
0.489803442933516
0.088142860793096
0.0205145450360462
1
1
0.999999999996772
0.322545753039434
1
1
1
0.429561734792462
1.79341423186318e-23
0.99999999827976
0.999999999994622
1
0.00164271505473091
6.09294057392401e-91
0.0210141411487242
0.000816544746190948
1
0.455103044248558
1
1
2.26955100571047e-06
5.7313579663835e-46
1
1
5.76912834894446e-203
6.85278918802918e-09
1
1
2.63493866150271e-78
1
0.000410757070979083
1.91080257100306e-17
6.8621623848502e-77
3.59209728357908e-102
1
1
1
1
1
0.0481165505198084
1
1
6.48939223424383e-64
4.13487554951161e-121
4.87300534985636e-65
1.9789345765113e-157
7.19935276463605e-183
6.4179199227979e-285
2.08792220683778e-05
2.26439331722845e-52
1
0.999999993741374
2.59281989772379e-18
0
1
0.999993637538281
0.999999999451827
1.2523607805481e-65
5.87874061231088e-17
0.0347979075630054
3.90310462191614e-18
0.999999999999803
0.000598959861007689
1.09452536170892e-28
1
5.57600931475864e-43
9.6599636295864e-169
1
1
1
0.00125982086210469
2.15905519137159e-46
1.01944363894869e-10
1
1
0.00465356322977388
0.999999677489744
0.999991234540472
1
1
1
6.58333324285737e-53
2.1706176421612e-15
0.386588618587306
5.69494870828281e-59
1
1
0.997148745489684
0.999293362944559
1.30160341839491e-185
1
5.14626977213786e-147
1
1
3.28069438634864e-49
0.999999999999999
1
1
1.64261617640641e-181
5.33522679453454e-25
3.41989046562837e-18
1
1
1
1.11176232594248e-90
8.87977842930057e-88
0.00240069018368625
0.0883401447546769
1.72289186725611e-24
0.000925304976696397
0.946530387111972
0.1666012932645
0.234092563136902
0.000734393802116108
1.55536072029776e-05
0.050872569144548
0.0121447522174557
6.17185225269821e-07
0.260328048203668
0.981217827276462
0.992531229666918
0.929111407558762
1.44991273050041e-51
1.71677241479635e-249
2.72169719932762e-05
2.0380373973047e-06
0.999971372902239
0.428647849189963
3.50107785431649e-33
0.00449812651853227
0.00386958266542232
0.000152355824635441
6.74262590046272e-09
0.946585948686735
0.999999742235638
2.52881224228206e-76
1
0.00063139895050342
0.000921691743708249
0.0250868036597867
0.00200284572390548
0.000490056089396319
0.0011338948728569
0.000737041016690537
0.0030435960236563
3.77659624808998e-30
1.37643709758754e-14
1
0.348910711377831
0.583790672490495
0.119832254052359
2.91323912422455e-70
0.577762948920457
0.0950335076439753
8.27158301860223e-98
0.999051472366525
5.92457863961334e-126
5.40542640772183e-302
0
1.19137451316896e-36
1
1
5.05517888768229e-23
8.11633383046459e-21
0.999999999962651
6.67414523499397e-51
1.77210534281063e-51
2.95459364397118e-24
0.000919725067041346
1
0.420664192526572
0.00314938468852274
2.37349374580883e-13
2.6780605357193e-16
0.999999729956371
0.0190858804974163
0.307050113785409
0.999896362142012
0.999999927246303
0.041693058142162
7.10970322642872e-09
0.000419578355263792
0.00392159684753811
2.2225773222511e-37
0.991105371976176
6.95459321335149e-22
0.0201641388065915
0.0629514755945588
0.00163714248501165
0.0196955797943227
1
2.9867272663299e-40
1
0.999999885656583
6.38206692065952e-113
3.32080153664583e-20
2.17546278741746e-19
1
1
1
1
1
1
0.97284837307209
1
8.1046410438013e-59
8.55665976058755e-58
1
3.97926513323481e-45
4.63149169913373e-61
5.52092205176369e-167
1
1.46098308577037e-29
3.12952415268443e-37
5.75996781762365e-32
2.29703109845187e-22
9.00486491616129e-06
1.42388674799848e-95
1
1
1
1
1
3.72332434653889e-50
2.37092113564801e-48
2.4819476487002e-232
1
1.40756797771201e-12
2.22839444877954e-13
8.2778178126495e-15
8.85702235999134e-19
1
1
1
1
1
1.57523050719703e-58
1.08672381258825e-53
1
1
1
1.62558115416531e-164
0.110011400520903
1
1
6.58296476790838e-84
1.22437076060263e-88
1
1
1
1
1
1
1.62334870062801e-99
1
3.54169652996401e-76
5.56871096650838e-174
3.62307985324843e-15
1
1
7.37833561122695e-10
0
0.996605999982916
5.56895704799483e-11
1
1
1
0.435899017848846
1
1
1
2.82304204819792e-45
2.08343352148838e-24
5.0861552582286e-15
1
8.07167485504859e-191
7.30740480369341e-27
1
0.99999999975171
1.81696882720915e-44
1.91972214898398e-13
1
1
1
0.999999999999997
5.16585162694407e-06
1
1.81762529593599e-53
2.2690131494525e-21
4.03461810505238e-27
4.93544151397915e-148
3.69823422157005e-280
5.1770843383176e-122
1
1
1
1
8.93432631336372e-07
1.8946032809578e-06
1
2.42023123782764e-47
6.52980354929379e-46
6.26386040096828e-08
6.15616421629898e-13
0.999999999988442
0.975578901206395
1
1
1
1
1
1
0.999999999999798
0.00234155540103621
1.47667739126607e-24
1.61153557906183e-05
1
1
6.68354359534749e-65
5.97452712486087e-112
4.13056655289277e-115
5.78958700040624e-49
1
0.00185432745866228
5.84858458377573e-05
1.93730481666435e-37
2.00924787230885e-24
1
0.999999999832434
3.1618951577205e-09
1
0.9991364353507
0.999999999999999
1
4.00295847309133e-19
1
1
0.99999999999839
0.999999999775974
3.08767902096954e-19
9.0507307148263e-81
1
0.999999999982236
2.61705904553955e-20
9.6871005431663e-07
3.44762640987838e-16
1
2.60209683860789e-24
0.254123034626357
5.06168523422253e-26
0.999999999999702
7.30709489320447e-29
1
6.73076246090085e-47
1
5.9041291558655e-142
2.37798725900907e-37
9.37474356566691e-57
1
9.09524679849325e-128
1.63739773699606e-98
1
0.99999999994667
4.04681740179902e-18
9.99567161177071e-06
3.68729874497174e-18
0.194313491106873
2.52470973358115e-38
2.72552779654964e-14
1
2.38352925771489e-49
1.15395717030541e-21
0.999999966576216
0.000270580232228123
1
6.36764488691273e-53
1
1
2.69969976327234e-56
4.19160637438279e-41
3.04687652908629e-38
1
7.17208197630702e-37
4.07838259822414e-25
1
1.81969958716946e-150
7.84269391879369e-112
1
1
1
1
1
1.41897535084201e-33
0.999992312113876
1
1.34947163524929e-13
0.999999999991529
1.14154471965857e-06
7.35279082569147e-11
2.39134551834861e-145
1.06323998384704e-13
8.91408340877202e-90
1
1
5.72488037081986e-13
1
1.08845141395708e-17
0.094653860279204
0.999999588296972
7.80201560478021e-36
4.36763843172363e-23
1.47895151112959e-09
1
4.08121236604686e-207
0
5.83106792795811e-150
1
2.31774076762192e-51
2.11978597884498e-08
1
1.7379388397152e-67
1
2.33326090481694e-05
1
3.54296639214221e-05
0.999693942001375
2.39145154240022e-07
1.47582398166298e-44
0.999999999999994
0
9.7544734919389e-12
0.0682240826489336
0.999999999998026
0.000134226716680973
1.34198975596607e-62
1
9.38465934223993e-139
5.98897194604472e-36
5.81136758252871e-06
0.00187398216152404
1
1
1
1
1
3.25031636490498e-61
2.21795227597128e-10
0.0021237813592831
4.79080004225123e-08
0.955037168202285
1
0.0391914664122767
1
4.18039786477663e-21
1.80588204493314e-14
3.76921068793426e-14
1.40324594069035e-43
8.90185851343753e-17
0.999999999450215
1
1.3357195255093e-06
1.23061908762685e-21
0.999999787082335
2.85670328081387e-58
4.19166843123666e-208
1
0.999999999998879
1.25972273307578e-82
1
9.01863091435856e-84
1.27142939277586e-111
0.999999999999992
1
1
1.00960031162695e-101
1
0.0021652003321232
0.0376328122216146
1.5527300638754e-67
1
0.00316978248407264
0.0039031997536564
0
1.01647905901181e-14
8.91092194032521e-24
7.28829884358443e-163
0.00756181411216728
0.126011899503162
1
1.82136467052259e-119
1
1
0
7.90847485366914e-09
5.60238881061159e-133
1
9.05787474926489e-186
3.16283663332537e-156
6.25488721394084e-131
1.26488807846646e-146
4.48061388930966e-156
0.995640538944754
1
1
1
1.6134236543994e-81
1
1
1
3.021514442287e-51
8.14009001447735e-19
2.57589876535108e-173
1
1
0.111015505253472
0.220247822085349
0.999999999555745
4.96253111697172e-36
0.999999997889981
1
1
2.46761871844575e-30
0.99955015274927
4.24707817993818e-08
8.6535921337978e-05
6.80855560765144e-38
1
1
1
0.997472994668164
1
2.77796342690912e-59
1
2.7002015281238e-126
1
1.83513607737613e-05
1
2.2768764233089e-40
1.58100910797628e-25
2.12975199266129e-07
0.999999999989544
1.00736986627331e-70
2.88108693900039e-27
7.55114054633341e-41
4.32466523235839e-10
1
1
0.999999999996703
0.0419172786258036
1
1
2.7163141033105e-24
0.999999999999971
2.90545031467736e-07
0.999999999999992
4.00164739277961e-07
2.44305291472512e-09
0.0223421254449155
1.20008493072784e-07
0.999999999999944
2.39418267392707e-05
0.347072675830061
1
1
0.0191833425137474
1
0.907125284419686
0.0215032270459944
3.47218128218745e-15
0.99999998064788
0.966559934528043
0.999999893908874
2.88847044537506e-37
0.999999999999998
0.116722097776881
1
5.27020082137244e-42
2.00977638266632e-13
1
0.999999995027503
1
0.99999999999995
1
3.60801487392161e-07
0.000839715585394162
0.000808211265964045
0.99999999996377
3.13482690352068e-32
2.78579461511855e-40
1
0.997068945255238
9.43282568490927e-05
0.000288388014572878
0.999999999949569
1.47621852047747e-13
2.35682770756399e-21
0.226521961373263
0.0276235845826493
1
1
1
0.650255673923769
0.00806132235894278
5.38305184552371e-17
1.71760073463824e-102
3.19514622731184e-99
1.65733807014375e-75
1
0.296889776619055
0.999304667790395
0.995244560596398
0.988145775687856
0.000591265346433778
0.00117634338045114
0.953120655820598
6.70323921834544e-13
0.987995912898686
0.999985634871361
0.999999999072881
0.298773393913557
0.857107443939203
0.282016669368135
8.40227501797537e-05
1.44948795320796e-36
2.5283726400923e-34
3.26881526890649e-46
0.99997327307412
1
1.60849604867061e-19
6.40637884246424e-06
0.723378340121256
1.01839956958084e-247
6.99774861220612e-12
1
2.53577766656893e-23
0.979613075819201
2.80432665015013e-06
0.0016643450770345
0.251829353856588
0.999999992164968
6.73633013638838e-37
1
1.00648218796429e-17
3.93534290311032e-208
1.64540883425883e-33
1.00416163815926e-146
1.479257370456e-15
1.87382927159903e-57
3.42789247203578e-83
4.34438813901208e-106
1
1.19631183357634e-80
2.46823573762469e-97
1
1
1.15187392919922e-82
0.263629733086611
0.0022608669235117
3.25819283492463e-134
2.86697068103343e-29
4.02118114293061e-21
5.34319081990794e-122
1
1
2.20013023305756e-26
5.52248624126123e-27
0.999999999998517
1
1
1
3.3500297771046e-09
1.55468181489683e-08
1
3.50246662556339e-59
2.68334786775749e-13
0.973230488376574
0.0339330133495554
0.101684030001474
0.961308131314216
1
1
1
1
1
2.59309345833125e-235
7.47151281553221e-115
1
8.11250038886661e-38
1
2.67863088690622e-07
1.34846663985251e-05
4.13760374899764e-08
2.78375930292834e-11
1
1
4.93384096996929e-33
1
1
1.67864515312642e-12
0.983023424742732
0.99562964013613
0.0517749362764219
1
2.74856416265846e-196
1
0.999380816417256
4.83328765871086e-40
1
0.999999999997295
3.48562565587748e-16
1
7.98685300780116e-06
1
3.52971187280383e-81
0.979195481232437
1
8.28076368224426e-08
1
0.999999841837773
2.70234894402173e-18
1
3.96639419483961e-71
1
0.998306472969283
0.977857014260592
1
1.01963126628876e-17
1.88631826233113e-25
2.17910191435454e-104
1
1
6.8532431861779e-13
3.46472794245958e-34
8.49857837715201e-33
0
3.42578173106672e-88
2.13892462073429e-21
1
0.969420204496448
7.48097027226854e-09
1.07169240691868e-24
2.24556162575916e-09
8.20335027663322e-80
2.85375252663492e-198
1
1
4.25232397570675e-119
1
1
1
1
1
8.15840157944505e-45
0.999999463978779
3.56452382208997e-12
4.95929114087196e-98
6.01462176395648e-09
1
3.58816582009156e-11
1.00676226962641e-265
1.15038001581794e-256
2.21781922838149e-13
0.999999999999997
0.999999999999933
1
1
0.999998488391204
4.67905988696034e-22
7.49612126471589e-117
1.62401649058009e-75
1
1
0.999999975683031
0
0
9.18988816567409e-25
3.05453379360367e-14
4.69706717271257e-05
1
0.524322288950088
0.999992010448423
1
0.999999999999999
1
1
3.87174070018922e-302
5.00965001233062e-20
3.20724729835471e-107
7.61025849386903e-14
9.92480274025301e-24
1
2.23832130655174e-152
1.02261358210695e-20
2.19287839868651e-53
0.999996475570785
0
0.0087259731498776
1.55279392363893e-260
1
1
1
4.91714522923899e-104
0
9.95209376208916e-207
0
0.817724000858287
5.78938585770571e-107
6.89312884680597e-13
2.11933639549921e-25
3.15519125913227e-185
0.999982749509425
0.00118913341284293
0.318955977463004
0.872156460557216
0.0181312899359309
4.59315888179867e-57
0.99999999618523
1.86612655828534e-20
1.75941804192412e-32
1
0.999999999996688
1
7.60410852750732e-273
1
1
0.00211725769555873
0.0258096043085473
0.0202477764685686
0.101544120863855
0.0339364854958822
0.999999001525961
0.99999905649786
1
1
0
5.75954892942755e-59
0.999989238175788
3.0942877685338e-11
0.999999999801707
1.78938119620829e-26
0.997690647748189
0
1.07195587407368e-306
1.06205981703111e-28
7.59184924968249e-139
1
0.00233770403414275
5.42159791757991e-29
4.53655748089891e-30
5.23535447065133e-20
0.999961941569259
0.999999999831419
1
0.393339596394337
0.999999999664036
1.35285223148304e-42
0.999999999939577
0.999969957182679
5.09827334463102e-05
0.999992896055948
1.93530367446369e-43
1
6.16226760560397e-67
0
0
1
1
1
0.000363790394113357
1
2.48106628165682e-260
0.281211524953302
0.999489915514473
0.00884081430329965
1
2.14175162574994e-22
1
0.712571224960377
1
1
3.53694396945672e-42
0
1.27755590371669e-29
2.07102991597313e-18
1.39373700338059e-25
2.84401435409782e-05
0.999998848389502
5.34297164105976e-161
1
1
1.11252948361233e-268
1
0
1
1.28142967916961e-36
1.60248658891833e-85
0.000570889107164005
0.999999999941526
1
6.34165660459127e-48
3.50095731374948e-79
0.0607835521538814
7.53426473757099e-60
1.36786458420988e-13
2.07562331824562e-75
1
1
1
7.94417863427213e-23
0.00446129564055582
0.0176854575968937
1
2.24557307015657e-24
0.999998088424015
1
1
1
6.43436592955712e-20
0.978920675370576
0.438425516848665
0.996732765706694
1
8.54417538430207e-34
2.19389104533772e-131
4.88890543995551e-49
0.916173067724901
1
2.76409790870291e-64
1.58652067913615e-221
4.3989564040432e-236
1.14224105446627e-54
4.94208856414637e-88
1
1
0.999958774261723
1
4.30515163176461e-62
1
1
2.84189727595305e-67
1
2.06278452213466e-161
1
2.92594744200468e-17
1.41391544154991e-38
0.999999288379081
1.06465030498142e-18
1.17216038878106e-98
0
0.000390329227676439
1
1
1
1
1
1
1
0.999360999460611
1.17709464342496e-13
7.55777307666164e-46
3.55450509553137e-42
7.90833204294891e-90
0
0
1
2.55848390392438e-07
1
1
9.95922650832199e-130
4.44890091908601e-159
0.999999996312584
1
0.993106659898585
1
2.19758329679652e-05
1
1.57911967535341e-105
9.93996878065816e-06
1
1
1
0.98570066001246
1
5.08442810242505e-179
4.06475378737171e-19
1
0.621141496956437
0.924863954247239
5.09875755401955e-32
1.76604806573826e-39
6.32034411922124e-86
1
1
1
3.51857431852015e-14
1
7.48233799132306e-86
1
1
0.999999999856378
0.999999999999985
0.999999999999986
0.999999999958417
2.71923930604724e-05
0.02136235858485
5.92262015459718e-05
1
0.153367140656928
0.000534948655899779
0.00222327959947793
0.0127031698413995
1.50867397960496e-11
0.96084435570233
0.591127428665309
1.21886980835139e-06
0.0549050755653278
1.96311379698651e-09
0.104809243138837
2.53517713422228e-05
1.60035956576495e-05
2.71792534678833e-06
4.341405654832e-05
0.11974058066516
5.03866035768826e-06
0.999999995785456
6.71691713167908e-11
1
0.997417873080143
0.114565492015768
0.0263937063796517
0.000100436831457567
0.000846566423010434
2.27821773184861e-06
7.93705373723679e-06
1.26805136688215e-05
0.770205194055109
0.107221658742805
0.00768552050545647
7.23374832630019e-108
0.16351344715322
0.000199694488659857
0.00874132974060893
0.248820432500759
0.545143850737135
0.646280319129723
0.0308008339115882
0.375115177831268
3.63847895863065e-07
1
0.114128932951426
0.0232842196448836
0.175101607698449
0.0138808808779503
0.00168985462126278
0.00106588396420682
0.0188920950050726
0.000501716600777098
0.293797065584689
0.877629686395993
0.00950685873933843
2.85139117520616e-37
1
1
7.45780768593321e-15
2.15356394089071e-189
7.05930319328889e-12
0.999990294545581
1
4.9016957345486e-212
0.925738882629694
0.704529345944628
0.506354940963115
0.999623901996423
0.999998024830578
0.999999999999991
1
5.45610413465685e-12
0.00016084222619143
0.0386127436257411
0.114285852361746
0.999755262111956
2.91672865260595e-06
0.260891338949069
0.00300244606683571
0.0181157090743345
0.000100587630369856
7.04600858813435e-118
9.57866848706455e-06
0.000611578743271394
0.815808026925415
1
4.09791553051387e-09
0.87975901542968
0.0250126486449759
0.0271615505059652
2.18986272861158e-191
1
3.38116331354233e-138
1
9.66448906689972e-116
0.0581409578946134
0.999999999988554
2.57325120505138e-26
1
0.997424498131822
0.999649370149695
0.0148584597438114
0.000262304856488424
0.160934463260194
4.37938671368198e-11
0.949301050397886
1
1
0.500459742730008
0.999999999917193
6.55073220207999e-60
1
4.1988225762886e-32
4.1988225762886e-32
9.85871165574568e-29
0.999999999999605
0.999999999999999
1
1
1
1.03465469913497e-271
1.03465469913497e-271
0.124239094511685
1.05431775444317e-305
2.00996679270573e-216
0.000230532655924821
0.999917681913705
0.999734616762069
4.36141415491699e-16
1
9.78838772775268e-05
1
4.79690344677965e-16
1
5.18514993697301e-08
3.9827306641064e-119
1
0.999999999999995
0.999765371842547
0.999999999735581
1.38552585965987e-224
8.7929352506193e-155
6.2408725361886e-81
1
1.54942735640931e-144
5.61707273183399e-129
1.28338756541877e-19
0.0347815866412865
9.27991019171312e-45
1
2.15462943875693e-17
0.0297390122721802
0.998751775000524
0.993095371406126
6.01139209332735e-16
1.64832184456653e-25
9.46551886641261e-29
0.996831247043849
0.927091124403728
0.0347555941423169
1
1
0.999999999995086
0.999996379335459
0.00305373199152484
0.999999999479078
1
2.95196037889848e-275
0.000141343445312373
4.15231404955891e-133
1
1.5961562078138e-62
0.0150850180449974
0.0664278146886082
0.999999999999995
2.46278692817196e-24
0.338321149163715
2.44036454657473e-09
1.77816846930305e-12
0.000882713652304661
8.23190243146272e-34
0.999980864342177
0.999999981355701
0.999999994285192
1.79469720671771e-97
0.0392680583095513
0.999956261925496
0.999999566192801
1.22222072075515e-16
1.63073091320472e-26
7.72545052913616e-28
7.34666327359831e-10
2.35265149028049e-05
0.999999999518308
2.20381353665341e-06
0.22194888830383
8.42495392282148e-19
9.18746405805756e-67
1.98139922187652e-184
3.4532457802561e-08
7.6135606233409e-09
4.15535145749422e-33
0
4.25832697033877e-07
1.14772930051352e-18
7.54921339226513e-67
0.988577812214936
0.999998815603269
0.994741943021684
9.65106173069708e-18
1
1
0.384204212817944
1
0.999999999939029
1
1
0.999999999998916
4.15998133888109e-26
8.76444144696096e-266
1
1.48708042838953e-58
1
3.74606376342767e-154
0.000577228076784133
2.29717037983104e-16
7.2461724813064e-07
6.02252709678671e-17
0.0376569825195439
1
3.47740310398968e-40
0.840830799896703
0.000193930989081938
1
0.999998373582566
0.999999999081701
0.0720791018961238
0.000747658310382221
1
1
0.0340218866410104
5.46347719778444e-12
5.85164108235989e-05
0.95280334608799
1
0.00987686715317342
0.800392410910751
1
1
0.999999985328589
0.232360268354192
0.385587597890682
3.19487751943988e-05
0.0202906696404205
0.953576590516183
5.77069252344619e-113
0.145424150703273
3.2517206995758e-32
2.26182164195757e-85
1
0.0107874142529811
0.00297712004260872
0.964849446046163
1
3.23835657187207e-76
1
1
1.1403844945217e-05
3.09673538859952e-22
0.999999816837609
8.37272852384687e-10
4.05932966443174e-06
3.71671001699274e-14
6.99910140444234e-05
0.277519039545029
1.95010234573264e-83
0.999999997594619
1
1
3.82866542596638e-20
3.25936361660967e-57
3.20697897294753e-16
0.00959502312688913
0.999999999999998
4.06338247264177e-07
7.82640078015536e-18
1
0.00158543190189847
2.6079085683404e-96
5.10779707359246e-107
5.18355314469232e-65
1.41022815320641e-05
1
1
0.368831550531451
1.00051071886374e-24
1.12886410234573e-56
1
0
8.38963268108168e-234
0.00556533442218046
2.11290871240197e-132
1
0.00670057177298352
0.0369612134799183
0.0087483038877625
1.78405142202577e-228
1
1
1
0
1
0.0104907230694012
1
1
2.1656009979326e-56
2.1656009979326e-56
1.77722528141896e-113
1.77722528141896e-113
1.19487789488204e-128
7.12357995102633e-89
6.2801365077585e-48
1.15877181295693e-193
2.09680482529525e-241
1
1
1
1
1.75825522338973e-189
3.89679031870987e-95
2.9181691979404e-165
1
1
1
1
1
1
1
1
2.74771475341766e-144
3.21586403742648e-87
1.09084231174188e-05
6.931564498929e-07
1
1
0.999999999999814
1
1
1
1
2.84292763858278e-34
1.26744754143546e-29
0.000559221067875527
6.31133274913194e-05
1
0
8.87843238470278e-147
1
1
1
1
9.52616182283929e-113
4.92586325398142e-80
0.997587947381598
1
7.66107249592082e-15
0.999999902851813
1.53290342639248e-141
1
0.999999963289816
0.000259981874863804
1.19574081392126e-279
0.971616966419724
1
1
0.0595387302425501
8.16486708879156e-06
5.85500205401783e-10
1.69800525594617e-05
7.83099710345861e-11
2.44361485727333e-12
0.00295144220978017
3.9393390164838e-07
2.439125826034e-69
2.439125826034e-69
6.07289256508697e-91
6.07289256508697e-91
1
1
8.89159504726924e-31
1
1
1
1.89022193234986e-73
0.403387652179394
1
1
0.004152122375567
1
1
1
1
6.24342133078638e-90
0.99992344154718
1
0.999999999921764
2.10280651200716e-40
1.00421806189096e-111
1
1
1
0.999999999999604
7.70406634304758e-09
0.999999999618624
1.1550997033124e-141
0.752589812765052
7.171664693026e-74
1.47229053178164e-16
1
1
1
1
6.30665796766421e-11
1.93469972213689e-60
0.000315502103875214
0.999999508065
0.0350569448730727
1
4.41863215582273e-72
0.999999573548445
0.999999999999985
3.02771413177237e-29
0.999999999999975
9.22181340553559e-53
9.45952881837098e-23
6.56310830767103e-13
7.25127553852517e-12
1.36646938640884e-06
0.999675768737257
1.19911283349691e-19
2.92631093011604e-59
1
8.2003828816916e-15
0.999999999999987
1
1
3.38239591809315e-32
3.30732205282879e-297
0
5.66028423134845e-08
1.29648864844337e-252
1
6.45698604316424e-273
0.903333592222479
0.998911063130426
1
2.90182288935908e-20
2.40811743340334e-22
0.01168758999446
2.53620257140906e-08
0.99999999946482
0.999999999999902
3.68517106164201e-05
0.00465475078839033
4.02964993952596e-15
0.999999999999981
3.2655793773571e-13
6.54305555283807e-11
0.999997016923785
0.00787712225440032
1
1
0.999999960876517
3.16346983811933e-259
1
3.79694915216002e-231
1.18712555063997e-67
0.999999999999996
1
1
7.15293470106686e-133
6.33692073378061e-65
1
1.18665274089331e-45
9.05296734030803e-07
1.9120154015209e-07
0.016027437080668
2.03142370335707e-10
0.00852782652896116
1
0.97403841790878
0.974281953883144
0.996248142938862
0.999974431368067
6.37847873170401e-94
6.37847873170401e-94
6.05336377662273e-28
1
1
2.58184945019859e-109
8.33472622873468e-149
2.71818000897722e-55
1
1.4405932234639e-121
1.6213084375936e-08
0.999999999999998
1.6717140587436e-15
5.37123973911145e-17
1
2.13457985186412e-213
1
1
5.89696644317877e-173
4.31946970782688e-65
0.088806455430939
1.92849366249496e-15
0.999999999999932
0.999999999999911
1
2.66806772256327e-30
5.31598621465119e-12
5.07366803704899e-33
1
7.95574333088637e-16
1
1
4.14305672096997e-73
0.999999999668435
1.11943499470958e-37
1
0.991103665934066
5.73061689991296e-83
6.41231566482583e-77
0.00203540516148558
0.00036564200054998
0.0874901668963929
1
1
1
1
9.56160003097058e-109
0.999957297584728
0.999315899960692
1
0.00385114564117083
3.62249665212249e-33
1
0.999999999991435
1
1
0
2.63385177954946e-105
8.02538446769442e-84
2.53713993229015e-85
0.20135345250548
0.0123525944571349
1
2.85231179997086e-110
1.3936346409297e-104
1
0.999996146721123
0.999999999999873
3.12940295511858e-24
4.39724662479706e-92
3.69015250198501e-08
1
1
2.08229855083811e-33
4.2924727671517e-20
3.99089034172319e-100
4.35053051025057e-12
1.63351420139265e-53
1
1.84428037471021e-295
3.18037892942846e-105
1
4.60604784949226e-238
0.00266211779229359
0.00086544087188661
0.0042373940390525
0.131200853791845
2.59023385705492e-67
0.999999480466893
0.999999480466893
1.00991644233122e-83
8.31012633967981e-12
1.13931656869553e-22
1.00429258290619e-129
1
0
5.7626014634029e-214
5.34835979792076e-40
9.99716701420448e-29
2.45098319916034e-123
2.45098319916034e-123
0.00142794059075646
0.00142794059075646
1.20979648151788e-62
1.72028955000846e-20
1
1.77434214336813e-41
1
1
1
1
1
1
1
0.976989989430449
0.0299293233672245
0.111139274939226
1
7.55887126002627e-99
7.22472608717784e-44
1
1
1
1
1.551858978167e-10
1
1
1
1
1
3.88578659385931e-06
0.999994355548485
0.999999999999966
0.000378512603217688
0.00427044757431746
1
2.33042827669155e-28
0.999999999999972
1.68786219340646e-18
1
1
1
0.00207983101193496
0.0865875907911976
0.388701405398887
6.6959563790797e-07
0.999511712865921
6.40025528802392e-06
0.000166256242035861
0.999999999377815
0.00896662856079599
1
3.42378739131543e-32
1
1.8958273911413e-29
7.35702609279931e-26
1.29465540672773e-259
1
1
1
1
1
1
1
1.75821165122439e-91
1
0.00419269568984388
1
1
7.84708166964882e-179
1
1
0.960871254830518
0.999969261082343
1
0.999999999999992
1.78614480134579e-36
2.61675024503106e-44
1.93312601876269e-69
1
1
1
3.82255709693863e-106
1.31471559162467e-95
9.39492132038064e-07
0.952010917533605
1.01383731615893e-14
1
6.45502022692103e-111
0
3.23746592542214e-238
1
6.5111907871824e-11
1.31149299745235e-16
0.772505399841992
0.978414347741225
1.05609184039101e-30
1.05849511001041e-12
3.16081330219917e-05
0.000135348125539121
1
7.23909660280362e-173
0.999997889974978
0.0550500071179244
0.582986165256527
4.50819785937208e-52
1.60793116121425e-41
7.36200502225126e-141
2.21647045662036e-97
1
1
0.00636608260991578
0.997395309439117
0
1.11379804310233e-125
1
4.55091212972727e-148
0.999999999792533
2.03710888342268e-16
2.92808490984652e-156
7.05170649954136e-07
3.59443209190453e-07
1
6.28954304587612e-09
1
6.63656682714792e-53
4.95777974331028e-08
0.0480869402328983
0.99999999033385
1
1
0.121909209905757
0.0465608988504724
0.0811340763540485
0.0921924787021429
1.43773957862805e-07
3.11402072641051e-36
1.43022997570137e-21
0.0125043963940381
1
0.999996905571103
0.00464618308720618
4.13965146517784e-07
0.00119745791907624
0.923858326349274
0.999999999999997
5.95785796503341e-27
1
5.8695400809836e-47
6.22491709699308e-68
2.41060491004739e-34
1
5.11356055141643e-15
3.1141938250871e-37
0.0134214115479168
1
7.3311241908391e-56
2.41789390769158e-11
0.99999994096311
1
1
1.1181404724461e-130
3.76480285175566e-37
6.12282817476481e-92
6.62272706380866e-31
0.999488000703945
2.99168034646042e-23
2.0187984956988e-26
1.13315793628257e-54
0.0687548368002512
0.999999999999999
3.47055727230812e-54
0.99999999999947
1
1.21232429302822e-32
1
1
1
1
0.383875729711662
0.151802020270284
1.81736545247088e-92
4.49055271893391e-63
1
0.00366240491992419
1
1
1
1
0.0198407071800797
0.101169025392701
0.259891291300301
1
7.69405346036436e-23
1.36238201309175e-38
0.999999999999604
5.58187670412283e-129
2.29072483109894e-258
1
1
1.11733189469674e-84
0.99999999973926
1
4.13868342289267e-05
1
1.79601218235149e-22
0.999999791327336
0.65921858249856
1.05737533157681e-06
0.999001516190487
0.999999999999998
0.0014696718730907
7.47813515848449e-43
1
0.999999999999615
0.999959386184707
4.82183736851583e-23
5.82711519960667e-15
1
1
4.29134226469711e-39
1
1.32195188047698e-119
2.68278470713316e-52
1
6.65621459412718e-145
1
2.72171203713636e-07
2.48244624835268e-23
0.4737516511962
3.06945743624043e-14
5.62318841216782e-37
4.11459526737843e-54
4.11459526737843e-54
8.1673244092863e-65
0.0968691298644714
0.0781080244871761
0.000123458341336667
4.79277925317688e-07
7.90558286042556e-13
3.85723847831258e-15
1.29640131558456e-214
1
1.28536562838822e-124
2.01653200522219e-57
0.774417698896239
0.0101807573029084
3.62124743174211e-31
2.84336634420257e-15
1
3.46250876165516e-285
1
1
1
3.73999668401217e-17
1
1
0
1
1.42249518202778e-238
5.78215853846123e-28
1
1
1.73350438717435e-108
1
1
1
5.2134639655237e-101
1
8.02437924105334e-07
1
1
8.37841019174541e-35
3.88495261624373e-149
9.34483267373683e-52
3.01469240659024e-75
0.999999999999994
0.0111607442994274
4.21602774978805e-11
1
1
1
1.41682340962555e-13
0.0157412752576903
5.61188508161202e-67
0.999999999986499
1.49283375560253e-143
1
0.0207911417212458
5.50134721433073e-37
7.29360225166961e-42
1
1.21908503001742e-111
7.87026286267458e-246
1.94098500316341e-36
2.64224198112022e-66
2.35449416641775e-153
4.49134961084856e-41
1.72631272254035e-107
1.69494664530092e-130
0
1.09603567643805e-269
1
1
1
1
1.04991613843496e-05
0.999999710553025
2.19716528346416e-14
3.21434926173544e-184
8.50880864698411e-239
3.29079387959816e-22
0.109301108643164
0.252867725929177
1.65470973744056e-24
1
1
0.0517855049427059
0.0885616886778132
1
1
1
1
0.00683445292936815
0.999999919145026
2.79293928537063e-68
1
0.0383253926793847
1
3.25753920068953e-64
1
0.00330787438305305
4.03625008022591e-12
3.86549963711711e-23
1
0.0655093479652724
8.29232294034952e-22
0.999999999158861
1.9249195617051e-17
1.10692668630117e-10
3.99862549631916e-161
4.69599755079479e-09
1.41880473953368e-05
1
1
8.60784049008085e-16
0.126717130270044
1.07831221230762e-20
0.756374545229388
8.85508465415823e-08
0.000165109278003885
1
6.08884439154393e-81
1
1.13241599955309e-57
0.0524371349834933
0.0961757999472372
8.93129077296784e-148
0.999999983623164
6.32664100046348e-16
1
0.0941986250946967
0.146033977334571
0.0881619951552509
1.65732699844432e-45
5.31834852548536e-46
2.08087148795965e-127
0.000226620649447244
0.541276888864075
0.0871343955845012
0.999999999995627
0.999999965573424
2.00135031719047e-16
0
7.30045790412905e-160
2.94994671394601e-85
9.82327922913821e-23
2.97604496071515e-09
0.376954017168055
0.000562891271664755
6.59695561593333e-13
6.94058142317195e-25
1
0.999916335899751
6.73093851735325e-205
0.998061980002692
0.397232532284134
0.0978516544509415
0.0032489927071762
1.95360548801456e-06
1.31832565209735e-26
0.00978636584413477
0.000268125181647642
0.0107644229617457
0.00543952261463924
1
1
3.48479520728164e-05
2.12330599190177e-05
1.59164309562673e-149
2.29722154327164e-09
0.437997705437769
0.196972642862496
0.000925668408648688
0.0157792746958133
0.0363689646498336
1
0.0648201823381019
0.321782075288197
1
1.91261754668407e-06
0.00130445388554099
0.000229570218489986
0.000778062576493391
0.000195622457800416
0.000171651084963123
0.000114085083625037
0.0349921742429956
7.89431070024311e-05
5.73744429101499e-19
0.00463088068197696
9.33912659541729e-43
6.99502870846189e-27
2.23519668064357e-10
0.00233604576806083
0.172804888361028
5.1694714693615e-10
0.0103236905572915
0.0412630678853329
1.76142833300624e-05
7.00537489280114e-06
0.00816051162415995
0.00541091782931121
1
5.92196272892552e-20
4.30271049257691e-150
0.906558628137661
1.17343053499645e-30
0.872538796365882
0.00241600725778828
0.542695511178666
0.00396961593508879
0.0360843880883976
0.284604446065956
0.000376306212308604
0.338263378970959
0.162491056770796
0.999990505634281
0.000502701272865526
0.746165124137216
0.0817156536626266
2.37919727070078e-07
1.46361138405723e-61
1
1
9.29005322324406e-46
0.000686011427972608
0.00476025239402274
0.0596663169086936
0.0501140078359365
0.814996244776551
8.26361546516386e-16
0.988194415477586
0.99999999715251
0.793506551980985
0.28073802001118
0.156548243620757
1.34641530434974e-128
0.998975030229705
2.37705518220665e-36
1.1277526449527e-07
8.31605934125996e-23
6.62202665370058e-50
3.17885509408955e-41
0.999999923230748
0.917159105292878
0
0.999999989739844
1
0
0
0
8.1904836606665e-17
0.999999996557424
2.60365719757061e-79
0.999999999821286
0.65190471663321
1
1
3.05410763457976e-60
0.999999995834097
0.99999999999877
0.999987114892324
0.999999999999753
5.16899808256853e-33
1.5955658957098e-10
0.209383847234764
0.972813275239393
0.993985147138532
0.0497903177240627
0.000151678266567862
5.60142770028041e-09
0.00692111829937756
1
1.85496758380004e-132
1.3459861369494e-183
0.00583826140736304
0.0110916421344468
0.575023551739888
3.24925001228312e-156
7.57998830847e-08
1.3629304180671e-86
5.59752498248885e-11
8.30035995412765e-12
0
1
1
1
1
0
1
2.10163316635965e-15
1
1
1
1
1
1
1
5.34289837846556e-35
2.13586769125194e-125
2.28968415624463e-123
5.10161141628952e-57
1
1
3.48517838838685e-06
1
0
1
0.000109356802065637
4.48980008189559e-05
0.052088139239805
1.69820803625511e-97
1
1
1
1
0.0281696145346543
0.886159302266092
1
1
1
7.56728696983445e-211
1
0.999997810278685
1
1
6.49392226564063e-20
0.670749706751031
0.0315724606236267
0.366569082814384
1
6.66084971736271e-90
3.10738566290875e-05
0.173921780805036
1
0.0307962944918881
0.846088320194184
1
2.3709909356411e-22
0.999999999999953
1.48502690912089e-08
1.80707288804808e-32
0.247504955330616
9.90467249739741e-31
4.98394325366532e-13
0.00586392580257286
0.00837529505976169
0.00752019115640053
0.000356105681852376
3.83247281287611e-09
4.93346339324536e-146
4.89234196397293e-67
0.00180202757901637
3.57218067946032e-07
5.82310262306867e-169
0.013556561110085
0.00947404224458647
1
1
3.61708499819084e-257
0.0343332787070299
1.07782431592232e-14
9.3265042168001e-12
0.999970099612772
0.0874837487016805
0.113719413543431
1
0.00503993781367181
7.348234755164e-10
7.7203250639303e-265
8.87535801250769e-251
1
1
1
4.19445670981114e-14
1
0.999999999996514
1.64294959546319e-07
4.35863538756297e-24
1.04764796500336e-19
1.84020680913788e-05
1
0.0191042384438096
0.0110903447832614
0.163246513645804
3.6746028192823e-40
0.000654815690430571
0.999996940496046
0.02728073535376
4.81326225102991e-99
6.77110299451835e-122
0
9.64796486747056e-05
6.13495373645716e-06
3.09518959491343e-75
1
9.78175477522565e-57
0.999999999999999
0.000152323876016056
0.000197869543978981
3.01766919855159e-12
0.999999999998004
1.91061976065723e-06
8.0001541255948e-139
5.64916398341431e-05
0.999999988122695
5.31715212438309e-22
6.49809893305288e-74
1
0.999968085446783
6.23727603045369e-59
3.00733401306702e-12
0.999999700830364
0.0161415536849426
1.15086336675376e-62
1
6.5886174700421e-16
2.02975629252142e-13
3.89523805443026e-44
2.70835725259765e-52
6.11946654387737e-30
1.59338620936139e-05
1
1
3.63512169509044e-41
0.999859213073679
2.74123238203041e-18
2.59959152095015e-20
1
1
0.998781653424258
1
1
9.92672466796407e-16
1
1
5.28948230857843e-243
0.999999999999997
1
1
1
7.98241981004775e-20
1
0.602663117859609
0.902347784277217
1
1
0.999999840723439
1
2.36408552311865e-105
3.69629470872774e-30
7.40396386898301e-36
1
6.70876331879403e-11
0
1
8.45697130394942e-174
1.56419668805798e-73
3.91757644043625e-278
1
5.14469318173199e-130
1
1
3.87556695326046e-272
1
1
1
1.91838711955611e-37
1
1
1.92096490559062e-20
1
0.152554895599899
0.0407276946248193
1
0.00783199388008467
0.0180087868332527
1.41855462081997e-26
1
0.00072885467834541
0
2.49049028626567e-154
1
0.319197571229411
3.03389810710035e-13
1.39354136516041e-23
6.31469683013699e-309
0.99921079022937
0.348182707061579
0.988856866108503
5.11434387997299e-19
1
8.32271125704093e-49
1
2.43224151198142e-16
9.64571393047724e-05
1
2.10045525873052e-69
1.12854217829889e-103
1.55506961018099e-19
3.40944928865827e-20
0.999998607885331
0.993771677484753
0.999999999984981
1.91222697107965e-27
0.999999970298675
1
2.13828294583357e-212
1
1
4.62480389656484e-224
1
0
1
0.620337943221634
1.43478724861711e-19
5.52192708761377e-34
1.63227961995931e-08
1
0.00546613001689347
2.02759436696441e-17
2.53923725484394e-15
1.28525570340379e-55
1.37890281823822e-12
1
1
3.27331764703324e-24
7.1210919165643e-11
0.999999999999926
0.99999997900054
9.85811176728964e-91
1
1
1
1
1
1.97713180896963e-17
0
1
1
1
1.58001520196723e-94
1
1
6.06085642878619e-63
1
1
7.52470881922764e-123
1.55029388458797e-100
0.999999999992297
1
4.29654225366912e-218
1
1
1
1
9.63033820925776e-154
6.95491314166168e-58
2.9932883832859e-26
3.45003676946468e-38
1.28899237178075e-48
0.999999990199512
0.999999999999995
0.999999999999995
1
0.999400138541761
1
3.61428999239473e-35
0.0753373574758601
7.61751261919072e-18
1
8.37469600909617e-27
1
1.80981524772009e-11
0.999796516605633
1
4.95746016455623e-97
3.41634104976985e-206
1
1
1
1
1
1
0.998506999356134
1
1
0.999999999999998
1
1
0.999299255960881
2.72252116712877e-06
3.82826045898569e-26
0.0332879762225202
5.63794982431586e-237
1
1
5.1144589223822e-08
1
1
1
1
0.999999999999465
1
5.03817495531289e-36
0.999999604281662
0.0051191101491397
2.80920874962943e-05
1
1
0.197251532188389
0.88836161404874
1.00316452146451e-112
1
0
0.000219110839481179
6.6436930828563e-11
5.9976178045867e-116
1.09866938392871e-36
3.5848020297126e-48
3.44769056614478e-291
2.00809797771059e-57
0
3.56677974455616e-180
1
0.245675268573383
1
1
1
0
1.79147775083952e-115
1
1
1
5.32343649037186e-08
0.999998058282865
7.93825724642961e-44
1
2.56738217679241e-36
1
1.30011943050685e-114
1.1386486308539e-165
0.999999999987218
1.34470196291591e-156
2.21987068336021e-185
8.44654585235769e-205
1
2.4561252752737e-07
2.47144850501996e-26
1
3.2231251857492e-08
2.06942534667441e-08
5.28855570995198e-26
1
1
1.01668205988014e-06
0.999072001275593
0.999999375798385
4.44568244353892e-12
1.62285927284295e-104
3.95650706796668e-283
4.56780006981738e-156
1
5.97010453716748e-14
0.999995895758638
2.23696083804989e-05
0.00296633703297878
1
2.49478345023331e-10
1
0.0156512126101899
0.999999993320494
7.7126781228434e-10
0.0443190736833226
6.2250095694786e-82
0.999949125215913
1
1
0.0337584031253799
0.0193372082500216
1
5.17908861143061e-53
1.73540554657322e-05
1.00444320175306e-05
1
1
1
2.86033779405314e-06
0.0214911820931925
0.00117137398170967
3.59993563999118e-06
0.0299098719244064
3.85473709787701e-06
3.83778431456714e-09
1
1
0.133600780371768
2.17922040000329e-13
0.0241049284835084
1
1
0.991549548737949
0.999999860576828
0.636072393080195
0.891401717745424
2.07815198991592e-11
1
2.30049456598308e-10
1
1
1.0140525058896e-09
6.3536473490068e-06
1
0
1
1
0.999999999999998
0.319422160489752
1.34604582963351e-08
0.000157291440285558
1.69892939709586e-05
0.00900795195925553
0.999999999984428
0.973470685862897
1.4118642305905e-12
1
1
0.999999999999999
1.06318797845313e-81
0.999982465894405
3.57590288993805e-16
1
1
1
0
0.0381664462762477
0.000813823716865297
1
0.999667387789012
1.33485455039109e-21
1.94809005821936e-08
6.11711231708615e-13
6.57762489010764e-11
8.60940872782002e-18
0.764368070449343
0.999999999996646
0.999999999226842
6.98533536359303e-151
4.61506560029337e-140
4.61506560029337e-140
1.71596635755739e-245
1.71596635755739e-245
1
1
1
1
3.8303334610281e-69
1
1
1
1
1
0.999296610923074
1
1.12503829520898e-80
1.10984339685391e-56
1.41560878055452e-118
1
1
2.73448071612746e-09
0.102297289821652
0.00731768023233855
7.45375902055705e-06
1
1
6.15965204443944e-56
1.22387366019584e-141
1
5.76317214161428e-76
0.0232539362512692
0.0173651346567842
1
0.999820170506416
7.36723696219265e-18
5.04491134565259e-16
5.66792469348291e-24
8.77231148854658e-249
1.05216519349216e-230
7.82669405881521e-14
0.692189421513744
0.999999546019641
0.98500487551445
0.184568470832852
1.25657201533135e-19
0.999999999443511
6.2051981889196e-18
1
4.01444969470871e-35
3.68738852021026e-158
1
1
2.68144125976188e-155
0.999999757916876
1.15420585744668e-36
1
0
2.03234304727802e-18
1
1
4.49248378282756e-08
6.82184549333006e-157
1
1
7.83439816296663e-35
1
1
1.29348406658285e-121
0.279086412628991
0.0521409591620927
1.43711842681945e-27
4.04937595090545e-236
4.06448913096307e-26
1
1
2.64749308038692e-62
1.3915998463527e-97
1
1
1
1
1.01679778404242e-33
2.16113793844359e-41
5.348172485954e-98
1
1
1
4.64945361499637e-95
7.02337755948507e-63
1
1
1.45399416791421e-77
5.79586902381706e-87
1
0.999999999999999
1
4.18257459538718e-29
0.999995621809684
0.0280647340383057
5.74248946503603e-18
2.93166510902288e-16
1
1
1
0.000712039868390952
0.0137536075972444
0.0003897616683208
0.999999961687552
0.00429339420513038
0.99999999984092
5.66043611629251e-73
0.000449119508886728
4.01756490157243e-08
0
1
1.70234064449269e-178
1
1
0.998108786031246
1
2.20100779442681e-54
2.18225211312609e-264
5.19402315889931e-234
2.49241605219033e-08
0.999982131639272
5.45284616477886e-07
0.999221120920562
1
1
2.95366400702984e-18
5.75880495766465e-45
4.23801702759824e-05
1
0.999999999999982
5.20146515995523e-41
1
0.999999999996558
0.999999999998902
1
0.373829156749438
0
1
1.55528304999594e-17
4.63668461503545e-69
1
2.03874307157714e-28
2.56332787207106e-12
0.999999995012633
1
1
1
1
1.71509438749436e-80
3.15497436955914e-31
1
1
0.999999999999825
1
1
1
0.217811558771628
0.479726085087741
3.75742763320532e-18
0.999999999999999
1
0.0221836120799083
0
1
5.56287528504387e-38
3.18736016335824e-40
2.19522809875666e-47
1
1.95742126619179e-42
1
2.71642686240203e-81
6.42505428055235e-20
1
6.25430049704563e-11
1.00276945508757e-34
2.69699146278193e-10
0.999999704419359
1.11779370957871e-38
0.000101856341793011
1
7.03451350820865e-22
5.51631373088069e-26
0.408770113833771
0.999990784424191
0.999999982956703
0
0.424281761344311
0.28129352384338
1
1.06570966512158e-08
1
2.781530673566e-18
1
1.79754596334665e-141
1.92645014267638e-27
0.99999999999999
0.224680061459786
6.4632112872912e-30
0.000139300947358538
0.999999297398753
9.62781065643388e-19
2.20999916152335e-37
3.21243548520022e-40
8.21994709559643e-37
7.63703773918897e-61
0.999416029366312
6.45943400412932e-12
1.86796475500589e-20
1.81696549541686e-21
1.16999316972086e-08
0.999999642268925
1
1
1
1.93477450116615e-52
1
0.999999999999559
4.65982264297379e-13
5.38099026154681e-92
3.46973780598966e-58
1.49182292153404e-15
1
0.999998902561599
1
2.59054428970082e-308
7.39194981544908e-75
1
1.13653085573365e-99
0
8.01185476827111e-60
1
1
3.19729143368648e-06
1
1
1
0.999999999999972
1
1
1
1
1
8.16748304077696e-32
1
2.83043313926785e-06
1
2.64114224206829e-43
0.999999884377526
4.00963899531284e-08
0.999999977208398
9.93604016250415e-44
1
0
0.99999999981209
0.99999999755513
1.46660840968686e-06
1.52278781560303e-64
2.87712316667274e-10
1
1
1
1
1
0.99308827871869
3.40551343404599e-09
1
2.8457686807399e-22
1.2759870972759e-105
1.01563200720519e-235
1
1.26167677942165e-258
8.06020309084295e-53
0.999189291761827
1
1.25042339544699e-18
2.66545233521215e-10
2.51785758581752e-254
1.5056091162219e-152
1
0.99999999948525
1.55674508569656e-154
1
7.64740178338593e-30
1.75690503362995e-74
0.999999998295271
1.82267752995307e-22
1
0.999999998233789
0.999999999999809
3.82062186077573e-73
1
7.19285817065132e-09
1
1
1.01653530066249e-140
1.11701235143054e-37
3.60566630354188e-272
1
1
0.999774394572707
3.89801826794935e-35
9.80524404820213e-164
1
3.58501156391574e-50
0.983393367943417
3.35911960402341e-66
1
0.999999918885334
3.1142578127353e-22
6.16440142810556e-26
1
4.0142338606453e-149
2.17309584856567e-143
1
1
1.05638081664205e-214
3.2531480151538e-07
0
9.55731978141072e-84
1
1.25463892314586e-49
0.000781693264159905
7.62747991209917e-08
0.00201003251780595
2.54024996344311e-108
1
0.129093502109997
1.67851319460912e-37
2.44749950136514e-32
1
6.58847588660866e-10
0.991571462227557
1
2.15407643002605e-22
6.74602318677513e-43
6.78142314916512e-34
2.32196299208144e-19
0.999999999999957
5.18116778896149e-08
3.07318711074102e-149
0.98761897763142
1
1
1
2.37508510217248e-43
3.18341431796012e-13
1
1
9.81774007429379e-22
2.12449032085638e-11
2.82572647539672e-20
7.35766416576988e-05
4.3065269814504e-39
5.14735935227801e-05
4.59061342759783e-62
1.56885446524994e-159
1
2.06396116210248e-74
3.19986336823834e-28
1
1
4.88294104214396e-259
5.11249323266864e-78
8.67866954447224e-20
1
4.15963814348279e-09
0.578021571694921
0.00467433867465293
0.960198098914519
1
1
0.999999999941686
1
1
0.0339886078046305
0.0916194520213715
1.07611718782856e-07
1
0.153971944302143
0.000613898889340788
1
1
5.04487157061712e-10
0.999999999998917
0.999999233205761
2.25582757458027e-06
1
0.999999997235363
2.3544470327679e-12
2.57398011096605e-15
1.20690846184131e-21
1
0.999999976829904
0.999999650621651
1
1
0.00015128537405532
1
1
1.0772827646703e-41
1.15055365263162e-87
1
0.999999999999997
1
0.99999999999993
1
1
1
2.23382938261874e-66
3.67840356975773e-24
0.999999999999611
2.33272648322872e-21
8.08064450717513e-25
8.08064450717513e-25
2.76456486201496e-95
1
2.65220344695039e-51
1
0.530013741932016
4.2686878233329e-05
0.999999994849362
1
1
1
1.48585652079703e-05
2.52772661671511e-05
2.42398847378482e-21
1
1
0.967260677495575
5.01775070815574e-131
5.01432056132793e-100
4.82390972088868e-07
4.73339276902366e-73
0.999999999812993
1
0.800099385853649
0.00129311330821513
0.999993268272565
0.00011764418447196
0.999999999927629
3.22953668041934e-17
0.996967219266587
2.36395823489356e-47
5.37895294549836e-09
1
1
6.27946546088406e-16
2.55608458722257e-32
0.999999999998269
2.57468530988543e-11
0
3.06071191188313e-14
0.99999972532241
0.00037208707140051
0.01407459520283
0.99999999998154
0.999999998218975
3.25833516537422e-07
6.84039930147358e-05
1
1
2.01047007104382e-43
1.60002284123794e-34
5.80687590134115e-238
0.842317630684014
0.999997786151839
1
8.93525379266997e-09
4.87699329817243e-45
1
0.999999999999882
0.000216070188891074
3.19804377091343e-08
1
0.999999994686542
2.18499220760415e-29
5.77629076967645e-26
5.12017679708576e-21
7.0770963466819e-10
2.93008884838108e-35
0.999985042474929
1
1
1
4.83750484440975e-30
0.99997862468719
5.47592063235245e-36
6.44586446222486e-19
1
3.74018167447652e-38
6.5129157274761e-10
1
1
2.47235222025736e-18
1
2.66902468907508e-09
1
1
1.04963667471674e-25
1
1
0.0964084803101239
0.146723450793238
1
1
3.52251576408871e-05
0.0986155082289302
0.0752305648785835
0.996326487114486
0.00153525522096734
0.00167592341678988
1
0.511358146161872
0.96352675666874
0.00100068687307806
1
1
1
1
1
0.999999999998908
1
2.89861873545683e-179
1
1
2.8926537897907e-69
4.63666102627476e-19
0.226581310462825
0.0150129436581201
1
0.000555409452270189
1.24748824188968e-237
1
0.000542444246611952
1
1
1
0.999999433097933
1.14860315130162e-140
2.96549622149596e-05
6.74715610020213e-15
0.999999999992649
1
1
1
1
3.03980604089729e-68
1
0.999999999999997
1
7.95319475090453e-09
1
4.07838677912744e-17
1
6.43180906570651e-05
1.28294281316816e-10
1
0.999999999624277
1
1
0.999945441787949
1.71950272063577e-18
1
9.57032691887125e-06
0.000256200948515328
5.79139743876819e-08
1
0.924949873297808
0.999945867323405
1
0.639882320531679
0.000113026120315892
2.19335582552495e-06
9.04085984395909e-67
0.000150593707225924
7.03266234414442e-36
0.999999985750874
0.999962575300245
0.997133454373305
1
1
8.85356886884256e-151
1
4.35648144293445e-27
1
0.999984768416777
0
1
1
1
7.04533679049286e-257
0.992771275728329
2.45333825072829e-73
6.31175187895716e-48
3.0219438952959e-58
4.33547309005091e-185
0
1.62915043670959e-76
1
2.3209339784406e-61
0.999999999999999
1
1
0.999994433412983
1
0.999999999999186
0.000556612435447639
0.999999999860979
1
1
1
6.42015721388133e-202
1
3.86111152936549e-122
1.76270678204749e-40
7.08107681205468e-148
1
0.999999999999998
1
0.0457163699244179
6.91684694536857e-17
1.22683497211105e-05
1
8.11566748234503e-46
4.74084999142413e-13
9.18038500390772e-121
0.662301563629104
6.88773492167758e-29
2.16854340274585e-96
1.27811088840939e-49
4.20779201236087e-79
0.999340129194689
0.999822925223902
1
0.997869838074399
0.999852449430216
5.06824316161958e-23
0
1
1
1.43854333840786e-290
2.17328416579512e-85
2.67818499844866e-48
8.92895552712876e-55
5.00780093455738e-122
0.999611386417751
1
1
1
1.62558424177817e-40
1
1
0.998799191880047
1
1
1
4.9104808745022e-75
0.999999972529224
2.12188700687097e-34
1
1
1
1
1.92181589497232e-19
1
1
0.0315095031412728
0.128109239052611
1
1.7642915107827e-44
6.49476211418214e-45
1
3.04862981692027e-29
1.68137383532479e-08
1
1
1
9.36102811402595e-122
1.20630334903846e-65
1.47937649281689e-161
1.16772060378057e-59
3.29530659964713e-77
1
1
1
1
2.24572504330808e-05
0.0620432443448221
1
1
0.99999999999998
1
0
0.989896829847471
6.5263530078611e-32
1
1
0.999999999089308
2.55044380302785e-06
1
1
3.55035019802996e-97
4.58566641516835e-31
1
1
1
1
0.999999999999937
4.18133495163569e-11
1
0.999999946707645
3.1047940980609e-11
0.994289613907659
0.0126409985186426
0.0148138060918815
0.233263861649001
0.999955273640893
1.59576113533884e-42
0.00647880688714867
0.00710155526543498
0.032474646888496
1
1
0.000548652614342973
0.0102028182507734
6.63016106732913e-07
0.000412888652448807
0.175578608478515
8.49234268304638e-173
1
0.470603474806571
0.00319352338351419
1
1
1
8.4096238294821e-14
1
0.999991664336679
0.00111271872385278
0.01004040665985
1.97903089391046e-19
2.88742486782265e-05
5.08703112291211e-05
3.05683712831606e-05
5.25685275276885e-05
1.49668838587445e-07
5.03433066021419e-06
0.000169143867236903
0.997491138614793
0.00174633482403505
2.68360890385551e-07
1
1
0.093179086797553
4.76313764871786e-12
0.999999999999636
1.03532069903236e-05
2.75746723328386e-06
8.11562254198698e-11
3.05528852300334e-45
7.68039734019939e-12
0.000551972113608591
1
0.0036469777883399
0.00143354357518049
0.11934013969216
5.09375282483972e-30
0.0109091002834399
0.952026885554259
0.999950737099908
3.72997993582324e-08
0.997304200667946
0.000702383455182859
0.999987300815243
1
1.65296508702682e-10
6.4805710306588e-06
1.63347503237863e-05
0.999999963287566
1
1.78985599166011e-33
1
1
1
1
0.00472136886820812
0.00172446541347734
0.787364383069615
0.269198652718213
0.927968636334495
0.999996460466211
0.963078645035281
1
1
0.00511713186521844
0.00062927614700765
0.0478253150473239
1
1
0.000320896998499325
0.0146463152195857
0.12885840134463
0.744880927150861
0.023210069903097
0.99999999999452
1
1
0.00281622771105004
0.998840842464032
0.00550824189191013
0.502305879894997
1
3.77387488864832e-144
7.51810993392551e-10
1
0.000477009326959082
0.592878901605035
1.11100940963796e-05
1
0.00163010655326726
0.131920335441975
6.26427490220422e-05
0.999999963405908
5.75376906242402e-17
7.44103726355585e-19
2.29238998131559e-36
1
7.24463168304462e-16
7.76090723044141e-21
1.08326049395329e-10
0.572213763261582
1
8.88358151509685e-85
1
2.94482028599595e-174
0.0297946277995782
6.8917984180023e-20
1
5.28896684340888e-10
2.59680462798557e-115
1
0.998963895071136
1
0.017188829425663
0.000222737298620042
0
0
0.00121556452862936
0.00265683672192343
0.727209405173219
0.94720684159208
6.10196902070803e-10
3.26496896773769e-59
1
1.21814471238079e-134
0.000713754506870986
0.719248482902092
0.301134944292977
6.80620491860344e-71
1
0
1
0.118205348850509
8.11739383901401e-07
0.268982441345538
0.00409045892443263
0.0830170721319111
0.00216019273925471
0.97627544769245
9.39815117468214e-07
0.131784604805553
0.997441625404929
0.177464405037922
0.563469850208652
0.999999999982917
7.60818035971475e-06
0.942145741165224
0.757035983912897
0.000703308742783734
0.191848326718791
0.0958228596790342
3.10105638477512e-55
1
0.932969879905789
0.000146530954300488
0.0010378323473233
0.701854796060673
1
0.00709080271747345
0.000272719787123831
4.48933207731428e-07
0.330219422722294
0.00742212065375514
0.999999951139846
0.99999999999989
3.78336103470966e-45
0.0634945583765378
0.986360986707145
0.819907225236575
0.000229352476580475
1.08296462147742e-54
0.956520982792419
5.43505456561648e-12
0.0681760637504924
0.0238371931143461
0.986413072159518
4.58503978986218e-06
0.00159980693531896
0.689449503958842
0
5.98575528408462e-07
0.409038958001343
0.00524803837462875
0.0311655421791898
6.16847700915149e-43
1.44737834658281e-10
0.999997762979952
1.91796155076918e-07
1
0.999945091692291
3.04751043111823e-71
1.66653105079163e-28
0.520157060302316
1.93610272246584e-07
1.6728982495545e-38
1
0.00724668986675456
0.000193220016625289
0.98917378678541
5.10695037920361e-08
2.10793015962592e-19
0.0402482007516678
0.442010537141238
1.07986257830532e-06
5.83448398201239e-05
0.000159053796876524
0.00817579212055556
1
1
0.619845160280136
0.101644487981341
0.00312457576820657
1.64791508067216e-50
0.00458240037487196
1.60797957641064e-06
0.30015895864138
0.195718710967007
0.0980426064561913
2.7860911107819e-76
1
0.0176906375425506
0.00116594968956352
2.62608171478689e-08
1
1
2.63892562468623e-11
1
0.961144448313896
1.28665954565613e-14
6.63956740414991e-05
2.55154383611549e-95
1
6.87483091526845e-06
1
1
1.32962361250818e-18
0.0713112289742543
0.0560497818452858
0
0.00687539104316286
0.00401259697833388
1
0.990480432956536
1
0.0796741811664488
0.938276609169873
0.00160909304859263
0.00294647807351695
1.08934610833209e-07
1
5.49958125930689e-60
0
0.985084741362575
6.73375524525983e-07
1
0.999996907628781
1.11145448995232e-31
1.61297733484825e-188
1
1
1
1.87884366871652e-176
1
0
0
6.55092934673283e-25
0.185273834681417
0.00258108322491471
0.999999999999273
1
1
1.05175057797867e-24
7.53835542383526e-18
0.00305100526392847
1
3.89663644325717e-16
1.63761287705149e-05
0.999625505916438
0.986481385366483
4.02448544390664e-290
1
1
0.999956967423945
1
3.22079106962696e-108
1
0.999995096077325
1.57148104536134e-48
1
0
4.56498111610873e-84
2.57314834551717e-52
4.63678946387551e-06
8.1923340465166e-06
0.742780106580905
0.999999997194064
1.33436839831502e-52
1
1
1
0.00332782515698736
1.80192395902861e-17
8.46265829609542e-12
0.999999930991978
1
1
1
1.86630917818083e-05
8.52385446052126e-05
8.60760245713712e-65
1
1
2.09527063713474e-05
1
9.08210140864717e-125
1
1
1
1
0.379657604532102
0.00112835099928786
0.999999997298031
1
0.0280426816003708
1
1
1
1.65146599409158e-74
4.05788669463731e-46
0.00576040376494481
1
3.20882629664366e-24
0.999999999831318
1.43015026909911e-77
0.51175270383347
0.981680683808526
1
1
1
1
0.000695442196422808
7.30286981736724e-06
7.25517171952123e-07
5.13257622399035e-18
1
1
2.12346005352374e-09
0.071062596510745
1
0.000464216208043562
0.506021776578465
0.973338395962258
0.00163816261359405
0.331712493187659
0.999847324145038
1
0.999999812145898
0.999999999998026
1
3.59718905259811e-88
1.45299019716239e-28
0.00116896687659698
1.65767255017855e-21
0.0192797341352266
0.0245030362203276
0
0.00764336712679391
0.451753049112931
2.82547283821874e-149
1
1
1.38916981680821e-28
0.0982273260611477
9.50622713187565e-05
4.35405502843064e-54
4.6843581274291e-12
0.012428298588984
0.00249599832713853
0.000106477192302529
0.909606726947035
0.439990205725205
4.88815638091971e-46
0.266961797335677
1
1
2.72784986798135e-12
0.0065851472431719
1
1
0.00865031872918413
8.90564524305737e-05
0.999999999416486
0.999999999999904
1
0.801105203085592
1
0.999999751527062
0.999967023095371
0.0765129879324019
0.394105276010513
0.999999999999997
1.2551205004971e-06
0.00458602871181225
0.0916022038669479
0.00155315753673021
0.999999999126028
3.43887980478986e-17
1
1.66768477634368e-180
3.894397690014e-144
6.35791769806918e-58
3.62592901311762e-08
0.99999913929142
0.987664540904713
0.247245464410107
0.00199418505729949
3.14793845019196e-06
0.00660782240142302
0.0330676088382261
0.999995882479283
0.999999516506392
0.999999999918415
0.00737004916998648
3.42929738163113e-09
0.00565684309526818
0.00662531234396698
0.953978993221837
3.65672180409733e-153
0.0731866941002033
1
1.63536786072826e-06
1
1
1
0.999999999999967
0.183632668572733
0.535999837135651
5.76166391550392e-38
0.999999999999144
0.999999999694301
1
0.999999999991848
2.46228713810099e-77
1
1.79529742372866e-138
1
2.31924553741625e-190
1
7.21905848461784e-35
1.12274794064952e-107
0
3.86428731581675e-05
5.28802864313464e-07
0.999813391391285
1.34586411753248e-10
0.0231656959765232
2.51699984798266e-17
2.30290145318747e-14
1
1.76801677486229e-54
0.0011507839332558
0.719348550324656
1.39519744145052e-148
9.193326180045e-122
2.61814891607554e-94
1
4.08397575572232e-05
0.0154073050870724
0.527024508755227
1
0.999999926659742
0.999999997634763
3.6510715915862e-289
1
1
1
1
1
2.00375526359774e-09
0.99999999747303
7.1175921661062e-212
1.1072570174635e-61
4.04712690716507e-223
1
3.75797270452082e-204
1.57891598848559e-20
2.76887357063832e-108
0.0514618095638586
0.999999987018021
1
1.82880458404904e-132
2.26606158839994e-28
6.79549554881198e-34
1
1
1
0.999999999999533
6.25126157747051e-42
0.999519389657019
8.61616736053377e-50
0.999999999999897
6.68469693284396e-292
1
1
1
1.98745500044832e-45
2.42620257799129e-37
1
1
1
0.999999999999962
1.3074249005168e-276
1
2.71549336929034e-106
2.09943420135082e-99
6.82947981439385e-98
2.64476491476893e-143
1
0.999999999999996
1
1
4.61312989064399e-36
3.29670497464861e-37
2.70213867522993e-05
0.976055196625177
0.900562276533358
0.999999999999997
1
3.76038787152207e-35
0.999999999999833
1.08952622433274e-36
3.54680822031943e-150
1
1
0.99999999999977
0.052462036015233
0.00230009680793438
1.55977048213852e-07
8.39869287685045e-109
9.36657105694663e-08
4.88578851625927e-99
1.49433398033502e-40
9.58595068101789e-05
0
2.79106329246945e-127
3.04444404433084e-06
3.34925073963514e-50
0.635943806923443
1.98553355370326e-16
6.593170249604e-66
4.18718573827979e-41
5.68887319950424e-18
0.997595658466971
3.09246440833949e-10
2.60064248707071e-06
3.91176250724186e-21
0.000187235823012191
0.999826150020581
8.03435610391505e-16
1
1
0
7.03692798277780e-10
8.40786799253429e-06
7.18022632966772e-22
1.39721642271842e-09
1
1
1
0.999999994195955
1
0.991866774873052
8.03611041647282e-09
0.999999999999305
0.988337093935923
0.000212442381978968
1.08360790381623e-11
0.00887476443446994
1
0.108230926644665
1.44631912403438e-05
3.3426962003414e-06
7.00962451937686e-05
5.00020516948192e-287
6.62186278675794e-05
7.65962676644666e-06
1.60901218111563e-79
1
1.78001405737364e-44
3.46548538040432e-124
1.523524594856e-134
1
1
1
1.27435599126307e-77
1
0
1
7.58214329993823e-269
0.0331517612782634
2.65233775270799e-162
5.98618739663385e-16
1
5.50989011468404e-18
5.69445622862798e-52
1.34702867663103e-19
3.32094897598855e-12
9.21385011094578e-10
0.999999145891501
1
0.980670868884555
1.20097982893365e-73
5.87959049052118e-13
1
1
1.58133335835569e-10
7.75715008776532e-14
1.6978775403572e-15
0.0666610051994771
0.0204340369173471
0.0189723846622023
0.0468776931834695
0.2000974387432
0.999275661271966
0.99999999999952
1.09999886596365e-102
0.0106528283195553
9.80013704718803e-83
6.40060772894376e-126
2.50076248904021e-09
0.318800346335471
1
1
1
0.99999408370609
0.994934278167606
7.38865370974374e-40
1
4.5816446770154e-138
5.99893251139839e-14
0.372806879526158
1
1
1.15785160356191e-08
0.370104076957672
0.00575318408321529
0.999999999943667
1
1
6.2367158880646e-38
1.91258486575863e-18
2.03259946278079e-41
0.000316529345008345
0.75988848440605
0.806256512380746
1
0.999999824195917
2.4971671634542e-14
1
9.07969140451057e-17
6.58617134636352e-75
2.1083203434695e-63
0.0897355386685523
1
0.999999999999987
1.02718183978724e-11
2.50381506226508e-07
0.000807892417491543
2.07578572568239e-69
3.74214705046335e-85
1
0.999999999999416
1.03043751401312e-88
2.35473207099167e-44
3.66563751781495e-96
1
1
1.9565711907363e-51
1
1
1
1
1.05848691311698e-30
3.47591809417824e-37
0.999999948612653
8.76191850824264e-07
1.10303405349814e-14
0.0485365966852231
0.0104843326051607
1.60704238200601e-08
6.55268563599545e-29
0.737923498466283
4.92875720128188e-81
1
1
2.1824919336589e-113
1
3.25619277046157e-51
2.61594706837029e-41
1.93504255976976e-73
1
5.67253265882902e-05
6.0512831779148e-07
1
1
0.00662478376942454
1
5.35401921544848e-18
9.93384154213732e-209
2.19500033931507e-06
0.999596716513151
0.00766923525544651
0.999999999999943
0.762729768971564
0.999999994235578
1
1
0.00998601052992479
0.0698288951471237
2.46536289347568e-42
0.99999999999988
1.51069708109569e-32
0.854165651821378
0.084332642983528
0.999575280723071
1
1
0.999804423361399
0.999999999992344
4.52230658622053e-18
1
5.96290360902147e-104
1
3.98539786092629e-38
1.22456606570048e-201
6.33599807240149e-72
3.79772176274838e-207
1.00338885137701e-130
1
2.67076396401901e-23
1
4.9757336134665e-168
0.999998877984231
5.58147152909658e-111
3.62382851102414e-45
1.65206787285998e-33
0
1
8.98731066583599e-179
1
4.09975100111706e-08
1
1
0.999999800013677
1.7846279645752e-13
2.01550120944615e-47
1.76657524428622e-235
1
1.84825864729495e-09
5.60245747614159e-60
9.13050987059301e-34
3.74954099815402e-06
1.07628322524455e-89
2.53740929731196e-103
0.050515256980199
0.0397643463039094
0.147375961342675
1
2.22123398477529e-20
1
1.9640787986692e-12
1.9640787986692e-12
0.99885614370139
0.99885614370139
0.999999999999954
1.39026265710393e-18
2.05201222810966e-06
1
0.00202906097925709
1
0.999999997672583
1
1
5.41042141221546e-49
0.0842546156832518
1
0.999999999999999
0.336162106722933
0.0246731266270926
0.12159733710502
1.19715145435401e-22
0.00317291124280551
1.00887659073848e-68
2.52300021026724e-41
3.59702339930457e-06
0.00092766404100244
1
1
0.0101925186444182
0.145989375174027
0.883575871422395
0.0345941203470047
1.76663055826134e-20
1.73521511217535e-14
8.07113250074423e-28
1.02958008833942e-09
2.77222418055182e-27
7.2743011149318e-60
6.94788299840282e-19
2.41763045010311e-23
0.119623689409462
1.35342803784134e-08
1
0.991184146787013
0.585100349774634
0.175907175844999
0.0157720337785317
0.00124774682713714
1.79967264666489e-06
1
5.80420203307915e-10
2.1999894967064e-09
5.0327591900069e-33
1
1
0.0012268105421826
1
1
0.0017979957008457
1
0.0682572526104727
0.999999999999992
1
1.10189734700793e-16
0.00017964460768297
0.000397031271042413
3.06098461622707e-264
5.20348127023201e-256
9.27713093027176e-137
1
3.66349220042122e-05
8.25517876122312e-05
0.99999999999989
0.99999999999989
2.11003228776365e-92
2.11003228776365e-92
1.68072613513094e-07
0.0020572165922865
1
1
0.99999999999998
0.999999999999999
0.999999999999259
0.0520696559915277
7.76329060758424e-45
1
0
1
3.04834744767026e-59
0.899563428218839
0.0182427882723051
0.0064437227051643
7.85684019591947e-05
1.61503020385061e-21
6.84062160480958e-116
0.361858060033552
0.280933312282543
0.100113867423341
3.3211524043801e-13
0.999783111856109
0.0227449640572945
1
1.23671380944317e-112
0.999386156413001
0.999999999993063
1.35004778676268e-21
5.80081182291609e-10
3.38539425080988e-09
0.999999999999997
1.96127303138041e-24
1
1.23852398120745e-79
3.18038199966054e-11
1
0.999994737490766
1
1
0.99999999954802
4.4575989354089e-62
1
1
1
2.48656987953953e-35
1.47300454366869e-24
1
2.57021556938577e-27
0.000339541873613366
1
1
4.27195709450958e-45
1
0.99999999999901
1
1
1.18046168631487e-16
0.999999783101738
1
1.46019520510449e-11
1
1
1
1
1
3.10070397212253e-19
1.82501787340708e-07
3.31041105379839e-10
1.17466427742424e-18
1
1
1
0.999999999999981
0.182988280556063
0.999999999998477
2.01735666509088e-46
3.16603716795527e-58
1
1
0.0030606683794639
1.13712167445782e-09
1
1
1
0.302015117824768
0.997100498044475
1.66425491986246e-39
3.79205924119565e-44
3.11921451916372e-43
2.55847853273791e-212
1
1.92641156636422e-15
1
1
1
4.66244057439803e-182
0.082993530216229
0.0868290959783748
1.38811204472958e-28
1
4.7123839128031e-27
1
1
0.968869306422552
0.161740282082307
9.14821688507066e-119
6.01903041065826e-68
0.00546783299060703
0.999999999997747
1
1.17666767003948e-85
1
1
0.99999999999283
3.90052886701193e-08
7.4046215718481e-05
0.992112693901831
0.000340138707712076
3.02005470682106e-27
0.999999819378981
0.999546992945287
0.552877608662657
0.172557143245004
3.21825112252191e-08
0.000765468527944587
0.999999999995236
0.999999999999999
0.999999999999927
1.61433132189048e-36
0.00020866517989849
5.40976455099812e-05
8.05834671993924e-12
2.27856221571944e-14
1.76789680996579e-06
4.73005374064734e-17
1.682765953875e-116
1
1
1
4.51208174117652e-72
0.999999963887407
1
1
0.999999999999646
0.999999999957555
1
0.984508477998814
9.43282456677974e-06
2.84281179641207e-07
0.999999999999999
1
1
1.64999240388392e-42
1
1
5.81703520662058e-264
8.03156465680636e-114
2.47576537009897e-18
0.998598665998633
0.0284061361751086
0.000100728550977962
1.11752900468172e-09
1
1
1
0.258454314051402
0.000238544813524439
5.95430665850312e-08
4.68124404750319e-64
2.83270357128156e-05
7.62912768985863e-05
6.43319581728364e-05
0.999999984866478
1
0.999799314993211
1
0.602732240647054
1.75235316661856e-06
0
5.57230313009669e-235
0.210883288225963
0.999935600896441
0.00793379569248061
1
7.50362473250096e-94
1.02329279451992e-164
1.94283038236253e-39
4.05459862402486e-19
1.7895840786895e-38
1.52402264012769e-05
1.09941408142811e-06
9.81212364781687e-05
1
6.13304915229295e-38
0.000109868364822651
1.20577476323041e-06
1
1.46309756660325e-46
0.000560428171625631
6.0859194658376e-156
1
0.901687708675644
1
0.000156634315234431
2.71466060870341e-86
1
0.435736305778869
0.191979319144402
0.999999999927165
0.595636743100093
2.47162456141835e-21
0.0959832762563673
4.39508621154175e-06
1.81015094976742e-31
1
0.963921272127183
1.81357789160576e-254
0.999612127030253
0.997972274706666
1
1
0.47728945166292
4.20125485875662e-05
0.033075773533776
0.741270146787258
0.881065371130087
0.00018244343772658
1
6.30034336024861e-11
0.70322667520896
2.26082884593067e-56
1
4.9287468560053e-05
8.87999378112754e-27
0.0216144189715711
0.000453297977630565
3.90193057283999e-19
1.6331753888585e-19
0.999998456254146
0.128694251242529
0.999999999950848
2.61168545359462e-39
1
0.0924961480981694
8.03879207405526e-193
6.38204312448164e-191
1.85992913617987e-41
0.999991850737221
0.999907920988277
0.996379048633811
4.13545064516621e-20
0.0139425267103138
1.08445382755631e-12
1
0.999999999683127
1.04717952770168e-07
1
1
1
0.974037000781879
1
0.863020735915623
0.999982221975756
3.90446015146092e-20
1
6.51791736587401e-30
1.05977460597519e-10
0.546107560136271
0.21685953531508
0.999999999824051
2.70052236792107e-128
3.88276055626773e-66
1
1
1.61402888694104e-73
1.08448523738874e-114
1
8.32045635750319e-62
9.73499315973779e-22
0.999999536379781
0.999999999948445
0.999957336556863
3.56835712758224e-96
3.79889653632107e-19
1.12608879743524e-06
1
1
1
3.47640793779588e-12
1.26430981527156e-88
1.07015841395131e-20
1.45966755766992e-255
0
1
4.67889180658018e-68
1
1
2.02825011998514e-131
1
1
0.646499099559475
0.0371981538061642
0.226011352680519
0.836077517992132
0.00155579973292484
4.1125078466671e-16
0.999999999999445
1
8.303663708159e-49
0.0052864881960681
0.00278949373710708
0.00390056116258609
1
0.999999999999978
1
4.8773293800521e-06
1.07949482173217e-47
0.0662655878771748
1.56378537974897e-42
2.70418970146016e-29
0.999998523468425
2.79366768254379e-20
0.999999999999989
0.999999999962119
0.999898102500463
1.85135132602219e-12
0.0079048971864975
6.76345816851742e-17
5.65185948591091e-17
0.00061415624902396
4.17284161562934e-37
1
1
8.55641863648004e-06
1
2.09862013571772e-37
0.999999831376072
9.37896663675995e-16
1
1.36599147666073e-103
1
5.30464250689404e-145
1
1
9.1205116280636e-41
1
0.999997901711471
3.2777900024917e-16
1.65696983276957e-17
5.80499223202193e-101
1
1.33380719272962e-100
1
1.34479027755243e-59
1
1
0.065518880844217
0.115863441406562
1
0.10178111616722
1.66798241484504e-67
1
1.35268098405753e-47
3.4713650228177e-10
0.766040273017509
1
8.22655805325057e-81
1.22519627637662e-287
0.000477901509054144
0.999999999999847
1
1
0.000204653410295902
1
4.26582849351059e-07
0.971272521278563
1
1
1
5.26796366600574e-181
2.53043721542852e-70
5.21436745416808e-120
8.53457099323983e-95
1.3865467575965e-12
1
0
0
1.6634239296169e-277
1
1
1
1
0
1
4.39757539239753e-16
1
1
1
1
8.76375897278491e-133
2.50672331844783e-47
3.12089760984019e-59
1
1
6.19230681057872e-281
2.44850223162542e-147
1
2.41753737092589e-58
1
4.93021510288298e-06
2.49859460010155e-28
1
1
5.27155244604327e-21
1
8.40258401216216e-23
4.02725578180582e-25
7.35984692162414e-19
8.06686794094052e-12
0.000121296798080367
0
1.94551431285593e-40
0.999999998564714
1
3.08025597443568e-10
1
1
2.69041185703791e-15
1
2.22411094186949e-124
0.999994894614563
4.27258883323914e-39
1
0.999999999999766
7.48912597446786e-05
0.999983798195386
1
4.3833522438043e-16
1.38532994320199e-10
0.999999999992325
2.39130514267348e-205
8.64948653124062e-274
4.18872615539552e-206
7.89208092213484e-17
0.000147713596512483
1
6.85134621781432e-17
0.999999999944517
1
0.00972535730431195
1
8.99560495370507e-10
1.76735348551547e-34
1
0.00873785881555758
6.82440033699289e-07
1
2.30776114925709e-66
0.999999999994782
1
1
0.998721973972414
5.96636705245587e-83
1
1
0.999999991638837
1
1
8.01976410480396e-22
8.81246508905631e-10
0.00175165038126769
0.000135027954339443
0.180078549239475
0.999999999999797
8.79813734126764e-08
0.137405435326469
0.998214453315048
3.16675741884606e-06
4.14255165621909e-80
1
0.0522843457736299
0.00141588350024901
0.82661850320141
0.0320064427579998
0.000544779422456315
0.00288305068401227
0.0688482064113979
0.00260111303810291
0.665577867613698
3.33821402978344e-05
1
1
1.03601865061675e-84
7.38271934953765e-163
1
1
0.93454931117243
0.626551554948921
0.0318127150795646
4.35717100922352e-16
1
8.60805893692311e-31
0
0
0.59045884021318
0.999996290920703
4.22795910151552e-63
4.55834768121938e-47
0.999999179291307
8.83288359647102e-15
6.5742271065575e-83
1.04334231123545e-38
0.000222534107221223
3.27790131791925e-11
2.77946882220709e-11
8.40096785590743e-26
0.999999999990714
0.999999994184541
1
9.6702355462839e-116
1
1
1
5.6486104482218e-24
1
1
2.19327523582859e-61
2.17065897127432e-176
1.39297990456257e-57
1
1.77884985822671e-28
2.86979936366227e-09
2.72486407961376e-05
4.06074295095815e-23
0.999999992039927
9.28048039969029e-29
1
2.3410528660483e-11
1
0
0
0.999408740562338
0.999999999380796
8.34584744754784e-83
6.72947766499427e-08
0
5.70389158330447e-213
1
1
6.42333531427982e-83
4.20028390848312e-33
0.999999980068489
3.77395217940864e-05
0.999997974185151
5.05142098731993e-13
8.46700778752277e-90
4.56097257067562e-53
7.10158425796837e-107
0.00338009958254829
1
1
0.999999999457809
0.00824371400930561
0.0980045761291666
0.687994962004713
2.65846314788416e-37
0.0163407066366484
1.60965185344768e-17
0.943394407953394
2.99232482456061e-81
2.75472795169558e-37
0.999999999798511
2.66444495107454e-16
1.13063154117469e-07
1
0.999999999999727
1
1.80788745917581e-45
0.999999521515528
0.999999999999925
1.61996103355271e-27
1.51555233754838e-17
1
1
4.0972987637867e-153
1
1
1.69618070602786e-119
1
1
1
0.99999999999994
0.00825036930956736
0.999985013860622
1
1.2507868621189e-19
0.999981590556999
8.84983010803259e-136
1.51284279493104e-133
1
1
0.945798849226392
1
4.10490561861249e-09
1.52368727558613e-15
0.999154581411777
9.97623130624747e-31
4.68384586010794e-238
0.01862162728946
0.0465338337924383
7.56163512060683e-14
0.434634200324755
4.00373680264748e-30
1.49529850005377e-50
1
0.126210916819005
5.72413679055669e-51
0.991747291039041
1
2.83319585936188e-28
0.999999999930118
0.00331992510106678
2.84305528468633e-05
1
5.32029126087341e-120
1
1.02017314714146e-06
0.0470256187049019
2.29906490600518e-05
2.87871406854043e-19
1
0
0.00170133952448778
5.53760739605542e-14
6.27498756909365e-11
1
1.00802123951673e-16
0.999999859239417
1
1.48447078060766e-32
4.85937212924449e-40
0.999999999967521
1
1.09345578923621e-72
1.2300060093835e-74
1
1
1
1
0.159760711311263
1
1
1
0.365203266659839
0.378274027797832
1
8.92936976286956e-29
0
9.02170422686718e-131
1.37210301297017e-31
6.27862752612622e-08
1
1
0.810227827746188
2.3453527256664e-30
0.999999967981389
0.999999904905303
1
1.20901966867842e-20
0.999999999944132
3.86717994305923e-109
1.18604666074059e-29
0.0069271241574107
0.0478139339114012
0.129210321232014
1
6.98569990733889e-109
1
4.20452764782522e-34
1.34768238918489e-54
0.999999999999258
0.503425864301571
0.993655192848092
1
0.000191483183773977
1
6.07909464049539e-07
0.999152345814171
1
2.26736770434554e-28
6.62298157394527e-96
0.000455660127646937
1
1
0.999999999678623
1
1
1
7.96264759682548e-19
5.25929182528253e-24
1
1
2.59043714760214e-96
1
1
1
0.000334272066241202
5.58120864247201e-11
0.00445509448298266
2.42520642341524e-24
6.33467018125961e-87
9.55326279968815e-86
1
1
0.992780372629959
0.382815921542451
8.20174561241914e-107
1
5.93632122867538e-15
8.2225580893283e-45
4.12704823944302e-06
1.31347233783812e-30
3.70789225866507e-25
0.00768627100448958
4.45605763391454e-08
4.16233769621137e-31
8.00280901569544e-11
1
1
3.85404497349412e-34
1.56690236762469e-13
3.16016917944901e-08
1
0.992938134608043
1
1
1.29257799936354e-11
4.91136911278996e-16
1.26984117001173e-12
1
0.999999999999847
1
1
1
1
0.99999999998747
0.13262001862803
1
1
8.44957024055972e-74
1
4.99687051023351e-56
0.999999999152395
3.4044477091231e-57
8.89164754597031e-73
3.79749198552887e-222
1
4.4919253260782e-70
1.23425215482314e-73
8.49806403770154e-15
7.00760438718219e-35
0.999999999968538
2.41862433950464e-06
1.80158419412114e-30
5.65964041185213e-13
1.12266417699861e-35
0.0424784894283465
0
1
0
1.14805321406362e-207
1.40642637243328e-103
2.50655671705563e-167
3.25311102646784e-157
1
1
1
1
1.15186316127312e-50
5.54382164784938e-41
4.54450721896793e-18
1
1
1
3.91480654606799e-69
1
0.625197007955323
3.05162408089668e-08
0
7.05628558969631e-27
0.99999999999997
0.999483242584953
1
1
1
1.33315079535447e-17
1
1
6.26079980034712e-106
1
1
1
1
2.03196798099021e-12
0.000467841840659752
3.82971020989976e-15
1
1.30371357454364e-36
0.938056158565532
0.253710664934013
0.00661271795334182
1.5645916528302e-28
0.282671898382586
0.192304473971735
0.00019420477404124
0.105131059817049
0.999633358567158
0.998509511713214
0.999955595745506
0.142953289104584
0.00104215101473883
0.0439928187603325
0.999960663231936
0.371355249830925
1.32499361445438e-05
0.0269265716188611
0.999999999999861
1.44200925641272e-25
0.144376848661619
5.1313972075821e-149
1
1
0.993522148854557
0.707800037051228
0.02619631816498
7.14789931254263e-11
0.00695005493997675
0.106495830824395
1
4.62243808157799e-25
0
0
2.41253238120853e-123
5.49190931249487e-262
3.36799936728676e-96
6.480663444178e-06
1.74327799903799e-230
1
6.39354451528371e-63
0.00241359939631419
0.068055959982033
0.0311420454016157
0.0185389987253309
0.0462004160424921
0.00885229716068868
5.91230162011505e-06
1.04682210583603e-11
0.0226901762023138
0.996054895345799
0.988741133769622
3.49943864397612e-07
0.998375071396593
0.072369842540346
0.733734319515082
0.000139717235823667
0
0
0
1
9.02110547983161e-142
0.00333606959675236
0.00150184247328665
0.352688942365912
0.566643588810341
1
2.77646902769473e-90
0.0618263031430713
1.03494410905658e-28
1.00952217977807e-29
0.000331700188878179
0.000213942452368766
0.924687280343681
0.999264982460203
0.0841457706971056
0.23269572698355
0.0491210519170553
0.149302324720854
7.07116107905487e-286
4.61370038680368e-07
0.999999999977098
2.9385255633021e-24
0.400009928863347
0.137518444433846
0.000249882731202271
0.0648902788636486
0.00639818425050216
0.998422134385011
4.62370282167583e-11
5.69810248412437e-14
1
0.999856035301415
0.00265161506790363
1
1
1
0.0500692155152248
1
1
5.80965503691308e-05
2.94893115853296e-06
1
1
0.662720736195243
3.5188892872607e-07
0.000162335593082241
0.000187625675445739
4.54993486712799e-176
4.55302034777319e-18
0.941491658391047
0.146856703120394
1
1
0.992402781923671
0.000117655345227041
0.999592263633217
0.0741603340399893
0.0690750194243743
0.0269164304184781
1
1.01006375311436e-21
0.00713638423065971
1
1.38125832263506e-40
6.12869672597054e-29
0.997856057467579
0
1
1.26943797012771e-37
0.988720419277958
9.89134584657645e-14
0.000206056125053046
1
1
1
4.32514336821657e-05
1
1
1
6.99325910261116e-27
3.95747735185439e-72
2.16197291478864e-45
1
2.66291219810964e-28
0.971410358073024
2.68243474966446e-15
6.09612622730555e-19
0.000706971633578777
0.00272522459913265
1
1
1
1
5.50717592056306e-103
1
1
1
1
1
1
1
1.83774738343703e-09
1
1
8.42789912613501e-105
2.58071762070846e-108
2.7677652892733e-79
1
0.999999999999048
1
1
4.43393298360292e-73
1
1.00039959446224e-08
0.999995797679448
0.99188701364267
1
1
1
1
1
2.28846932736849e-22
2.98303496841329e-29
0.999999939111234
1.7942251585109e-08
1
1
1
2.2955093016296e-25
1
1
1
1
1
5.01290897110392e-135
1
1.93237658292854e-05
7.66833780801234e-140
2.91500704507177e-51
2.22466220106475e-214
7.03735299009354e-118
5.75436622901955e-10
0.000893093416507965
1
1.61011162913173e-75
1.33515577974709e-13
1.01623932931637e-29
1
1.03713958501339e-35
3.50389986567985e-69
0.000129674976137147
4.6944254376618e-05
1.56437804098125e-160
3.10172288540104e-12
0.999917617675349
1
1
1
5.71401377282341e-144
2.93834664346403e-14
0.000973726519853938
1
1
1
1
1
1
0.152197356556503
5.05463199016753e-73
1
0.00928244083442109
3.2349141827711e-09
8.31342790420522e-13
0.00307961062675867
3.6916989209688e-36
1.19418243352695e-11
0.00896612542980871
1
2.43621066297026e-56
1
1
0.999999999994581
6.82702704274869e-46
2.57346030714279e-31
1.94095762492974e-97
1
0.000666519357486449
1
1.96212096724546e-13
1
1
3.83073283424228e-10
0.000205688646598802
0.99491492222914
4.52172270595289e-22
1
7.29254374810041e-17
0.534164641196428
0.608047595012589
8.18576136869028e-06
1
0.999999998805732
0.0787100058343125
0.989988078934956
0.972725614200757
1
5.49596261940266e-16
1
1
0.124576464339148
7.93758280598681e-14
1.3039505238287e-05
0.0930010685437735
3.08802206364528e-06
1.23569824403832e-05
0.999916647890654
8.19053060191098e-10
1.33500846605716e-49
5.07048849495496e-215
1
1
1.20917701550846e-39
1
1
1
1
2.15364736623347e-209
2.61289505211352e-238
8.44039651978647e-69
2.83663577995679e-17
1
1
1
2.19382806343602e-126
0.999989387546581
0.656616784504478
0.110104761590498
9.49473423625135e-13
1
1
2.82056972209372e-05
2.87825831158405e-172
2.47537869096048e-108
0.124625463203879
1
1.0426406173035e-51
1.73085291373612e-78
0.99999853656565
0.124903639505273
0.174445285170458
1.32404847027498e-35
1
1.25665181671978e-14
0.704983428486119
1
3.87806017531698e-19
1.81149892623412e-118
1.81149892623412e-118
0
0.00867297096336925
0.999999999925827
0.0142988669887081
6.19001774348266e-25
7.03289357236727e-51
3.04305644354348e-13
1.57397142573913e-63
0.00927417680951172
1.4308395452718e-05
0.383468618304702
0.999996648342042
0.999999999761913
0.999996150232953
4.69648409846356e-89
3.52557687387628e-18
4.67276439345533e-22
0.999944184151357
3.79147244284979e-07
1
2.04506199797446e-25
5.85594949828457e-53
0.989801582330637
0.999999999773499
1
1
9.58328649364241e-15
1.02420817257326e-122
0.205286143393909
1.12554382357562e-05
1
1
1.27472362591795e-39
0.481402133989975
0.999999202334801
0.188938594632724
1
1.02767467700118e-35
0.999999999999998
0.0504754355225239
1
6.75751016874876e-63
1
0.99685827820157
1
3.92064921048889e-158
1.90137021535395e-06
0.0180587065330361
0.117203544894276
1.84476590827911e-05
6.79052935403658e-05
0.999999999976712
1.49954169590003e-75
8.75423603940802e-09
0.999739261467648
1.3695294409527e-05
1
0.253750290705815
1.41695430830327e-53
1.66088949688259e-103
0.990561359122684
9.75819500829607e-05
0.00299662035917216
1.33777267248284e-80
4.27441825959518e-35
1
0.999999361670814
1
1.64018460577645e-198
1
1
7.50447805189462e-27
9.9841905794802e-45
0.999440075894964
0.999976456774476
3.24825215533064e-53
1
0.999999991808896
1
0.999351708740096
1
1
1
1
2.4143246526679e-88
1
1
2.15613648927377e-99
0.999909178920334
1.24247870029254e-54
7.38402557088111e-64
0.556408251119178
6.52653212877731e-69
1.10034526237494e-201
1.43665146762969e-184
1.53099429615765e-102
1
1
4.00159533982344e-39
1
1
3.58106560052262e-160
1
1
4.96254209624e-45
1
4.76266915945367e-28
8.41116918693094e-07
2.50054153181191e-19
1.82443795330836e-55
2.56527702698678e-49
1
1
1
1
1.87993694992723e-08
1
1
1
0.995474690463588
0.0132823622527863
3.33646565111003e-07
0.999999999999992
1.18760971533022e-08
1
2.03892459561502e-12
1
0.999999999943061
0.999999999999994
9.17900295842709e-29
1.92976635201776e-20
0.999903574742523
0.999999774544462
0.999999999346492
0.999999926095693
0
1
1
1
1
3.29291258604441e-06
1
1.37850903435477e-58
3.45944211393117e-135
7.65015424706897e-06
3.25106656014379e-18
1
4.685911170743e-77
1
0.999999983267019
1
1
0.000105582782018287
1.94773602272177e-33
0.999999999999993
1
5.01226493014996e-19
2.60574973138339e-111
3.53583330950371e-91
2.05532911553739e-09
