[0.4715658128261566, 0.5352107435464859, 0.0, 0.0, 2.5659179389476776, 0.0, 0.0, 0.2517125606536865, 0.11021649837493896, 0.0, 0.0, 0.0, 0.0, 1.5175386369228363, 0.2053510546684265, 0.0, 0.5166205167770386, 0.35230594873428345, 0.0, 1.503498911857605, 0.4756794720888138]
[2.9286698698997498, 0.80194091796875, 0.24102887511253357, 0.9053778648376465, 0.0, 0.880899965763092, 0.0, 3.517242431640625, 0.0, 0.0, 2.1724252700805664, 0.6980302333831787, 0.0, 0.768479198217392, 0.23543508350849152, 0.0, 0.0, 1.2796805799007416, 1.044892430305481, 0.8890773057937622, 0.0]
[0.0, 0.2763276696205139, 0.9291930198669434, 1.994229793548584, 2.661233901977539, 0.982296884059906, 1.4301259517669678, 3.0783278942108154, 0.97859787940979, 0.47917068004608154, 0.3603740632534027, 0.7871285676956177, 0.7068305611610413, 3.5427456200122833, 0.2879643142223358, 0.0, 0.0, 0.0, 0.0, 0.6609383821487427, 1.9570249319076538]
[1.339614748954773, 0.11661382764577866, 0.5329037308692932, 1.4960365295410156, 0.0, 2.94683837890625, 0.0, 0.0, 1.5195635557174683, 3.604727268218994, 2.0020069777965546, 0.0, 1.803186297416687, 0.34193339943885803, 0.0, 0.0, 0.0, 3.826034501194954, 0.5005137920379639, 0.46447479724884033, 0.0]
[0.0, 0.41439908742904663, 0.20348040759563446, 3.052235722541809, 0.0, 0.0, 1.7136440873146057, 2.4129855632781982, 1.6009323596954346, 1.8700610995292664, 1.612913504242897, 0.0, 0.0, 0.709284782409668, 0.2439347803592682, 0.0, 0.0, 1.1459711790084839, 0.0, 0.0, 1.3010482788085938]
[0.0, 0.0, 0.5369438827037811, 0.0, 0.0, 1.0693267583847046, 0.0, 0.2880355417728424, 0.33253979682922363, 0.4996761679649353, 0.0, 1.389007568359375, 3.599896013736725, 1.8253288120031357, 0.7499876618385315, 0.0, 0.0, 0.0, 0.0, 1.503498911857605, 0.0]
[0.2550939917564392, 0.9699437022209167, 0.0, 1.2526119351387024, 0.5195097923278809, 2.4628210067749023, 1.097121000289917, 0.9296097084879875, 1.3377718925476074, 0.19934798777103424, 0.85594442486763, 3.667809247970581, 0.7769382894039154, 0.1465308666229248, 1.080102562904358, 0.0, 0.0, 0.8485863208770752, 3.834369331598282, 0.5475937724113464, 0.7473837733268738]
[9.05674546957016, 1.2503302097320557, 0.23340193927288055, 1.5596832931041718, 1.7755563259124756, 0.7314565777778625, 0.0, 0.0, 0.0, 3.5338699221611023, 1.0313120186328888, 0.0, 0.7068305611610413, 0.9873708188533783, 0.9962175488471985, 0.6722593307495117, 0.8469282686710358, 0.5112993717193604, 1.5723062753677368, 0.6609383821487427, 0.0]
[0.3706141710281372, 0.0, 2.139165163040161, 1.4908893704414368, 2.2286880016326904, 0.0, 0.0, 0.43161946535110474, 0.40597277879714966, 0.9737614393234253, 3.9632644057273865, 0.0, 0.6796420216560364, 0.4806572496891022, 1.7124849259853363, 1.0722987651824951, 0.3614662289619446, 0.0, 0.0, 0.3388831317424774, 0.0]
[0.0, 0.38898977637290955, 0.0, 1.9518325328826904, 0.3906443119049072, 0.0, 0.0, 0.7455350458621979, 2.8844828605651855, 3.4087826311588287, 0.5849948525428772, 0.3550174832344055, 0.9597431123256683, 0.7993151545524597, 0.0, 0.30618900060653687, 0.0, 0.0, 0.0, 7.682591080665588, 0.9869292974472046]
[0.7210613489151001, 0.0, 1.1560836434364319, 0.0, 0.0, 0.21335987746715546, 0.0, 0.2880355417728424, 0.0, 0.0, 0.5201748609542847, 0.5269845128059387, 0.665235698223114, 0.0, 0.4492858350276947, 0.0, 0.0, 1.027282953262329, 0.9072238802909851, 0.0, 0.0]
[0.0, 1.0310635566711426, 0.42109549045562744, 0.3885857164859772, 0.0, 3.355577290058136, 0.0, 0.0, 0.0, 2.9929928183555603, 0.3813597559928894, 0.1932828575372696, 0.49866098165512085, 0.5046554803848267, 0.3855710029602051, 0.5324672162532806, 0.2933998703956604, 0.0, 0.3873601257801056, 0.42220327258110046, 0.0]
[0.7698549926280975, 1.2503302097320557, 0.588653489947319, 1.7764432430267334, 0.0, 0.7001834511756897, 0.7939944565296173, 0.0, 0.0, 1.685899019241333, 0.4530709385871887, 0.0, 0.0, 0.0, 0.8854490518569946, 0.0, 0.2886244058609009, 0.0, 0.0, 0.0, 0.3343167006969452]
[3.3139665722846985, 1.3303683996200562, 2.068547487258911, 0.0, 0.0, 0.22812126576900482, 0.0, 1.4370412230491638, 0.8095127940177917, 0.9737614393234253, 1.7801759243011475, 0.0, 0.561693549156189, 0.18899482488632202, 0.19482824206352234, 2.9307056069374084, 0.0, 1.0349029302597046, 0.0, 1.271293044090271, 0.0]
[1.0688995718955994, 0.22901296615600586, 0.3211580514907837, 0.6949096322059631, 0.0, 0.6434831023216248, 2.9940810799598694, 0.9879447221755981, 0.3536005914211273, 0.6778284907341003, 0.254499614238739, 1.222510814666748, 0.6670989990234375, 0.5478028655052185, 0.0, 0.0, 0.0, 0.0, 0.0, 2.0187544226646423, 0.9869292974472046]
[0.0, 0.9605482816696167, 0.0, 0.3152686059474945, 0.0, 0.848135769367218, 0.17013752460479736, 0.0, 0.0, 1.9758614301681519, 0.683128833770752, 1.0162634402513504, 1.7273021936416626, 0.6562802195549011, 0.3091953992843628, 2.129296287894249, 1.6069113314151764, 1.3585888147354126, 0.0, 0.4070309102535248, 2.5313973426818848]
[0.0, 0.0, 0.42109549045562744, 0.9086097478866577, 0.0, 0.0, 0.0, 2.003309518098831, 0.0, 0.7306873202323914, 6.13197135925293, 0.0, 0.5666446089744568, 0.8205135762691498, 2.5167038440704346, 0.0, 0.0, 0.0, 0.0, 5.322376698255539, 0.0]
[0.0, 0.0, 0.0, 1.7764432430267334, 0.0, 0.8424097299575806, 0.0, 0.0, 0.0, 2.6914063692092896, 0.7210253179073334, 3.8923487663269043, 0.0, 3.204013407230377, 0.4181206226348877, 2.0214293003082275, 0.0, 0.0, 0.0, 0.0, 0.3343167006969452]
[0.0, 0.0, 0.0, 0.7072855234146118, 0.12844553589820862, 4.295222461223602, 0.0, 0.0, 2.29302978515625, 0.2512589693069458, 1.2791355848312378, 1.095456600189209, 0.2465878427028656, 0.16122598946094513, 0.0, 0.0, 0.0, 0.0, 0.0, 0.0, 0.0]
[0.740913987159729, 0.7376364469528198, 0.0, 0.0, 0.0, 1.802394151687622, 0.7082684636116028, 0.8983139246702194, 0.0, 0.24214279651641846, 0.0, 1.6336461305618286, 0.4903785288333893, 0.41954419016838074, 0.5430517196655273, 0.0, 0.0, 1.56630539894104, 0.8355122804641724, 0.6516160368919373, 0.0]
[0.2915920615196228, 2.087156295776367, 10.921293258666992, 0.0, 0.0, 0.0, 0.919223427772522, 0.0, 2.784615993499756, 0.9083209037780762, 1.1442419588565826, 0.770918607711792, 0.9044181704521179, 0.0, 0.2685699760913849, 0.0, 1.1323494911193848, 0.0, 0.0, 0.0, 0.4286727011203766]
