[0.227110830333056, 0.0, 0.2907025854903998, 0.0, 0.0, 0.163499521162485, 0.28891745645168887, 0.0, 0.0, 0.0, 0.0, 0.0, 0.0, 0.0, 0.16980726853508227, 0.2940564978203624, 0.0, 0.0, 0.22763635804290666, 0.0, 0.0]
[0.0, 0.0, 0.2801016801432152, 0.1440978587303445, 0.0, 0.15753727034827258, 0.0, 0.0, 0.16698857022578972, 0.0, 0.0, 0.34664015979292917, 0.2986766322721611, 0.0, 0.16361499504764687, 0.0, 0.21056465242433123, 0.251057240872865, 0.0, 0.0, 0.0]
[0.0, 0.0, 0.6385212464330251, 0.0, 0.2404752728075072, 0.0, 0.0, 0.0, 0.0, 0.2774668222087444, 0.0, 0.0, 0.0, 0.0, 0.0, 0.0, 0.0, 0.0, 0.0, 0.0, 0.0]
[0.0, 0.0, 0.2538361962851438, 0.13058561838968238, 0.0, 0.0, 0.0, 0.0, 0.0, 0.0, 0.0, 0.0, 0.0, 0.2379655750690177, 0.0, 0.0, 0.0, 0.0, 0.0, 0.23093639707112082, 0.0]
[0.2116194263715943, 0.15452965269968366, 0.0, 0.0, 0.20402885954682431, 0.15234707655167626, 0.0, 0.33720942972153417, 0.0, 0.23541397587361274, 0.0, 0.0, 0.2888365013857955, 0.25393768487884166, 0.15822458121579816, 0.5479973389128419, 0.0, 0.0, 0.0, 0.24643668922041306, 0.30914840494757895]
[0.0, 0.26164388884120304, 0.0, 0.0, 0.0, 0.2579484524286411, 0.0, 0.0, 0.27342383951284893, 0.0, 0.0, 0.5675817896485915, 0.5414695619339462, 0.0, 0.2679000121677478, 0.0, 0.0, 0.0, 0.35913528308007564, 0.0, 0.0]
[0.0, 0.0, 0.0, 0.0, 0.4147965979935043, 0.0, 0.0, 0.0, 0.32830778263512206, 0.0, 0.0, 0.0, 0.0, 0.0, 0.0, 0.0, 0.0, 0.0, 0.0, 0.0, 0.0]
[0.0, 0.17736692623319253, 0.0, 0.15994444556101045, 0.0, 0.0, 0.0, 0.3870441928680165, 0.1853524913808159, 0.0, 0.0, 0.0, 0.0, 0.0, 0.0, 0.0, 0.7011620017708172, 0.0, 0.0, 0.0, 0.0]
[0.0, 0.0, 0.0, 0.0, 0.0, 0.0, 0.0, 0.0, 0.0, 0.0, 0.0, 0.0, 0.0, 0.0, 0.0, 0.2690090403390949, 0.0, 0.0, 0.0, 0.0, 0.0]
[0.0, 0.0, 0.0, 0.0, 0.3375639414418614, 0.0, 0.44540581180100297, 0.557910026434559, 0.2671788354906719, 0.0, 0.0, 0.0, 0.0, 0.0, 0.0, 0.0, 0.0, 0.0, 0.3509326466186395, 0.0, 0.0]
[0.0, 0.1631498707367263, 0.28598384657115844, 0.14712392390347154, 0.0, 0.0, 0.0, 0.0, 0.17049535938643787, 0.0, 0.5, 0.0, 0.0, 0.0, 0.3341018653077486, 0.0, 0.0, 0.0, 0.0, 0.0, 0.0]
[0.0, 0.0, 0.0, 0.24278478678906198, 0.0, 0.0, 0.0, 0.2937533743370228, 0.28135246584088025, 0.0, 0.0, 0.0, 0.754842738209057, 0.0, 0.0, 0.0, 0.17738604490660764, 0.21149822051223968, 0.18477466847603569, 0.0, 0.5386171445379692]
[0.0, 0.11183844401715036, 0.39208103821579754, 0.0, 0.0, 0.11025884071765188, 0.0, 0.0, 0.11687372939727131, 0.0, 0.0, 0.0, 0.20904094494279163, 0.18378345414134048, 0.2290251827393279, 0.0, 0.0, 0.17571258052970262, 0.0, 0.17835474854518504, 0.22374139088312817]
[0.0, 0.0, 0.0, 0.0, 0.35369248335750314, 0.0, 0.0, 0.0, 0.0, 0.0, 0.0, 0.5811174113649956, 0.0, 0.0, 0.0, 0.4749880227134194, 0.0, 0.0, 0.0, 0.0, 0.0]
[0.0, 0.0, 0.2738557147456197, 0.14088462464674895, 0.0, 0.0, 0.0, 0.0, 0.0, 0.0, 0.0, 0.0, 0.0, 0.0, 0.1599665571956338, 0.0, 0.0, 0.24545891600241673, 0.0, 0.0, 0.3125520004335985]
[0.0, 0.16098891646605362, 0.7544853820868044, 0.2903504499998803, 0.0, 0.0, 0.0, 0.0, 0.0, 0.0, 0.0, 0.0, 0.0, 0.0, 0.0, 0.0, 0.0, 0.25293429916856625, 0.2209751691603536, 0.25673762729789584, 0.0]
[0.0, 0.0, 0.0, 0.29551488619092686, 0.0, 0.0, 0.0, 0.0, 0.0, 0.499232967529382, 0.0, 0.0, 0.0, 0.0, 0.0, 0.0, 0.4318245156826451, 0.0, 0.0, 0.0, 0.0]
[0.0, 0.0, 0.0, 0.0, 0.0, 0.24455235712201784, 0.0, 0.0, 0.2592240524955964, 0.0, 0.0, 0.0, 0.0, 0.8152575285309016, 0.6323502969977932, 0.0, 0.0, 0.0, 0.0, 0.0, 0.0]
[0.13531250179124193, 0.19761695712418004, 0.17320043400477003, 0.0, 0.0, 0.09741291516816053, 0.17213684442631175, 0.0, 0.0, 0.0, 0.3028150632218614, 0.0, 0.1846862037983834, 0.0, 0.10117106772240442, 0.0, 0.1302023107547, 0.46572250410071964, 0.13562561088152178, 0.15757516305108488, 0.1976739503612486]
[0.43698797235911446, 0.0, 0.2796729974023999, 0.1438773137676143, 0.0, 0.0, 0.0, 0.0, 0.0, 0.0, 0.0, 0.0, 0.29821950733028807, 0.0, 0.0, 0.7828996635331149, 0.0, 0.2506729990712025, 0.0, 0.0, 0.0]
[0.3688181111809993, 0.13465998183036737, 0.0, 0.12143253535303919, 0.17779450248531872, 0.0, 0.0, 0.0, 0.0, 0.0, 0.0, 0.0, 0.0, 0.0, 0.1378798094982005, 0.2387674710029221, 0.0, 0.0, 0.0, 0.0, 0.0]
