[0.43608128364887816, 0.0, 0.0, 0.0, 0.0, 0.09713733209550938, 0.09858405164230884, 0.0, 0.0, 0.0, 0.0, 0.1182472642695042, 0.07660031483567166, 0.0, 0.047619047619047616, 0.09713733209550938, 0.4452268030041822, 0.070715438019405, 0.0, 0.06972675527167, 0.2025492180966526]
[0.0, 0.2699389867987355, 0.0, 0.0, 0.265552610438094, 0.40436792016995005, 0.08617575431114842, 0.0, 0.05386460694613008, 0.0, 0.3104204149790734, 0.3595522143931021, 0.0, 0.2605845956612715, 0.14297403630219596, 0.05011907671335007, 0.0626669599099146, 0.12218492091859563, 0.027977941868787288, 0.0, 0.086937039706881]
[0.0, 0.07441492851320702, 0.19226129904830325, 0.0, 0.12336740201357158, 0.4781696125645073, 0.0, 0.11399452783251941, 0.0, 0.1016409253586, 0.0, 0.3301160290060877, 0.3655961516332728, 0.16560042316696083, 0.047619047619047616, 0.3074537279680287, 0.09765888691906344, 0.3541379341800882, 0.0573121800294027, 0.0, 0.0]
[0.0505860663424431, 0.0, 0.0, 0.15688110575508568, 0.020832917794863112, 0.13671156138174337, 0.06850987196672395, 0.0252505580266388, 0.3164321444780098, 0.0, 0.8359225360369236, 0.11142652272408293, 0.2526474279365783, 0.22110207556797137, 0.06833929467889935, 0.08948767794726717, 0.039142852452536285, 0.0, 0.22392819257543595, 0.11226601517076366, 0.23983024728757746]
[0.0, 0.2600551710006126, 0.0, 0.19301382025712704, 0.17864180310801164, 0.09586911578977682, 0.36911504410022133, 1.196606882489243, 0.0, 0.4409347985029014, 0.0, 0.578677309408832, 0.0, 0.0, 0.42072575614889474, 0.09619208007468427, 0.17864180310801164, 0.2239528086369761, 0.03579816557000689, 0.0, 0.590447731352915]
[0.2950787305881823, 0.20249380693646943, 0.6476183911781888, 0.1356466657884881, 0.27010282397468754, 0.2977761260980462, 0.2743972800034154, 0.2577611300897509, 0.049753992194410936, 0.13435033958977693, 0.04420379673105115, 0.1928351659694829, 0.3663605647974574, 0.265576975026239, 0.0, 0.7457768148363219, 1.5884922960030885, 0.21633615469066678, 0.2572832832118885, 0.0, 0.0523874996469453]
[0.27072754467903426, 0.11718124743809097, 0.16054777124065006, 0.10757566688441722, 0.14823341172537965, 0.3719342129235561, 0.5595096766378735, 0.4607726425003852, 0.0, 0.9287059614895374, 0.48024980136802087, 0.3872073598362065, 0.36501029809397556, 0.0, 0.3831311958691956, 0.3597626317014255, 0.0, 0.28829631850996107, 0.06136256566854028, 0.5168156509675226, 0.06628291567763611]
[0.1557442198822985, 0.44272684959591435, 0.1135853899280072, 0.302334605402187, 0.46910522599224364, 0.13770815902697894, 0.0651625542482288, 0.25528482848639694, 0.031077192482132067, 0.9379136954604345, 0.9682291758147454, 0.0, 0.12614801409304682, 0.09930353766732955, 0.0, 0.027133179484203355, 0.043599204097326295, 0.41853626486355877, 0.0605861552687264, 0.0, 0.09769071776003728]
[0.2623182540377625, 0.13739379339734245, 0.20448601392954063, 0.09215339592482129, 0.041612702253040375, 0.35473942637946204, 0.09718973197808768, 0.04875049026789802, 0.539631942559396, 0.25728567708669164, 0.1404655448722557, 1.120793349366909, 0.552432082129718, 0.0, 0.624271613424379, 0.14597984268293349, 0.0, 0.07544840648929187, 0.038328105552360346, 0.020694569268835335, 0.04140144012448155]
[0.15145931870232954, 0.1352939135757282, 0.14645167319144958, 0.2619534252071818, 1.3916234972619297, 0.11430537570049941, 0.6151144465350341, 0.32927085417506863, 0.2443871385674378, 0.12827391437452662, 0.4136032487256777, 0.3104442102763156, 0.055753026251418605, 0.42546327881185153, 0.19647908376267026, 0.047619047619047616, 0.36736935787851016, 0.15704602434883747, 0.5590643441864855, 0.1336444432030921, 0.36225476612808905]
[0.07646032406181931, 0.15680591749046485, 0.5012309239223406, 0.5544423383970138, 0.025992003869081636, 0.05700136056382607, 0.40486325799211503, 0.0809953577252574, 0.1055672719082735, 0.5001232437902154, 0.19047619047619047, 0.20094422911335355, 0.1195789461869488, 0.07562729830328761, 0.7789807823633266, 0.7157251629858085, 0.07312043687762845, 0.09602963985885263, 0.09843087854402235, 0.31492201347167315, 0.0]
[0.29127883621395356, 0.3095304666384664, 0.26585987986690074, 0.123708540981416, 0.0, 0.07424321357315344, 0.20712017850185388, 0.3353883825448807, 0.23383823183916821, 0.24150246288336302, 0.1789681438412357, 0.0, 0.1290294159056546, 0.278338389465237, 0.0, 0.16006260488764332, 0.0, 0.07424321357315344, 0.0, 0.0, 0.14850096742708319]
[0.42222056981673783, 0.0, 0.0, 0.16132102385880343, 0.07113265351466845, 0.8473102622184923, 0.24732013458145932, 0.0, 0.6118803009026068, 0.32551146087481886, 0.16343722910503022, 0.13899639831808974, 0.29401568009093887, 0.0, 0.0, 0.15731776180680007, 0.3780827606508097, 0.0, 0.1502957897299051, 0.5823951167263335, 0.0]
[0.28090539686123006, 0.068954970888621, 0.0, 0.29467023217298643, 1.1413877359945404, 0.0, 0.06218124055298739, 0.0, 0.0838826390052238, 0.07380457443367426, 0.5777547878565515, 0.245111562718029, 0.5979129669740093, 0.059435090675150536, 0.15720165166457914, 0.8734881494903749, 0.294821068528135, 0.0, 0.0, 0.0, 0.0467705986716358]
[0.0, 0.1981057262417129, 0.7756850025697227, 0.1623854275347774, 0.09562137953111587, 0.021601738332857702, 0.0, 0.30914151805789736, 0.6183874555376325, 0.1904296094514504, 0.8222429849440257, 0.4167322119894253, 0.0, 0.12963138154498835, 0.0, 0.06847287839768099, 0.31329143188999153, 0.0, 0.0, 0.0, 0.0]
[0.38849385108309875, 0.7620911750170211, 0.0, 0.1377274366292604, 1.898562272579667, 0.0, 4.265035386685538, 0.0, 0.07784477165027597, 0.046099596526342504, 0.13094029500925516, 0.16160291581826375, 0.18975902805429445, 0.0, 0.6825725174537972, 0.02328266645430303, 0.2511732300158564, 0.1258414489788859, 0.0, 0.0, 0.21385984330440233]
[0.35395380195965864, 0.0, 1.2447377178717596, 0.07609224144393062, 0.3888696721123361, 0.1830541697934236, 0.0, 0.038899229852778765, 0.22260418938795282, 0.35298024316113047, 0.3086130953218694, 0.06822549348586858, 0.05070554783660625, 0.0, 0.11254664807235874, 0.0, 0.5052330499873908, 0.062452221869607354, 0.09787519000625416, 0.11943187339844152, 0.0]
[0.7375463616082307, 0.14579066137703475, 0.0, 0.3408607748409262, 0.48139174052761846, 0.0, 0.0, 0.6187771363072281, 0.3902686958613803, 0.06794987464781756, 0.5758769383560705, 0.7915281009997699, 0.0, 0.16871357681588253, 0.1353185618159246, 0.0, 0.2508233638505799, 0.07860271627784181, 0.04417817818865911, 0.3430329317910365, 0.15674339238053683]
[0.25319415253763017, 0.4463848840982981, 0.6301812420979378, 0.6403531985645277, 0.2829327945887336, 0.7256628296619086, 0.0, 0.9786292763496988, 0.3870450669154339, 0.08742178269890864, 0.2773388829136377, 0.0, 0.7691753795514459, 0.32826692942351954, 0.08474170487055888, 0.5781296578967372, 0.19804101415416867, 0.0, 0.0, 0.0, 0.24772611683464527]
[0.3293685066752037, 0.29096882490440507, 0.6334730077675892, 0.4603469672975925, 0.7085964448187883, 0.3426535703455761, 0.2267615666581055, 0.12994538868177125, 0.09206194031439609, 0.2316650967147102, 0.34383095652517975, 0.0, 0.0, 0.0, 0.20715711800744926, 0.21496187699431088, 0.20108653684337222, 0.2402738950067463, 0.6387857703710129, 0.632819825945172, 0.0]
[0.42414690643819813, 0.0, 0.17122160863552513, 0.0, 0.18284978592866974, 0.12714508345214875, 0.3032414642433276, 0.0, 0.1730888809365502, 0.0, 0.37950107963103547, 0.07316256935393609, 0.18520853456893943, 0.7208480497523537, 0.0, 0.2831029016037111, 0.0, 0.13699353760597593, 0.14252722084189598, 0.0, 0.0]
