[0.14824067552884418, 0.0, 0.0, 0.0, 0.0, 0.037631491820017494, 0.02067162309374128, 0.0, 0.0, 0.0, 0.0, 0.15457023893083843, 0.016061957393373762, 0.0, 0.012959189358211698, 0.037631491820017494, 0.13073405765351795, 0.025697759219578332, 0.0, 0.018975646722884404, 0.05512234710511707]
[0.0, 0.056602228255498974, 0.0, 0.0, 0.0729489212944394, 0.09188755353291829, 0.025304195426759265, 0.0, 0.02086742009435381, 0.0, 0.08144924967061905, 0.15711562974112372, 0.0, 0.09414519156728471, 0.0467028192111424, 0.03876075006666637, 0.03027203253337315, 0.025423401877993627, 0.021637390057245888, 0.0, 0.045344325758161996]
[0.0, 0.027042141982487267, 0.03896752709434146, 0.0, 0.027279595534006752, 0.1586110975061144, 0.0, 0.023104415053413027, 0.0, 0.049098877679734, 0.0, 0.08612000942230225, 0.09410911798477173, 0.03445700236729213, 0.010529753707704089, 0.13384047008696057, 0.03548892055238996, 0.09112478437877836, 0.027685341380891345, 0.0, 0.0]
[0.021757807050432478, 0.0, 0.0, 0.04036776508603777, 0.027232334727332705, 0.050580047425769624, 0.018644480478195915, 0.03300697746730986, 0.06413447856903076, 0.0, 0.3570895159528369, 0.02258393168449402, 0.08730904545102801, 0.054807904220762704, 0.04250952885264442, 0.03466797726494925, 0.03027203253337315, 0.0, 0.08284814017159597, 0.03651120123409089, 0.09838499341692243]
[0.0, 0.0658390720685323, 0.0, 0.06462591886520386, 0.03717056342533656, 0.04123470896766299, 0.11173610034443082, 0.2595027997380211, 0.0, 0.13165235235577538, 0.0, 0.2129899263381958, 0.0, 0.0, 0.13004674797966367, 0.0743923754919143, 0.03717056342533656, 0.10818311146327426, 0.027685341380891345, 0.0, 0.12285632178896949]
[0.07606808912186395, 0.05559993925548735, 0.22169913564409527, 0.056505411863327026, 0.064524165221623, 0.11516242935543967, 0.074777052516029, 0.07949560312997726, 0.024034267380124045, 0.028171286696479433, 0.03418603113719395, 0.03908383846282959, 0.08093125905309405, 0.055455977008456274, 0.0, 0.15532833905447097, 0.4532205547605242, 0.03596079349517822, 0.07780465057918003, 0.0, 0.025306414990198044]
[0.08625644161587669, 0.023750299499148413, 0.0621970153990246, 0.021803440082640874, 0.02862175873347691, 0.09136545658111572, 0.11791774204799106, 0.2249052013669695, 0.0, 0.2681904435157776, 0.15371012120019822, 0.22189620704877944, 0.1571565582638695, 0.0, 0.21522980076926093, 0.11763262748718262, 0.0, 0.1382631744657244, 0.02964192912692115, 0.09005642363003322, 0.032018763678414476]
[0.04845645314171201, 0.08616545938310169, 0.0878438949584961, 0.09265592552366711, 0.15848861705689202, 0.033711678215435574, 0.03341320015135266, 0.123318422408331, 0.024034267380124045, 0.23450646797815958, 0.29863286302203224, 0.0, 0.04887037617819649, 0.01917409754934765, 0.0, 0.020984073479970295, 0.03371845540546235, 0.09019775759606134, 0.046855707963307694, 0.0, 0.050475574675060454]
[0.07473275916916983, 0.04034359114510672, 0.039483334336962016, 0.027059438682737802, 0.020101518858046757, 0.13742784091404506, 0.05398853903725034, 0.037702322006225586, 0.14523922545569282, 0.05038266948291233, 0.08649978467396327, 0.3018519112042018, 0.19205439658392043, 0.0, 0.2803543153263274, 0.04810793484960283, 0.0, 0.03644626481192453, 0.02964192912692115, 0.027051488558451332, 0.032018763678414476]
[0.05265142520268758, 0.022489428520202637, 0.03964074168886457, 0.11296854274613516, 0.3681843394324893, 0.042681452773866195, 0.14791394273440042, 0.18614617983500162, 0.05085040274120512, 0.024767864318121047, 0.16009813972881862, 0.07866996810549781, 0.02159900324685233, 0.1297479129972912, 0.07427104881831577, 0.01844785894666399, 0.0724784703481765, 0.04160145634696597, 0.1630499306179228, 0.022215242896761214, 0.1077877850759597]
[0.039757710127603436, 0.048863040549414496, 0.10429269926888601, 0.15279442355746314, 0.020101518858046757, 0.02451711893081665, 0.12746041871252514, 0.029966368561699274, 0.05593703190485636, 0.15672881475516728, 0.14255847817375544, 0.09346219755354382, 0.052253110068184984, 0.027980313414619082, 0.22188345591227213, 0.1709513011432829, 0.027052833920433405, 0.05748027988842555, 0.019949974048705327, 0.12200237455822172, 0.0]
[0.08470940589904785, 0.05145215420495896, 0.07196150507245745, 0.09567286854698544, 0.0, 0.015448019618079775, 0.0521362026532491, 0.08085127955391293, 0.04150117153213138, 0.07091351350148518, 0.09641472214744204, 0.0, 0.037887519314175555, 0.05902682883398873, 0.0, 0.033304731051127114, 0.0, 0.015448019618079775, 0.0, 0.0, 0.09310850926807948]
[0.10477698700768606, 0.0, 0.0, 0.033566574255625405, 0.03059519472576323, 0.17571271601177396, 0.05552170532090323, 0.0, 0.20345351241883777, 0.07313061895824613, 0.04522636390867687, 0.05978438400086902, 0.05845568435532706, 0.0, 0.0, 0.08984034118198213, 0.11865794374829246, 0.0, 0.029019974526904878, 0.11858560073943364, 0.0]
[0.07000817003704252, 0.025058011213938393, 0.0, 0.1267419769650414, 0.4987588609967913, 0.0, 0.02674506107966105, 0.0, 0.016196541842960176, 0.035652191866011845, 0.20134846795172917, 0.23371544906071254, 0.16038377512068974, 0.01246266279901777, 0.04752425778479803, 0.21437137609436396, 0.10907682918366932, 0.0, 0.0, 0.0, 0.0361711269333249]
[0.0, 0.03293041388193766, 0.226837986991519, 0.03378804808571225, 0.02602268684478033, 0.02823732012794131, 0.0, 0.10180224123455228, 0.20759924820491243, 0.045259431714103335, 0.19179384765170868, 0.15418107169015066, 0.0, 0.026972810427347817, 0.0, 0.05295508816128685, 0.1188794175783793, 0.0, 0.0, 0.0, 0.0]
[0.120432178179423, 0.13478973933628627, 0.0, 0.06653090318044026, 0.35479146242141724, 0.0, 0.9016311509268624, 0.0, 0.037603857971373056, 0.035652191866011845, 0.06495259347416106, 0.09713874544416154, 0.0979690963313693, 0.0, 0.1420250166030157, 0.018006189948036558, 0.0973057746887207, 0.06078923316228957, 0.0, 0.0, 0.07335616861070905]
[0.12207997412908644, 0.0, 0.2890684945242745, 0.015422378267560686, 0.15033536297934394, 0.041611352137156894, 0.0, 0.050848222914196196, 0.06455573865345546, 0.07352247976121448, 0.05129966281709217, 0.013827945504869732, 0.010632206286702837, 0.0, 0.0416396004813058, 0.0, 0.1143456669080825, 0.013095310756138392, 0.03621150766100202, 0.030731538931528725, 0.0]
[0.18267916781561713, 0.047316000575111025, 0.0, 0.12421423906371706, 0.1590443622498285, 0.0, 0.0, 0.21709074576695758, 0.184550594715845, 0.029226234980991906, 0.18178640944617133, 0.31096046169598895, 0.0, 0.028044660886128742, 0.028374308631533667, 0.0, 0.04169348024186634, 0.06078923316228957, 0.02134080302147638, 0.07435696323712666, 0.06072317986261277]
[0.14643920035589308, 0.09633404726073855, 0.19712700162615093, 0.19908143509001958, 0.13936813956215266, 0.1521608034769694, 0.0, 0.2873595555623372, 0.1124241692679269, 0.03176879031317575, 0.0499096895967211, 0.0, 0.30107846501327695, 0.09276575985408964, 0.01776908692859468, 0.14760582219986687, 0.09388946351550874, 0.0, 0.0, 0.0, 0.051545154480707074]
[0.07271637803032284, 0.09807754698253812, 0.2088884881564549, 0.07995369604655674, 0.1802165224438622, 0.11335462047940208, 0.1553080841189339, 0.04588286720571064, 0.035665259474799746, 0.06135187404496329, 0.08896883896418979, 0.0, 0.0, 0.0, 0.06884874616350446, 0.054643219425564715, 0.0375449103968484, 0.045268223399207705, 0.1820911012944721, 0.14466245614347004, 0.0]
[0.15479643430028642, 0.0, 0.1324182010832287, 0.0, 0.047049880027770996, 0.02576977014541626, 0.1121921766371954, 0.0, 0.05082490898313976, 0.0, 0.11326094468434651, 0.021483072212764194, 0.09787565469741821, 0.27834866586185636, 0.0, 0.09274696168445405, 0.0, 0.04022606213887532, 0.02888742231187366, 0.0, 0.0]
