[0.0, 0.7588489651679993, 0.0, 0.0, 0.0, 0.0, 0.0, 0.0, 0.0, 0.0, 0.0, 0.7659468054771423, 0.0, 0.0, 0.0, 0.0, 0.0, 0.0, 0.0, 0.0, 0.0]
[0.0, 0.8097823858261108, 1.0158509016036987, 0.0, 0.0, 0.0, 0.7929026484489441, 0.8172885179519653, 1.2567849159240723, 0.0, 0.0, 0.8173567056655884, 0.0, 0.6515461802482605, 0.0, 0.6310003995895386, 1.0425913333892822, 0.0, 0.0, 0.0, 0.0]
[1.1801060438156128, 0.0, 0.0, 1.3401918411254883, 0.0, 0.0, 0.0, 0.0, 0.0, 0.0, 3.2546170949935913, 1.383918046951294, 4.023816108703613, 1.103173851966858, 0.0, 1.241832971572876, 0.0, 0.0, 0.0, 0.0, 0.0]
[0.9299880862236023, 0.0, 0.0, 0.0, 0.0, 1.4380595684051514, 0.0, 0.0, 0.0, 0.0, 0.0, 1.1777923107147217, 0.0, 0.942589282989502, 0.0, 0.0, 2.576977014541626, 2.373416543006897, 0.0, 0.0, 0.0]
[0.9823067784309387, 0.0, 1.1562401056289673, 0.0, 0.0, 0.0, 0.0, 2.4040095806121826, 0.7212598919868469, 0.0, 1.0386523008346558, 1.2440518140792847, 0.0, 1.4956707954406738, 0.0, 0.0, 0.0, 0.0, 0.0, 0.0, 0.0]
[0.7520846128463745, 0.0, 0.0, 0.0, 0.0, 0.0, 0.0, 0.0, 0.0, 0.0, 0.888439416885376, 1.6049445867538452, 0.0, 0.6396812796592712, 0.0, 0.3600417375564575, 0.0, 0.5408728718757629, 0.7058084607124329, 0.0, 0.9307682514190674]
[1.1531524658203125, 0.0, 0.0, 0.0, 0.0, 0.0, 1.3118504285812378, 0.8123514652252197, 0.9383118152618408, 0.0, 0.0, 2.193077504634857, 0.0, 1.0779772996902466, 0.0, 0.6067347526550293, 0.0, 0.0, 1.1894135475158691, 0.0, 1.5685110092163086]
[0.0, 0.0, 4.229483127593994, 0.0, 0.0, 0.0, 0.0, 2.550346851348877, 0.6634464859962463, 0.0, 0.9553979635238647, 0.0, 2.5090787410736084, 1.3757835626602173, 1.4546219110488892, 0.38717684149742126, 0.0, 0.5816365480422974, 0.0, 0.0, 1.0009169578552246]
[0.60716313123703, 0.0, 3.4365395307540894, 0.0, 0.0, 0.0, 0.0, 0.0, 1.0006426572799683, 1.747727870941162, 1.5766035318374634, 1.6086434721946716, 0.0, 0.7175660133361816, 0.0, 0.31946077942848206, 0.0, 0.0, 0.0, 0.0, 0.0]
[0.7885314226150513, 0.5860674977302551, 1.6633601188659668, 0.0, 1.7553291320800781, 0.0, 2.6040072441101074, 0.9648905992507935, 1.1145031452178955, 2.4414618015289307, 1.3098411560058594, 0.5915492177009583, 0.0, 0.0, 0.0, 0.0, 0.0, 0.0, 0.0, 0.0, 0.0]
[0.0, 0.0, 0.9406479597091675, 0.0, 0.0, 1.2262173891067505, 1.3195304870605469, 0.9778794050216675, 1.12950599193573, 2.534060478210449, 1.5687133073806763, 1.416921615600586, 0.9154702425003052, 0.0, 1.1942063570022583, 0.0, 0.0, 1.0770658254623413, 0.0, 0.0, 0.0]
[0.7245921492576599, 1.2921825647354126, 1.8799278736114502, 0.0, 0.0, 1.1992250680923462, 1.196428656578064, 0.0, 0.0, 0.0, 1.0863529443740845, 1.835333228111267, 1.6601279973983765, 0.7344102263450623, 0.6964668035507202, 0.0, 0.0, 0.5569702386856079, 0.0, 0.9573702812194824, 0.9584696292877197]
[0.7261167168617249, 0.8436309099197388, 0.0, 0.0, 0.0, 0.0, 1.8895514011383057, 0.7881442308425903, 0.9103510975837708, 0.9971203207969666, 0.9656593799591064, 0.0, 2.4758450984954834, 2.010378420352936, 0.0, 0.3820485770702362, 0.0, 0.8680857419967651, 1.5865520238876343, 0.909335196018219, 0.0]
[0.0, 0.0, 0.0, 0.0, 0.0, 0.0, 0.0, 0.0, 3.1512348651885986, 0.0, 1.6713440418243408, 0.0, 0.0, 2.763415575027466, 0.0, 0.7776880860328674, 0.0, 0.0, 1.5245420932769775, 0.0, 0.0]
[1.0221437215805054, 0.0, 0.0, 0.0, 0.0, 0.0, 0.0, 0.0, 0.0, 0.0, 1.5324604511260986, 2.606550455093384, 7.629692554473877, 0.0, 0.0, 0.0, 0.0, 0.0, 0.0, 0.0, 0.0]
[1.5893108546733856, 1.5375356674194336, 0.6495497226715088, 0.5061166286468506, 1.2729244232177734, 2.7973573207855225, 0.9441831707954407, 0.0, 0.4018031656742096, 0.8852460384368896, 0.5786177515983582, 1.2468227744102478, 0.0, 0.996181070804596, 0.0, 1.6206814050674438, 0.0, 0.0, 0.0, 0.0, 0.0]
[0.0, 1.2994085550308228, 0.0, 0.0, 0.0, 0.7303268313407898, 0.8186604976654053, 0.0, 1.0298588275909424, 0.0, 0.0, 0.9227982759475708, 0.0, 0.0, 0.0, 1.0670137405395508, 0.0, 0.0, 0.0, 0.0, 0.0]
[0.0, 0.0, 0.0, 0.6897550821304321, 0.0, 0.8488706350326538, 0.0, 1.25523042678833, 0.0, 0.0, 0.7885624766349792, 2.011399030685425, 0.58756023645401, 1.0876210927963257, 0.600304901599884, 0.0, 0.8006305694580078, 0.0, 0.0, 0.0, 0.0]
[0.0, 0.47002166509628296, 0.6204666495323181, 0.596358060836792, 0.0, 0.0, 0.0, 0.0, 0.0, 1.3797040581703186, 1.4720916748046875, 1.2316306829452515, 1.7905161380767822, 0.9817798137664795, 1.55705988407135, 0.27629518508911133, 0.0, 1.125514656305313, 0.5416357517242432, 0.0, 0.0]
[0.5701807141304016, 1.0168169736862183, 2.6845614910125732, 0.0, 1.2692643404006958, 1.5326764583587646, 0.9414682984352112, 1.0057313442230225, 1.611776351928711, 0.6229581236839294, 1.5070477724075317, 0.6806114912033081, 0.0, 0.0, 1.1472625732421875, 0.9161009788513184, 0.0, 0.45873767137527466, 0.5986266732215881, 0.0, 0.0]
[0.0, 0.493821382522583, 0.0, 0.0, 0.0, 1.8331867456436157, 0.0, 2.6353354454040527, 1.3318768739700317, 0.8573744297027588, 0.0, 1.5675853490829468, 0.0, 0.0, 0.7300427556037903, 0.38863110542297363, 0.8645047545433044, 0.0, 0.0, 1.0035240650177002, 0.0]
