[0.0, 0.2418698692736502, 0.0, 0.0, 0.0, 0.0, 0.0, 0.0, 0.0, 0.0, 0.0, 0.24413218204799472, 0.0, 0.0, 0.0, 0.0, 0.0, 0.0, 0.0, 0.0, 0.0]
[0.0, 0.25810400855788834, 0.32378475302791077, 0.0, 0.0, 0.0, 0.25272388674157276, 0.869415793615115, 0.4005782669181791, 0.0, 0.0, 0.2605181908701824, 0.0, 0.20766897851340504, 0.0, 0.671246079114544, 1.1090885918798121, 0.0, 0.0, 0.0, 0.0]
[0.376138214122142, 0.0, 0.0, 0.4271627692644628, 0.0, 0.0, 0.0, 0.0, 0.0, 0.0, 2.3206553717114824, 0.44109973455317336, 1.2825211878333236, 0.3516174200781332, 0.0, 0.3958125954978984, 0.0, 0.0, 0.0, 0.0, 0.0]
[0.9893034250166916, 0.0, 0.0, 0.0, 0.0, 0.45835639999966565, 0.0, 0.0, 0.0, 0.0, 0.0, 1.252912789108831, 0.0, 1.002708335578972, 0.0, 0.0, 0.8213664671604257, 1.6903364085892703, 0.0, 0.0, 0.0]
[1.0449590427174407, 0.0, 1.2299859681916085, 0.0, 0.0, 0.0, 0.0, 2.5573391176763374, 0.22988900795109413, 0.0, 0.3310523012547532, 1.323398373375452, 0.0, 0.47671897357014087, 0.0, 0.0, 0.0, 0.0, 0.0, 0.0, 0.0]
[0.800053134457442, 0.0, 0.0, 0.0, 0.0, 0.0, 0.0, 0.0, 0.0, 0.0, 0.28317456500985116, 0.5115480882334278, 0.0, 0.20388724843781833, 0.0, 0.11475702279775682, 0.0, 0.17239379220250042, 0.22496413378775393, 0.0, 0.29666614257680923]
[0.36754723135031053, 0.0, 0.0, 0.0, 0.0, 0.0, 0.4181294384413907, 0.8641638519564956, 0.9981580477461922, 0.0, 0.0, 1.3254179958208492, 0.0, 0.34358645860223336, 0.0, 0.1933861177183838, 0.0, 0.0, 0.379104818554088, 0.0, 0.49993552098926686]
[0.0, 0.0, 4.49924273887204, 0.0, 0.0, 0.0, 0.0, 0.8128785672148282, 0.21146199336576713, 0.0, 0.30451643363665953, 0.0, 0.7997250770005534, 0.43850700959418804, 0.4636353577817579, 0.12340586379798775, 0.0, 0.18538650284463765, 0.0, 0.0, 0.3190248189857212]
[0.1935226559181891, 0.0, 2.3370807911494387, 0.0, 0.0, 0.0, 0.0, 0.0, 1.0644643976942942, 1.3736439712544086, 0.5025148713979999, 1.1807516063568715, 0.0, 0.7633329127383838, 0.0, 0.10182255034283304, 0.0, 0.0, 0.0, 0.0, 0.0]
[0.8388245491338385, 0.18679879075827696, 1.2216862556419703, 0.0, 1.86728534281553, 0.0, 2.770092782400447, 1.0264320465452774, 1.1855869930906182, 2.5971800693791445, 0.41748901786042, 0.18854599336850283, 0.0, 0.0, 0.0, 0.0, 0.0, 0.0, 0.0, 0.0, 0.0]
[0.0, 0.0, 1.0006431932413984, 0.0, 0.0, 0.39083540100587255, 1.403691132822828, 1.0402492881060608, 1.201546732643008, 1.7294341258291264, 0.5, 0.45161904630185706, 0.9738596223141894, 0.0, 0.3806324429657123, 0.0, 0.0, 1.1457618929562603, 0.0, 0.0, 0.0]
[0.77080718088732, 1.3745989394666642, 1.2346405126424935, 0.0, 0.0, 1.275712543853364, 1.272737775111896, 0.0, 0.0, 0.0, 1.1556413512891446, 1.9523921601946825, 1.7660122082439567, 0.7812514623071893, 0.2219866435357873, 0.0, 0.0, 0.17752454704919804, 0.0, 0.3051450754943967, 0.3054954735126531]
[0.23143703615102937, 0.2688926351139242, 0.0, 0.0, 0.0, 0.0, 1.3946246003409568, 0.8384126619792521, 0.9684139744891197, 1.0607174039442506, 1.0272498606647131, 0.0, 0.7891324332007708, 1.127153497278107, 0.0, 0.12177131897610827, 0.0, 0.9234529027709175, 1.1297399644847623, 0.9673332779585208, 0.0]
[0.0, 0.0, 0.0, 0.0, 0.0, 0.0, 0.0, 0.0, 3.3522229922561912, 0.0, 1.777943620409465, 0.0, 0.0, 0.8807905058323298, 0.0, 0.24787451039457126, 0.0, 0.0, 0.4859211960860291, 0.0, 0.0]
[1.0873368160285986, 0.0, 0.0, 0.0, 0.0, 0.0, 0.0, 0.0, 0.0, 0.0, 1.6302019299601618, 1.7952601242389274, 2.4318313992036518, 0.0, 0.0, 0.0, 0.0, 0.0, 0.0, 0.0, 0.0]
[1.3586393421853766, 1.2498249472062464, 0.2070326424896847, 0.16131584600755616, 1.3541124992153473, 2.3018212195261283, 1.0044038827465822, 0.0, 0.12806774946822863, 0.9417076958096695, 0.18442431414204424, 0.9369618127852712, 0.0, 0.749325226710325, 0.0, 1.7240496826198963, 0.0, 0.0, 0.0, 0.0, 0.0]
[0.0, 1.3822858088516425, 0.0, 0.0, 0.0, 0.23277893669437807, 0.2609337518250372, 0.0, 1.0955439972963563, 0.0, 0.0, 0.9816550432399083, 0.0, 0.0, 0.0, 0.852968872475732, 0.0, 0.0, 0.0, 0.0, 0.0]
[0.0, 0.0, 0.0, 0.21984739942129233, 0.0, 0.903012241849282, 0.0, 1.3352899664010154, 0.0, 0.0, 0.2513405326916184, 1.6090198040226271, 0.6250352697397996, 0.7339748983126447, 0.19133671486545545, 0.0, 0.8516953886519255, 0.0, 0.0, 0.0, 0.0]
[0.0, 0.49999999999999994, 0.660040478565192, 0.1900787282261752, 0.0, 0.0, 0.0, 0.0, 0.0, 1.0477556172376499, 1.0580191353920405, 0.39256079398017574, 0.5706957828599211, 0.31292518816130405, 0.4962856746180141, 0.08806427018536898, 0.0, 0.8880577370375663, 0.17263694684550973, 0.0, 0.0]
[0.6065472684260216, 1.0816703241518935, 2.8557848396867476, 0.0, 1.3502189735665584, 1.1915926077808008, 1.0015158537876687, 0.3205593206518786, 1.7145766585020519, 0.19855703421171958, 0.4803451865031638, 0.2169330393262692, 0.0, 0.0, 0.3656699308421764, 0.291991205321308, 0.0, 0.1462146299189753, 0.1908018088471282, 0.0, 0.0]
[0.0, 0.5253176812832923, 0.0, 0.0, 0.0, 1.950108773462699, 0.0, 1.8497849827629715, 0.4245125185410402, 0.9120584149319237, 0.0, 1.0222115015419893, 0.0, 0.0, 0.23268839250900558, 0.12386938505413767, 0.9196435172474575, 0.0, 0.0, 0.3198557889119051, 0.0]
