[3.458049886621315, 6.528722600151172, 3.448601662887377, 7.2656840513983365, 3.429705215419501, 18.159486016628872, 11.78193499622071, 10.978835978835978, 3.580876795162509, 14.569160997732425, 7.397959183673469, 11.205593348450492, 3.91156462585034, 15.58956916099773, 6.9727891156462585, 6.77437641723356, 3.779289493575208, 3.741496598639456, 3.476946334089191, 3.2029478458049887, 15.136054421768707]
[7.312925170068027, 0.0, 10.582010582010582, 3.741496598639456, 11.810279667422524, 14.777021919879061, 8.286092214663643, 3.7037037037037033, 7.842025699168556, 7.312925170068027, 6.934996220710507, 3.9682539682539675, 6.897203325774754, 10.931594860166287, 4.157218442932728, 21.787603930461074, 4.1005291005291, 7.208994708994709, 3.306878306878307, 0.0, 7.227891156462585]
[3.1368102796674227, 11.980347694633409, 10.241874527588813, 11.177248677248677, 7.568027210884353, 7.738095238095238, 7.15230536659108, 7.303476946334088, 22.496220710506424, 18.187830687830687, 18.216175359032498, 7.927059712773998, 10.903250188964474, 25.81254724111867, 0.0, 3.6281179138321993, 11.87641723356009, 10.204081632653061, 0.0, 8.219954648526077, 0.0]
[29.969765684051396, 10.997732426303855, 3.0328798185941044, 3.8548752834467117, 7.161753590325018, 3.845427059712774, 7.350718065003779, 14.786470143613002, 22.382842025699166, 6.613756613756614, 11.044973544973544, 18.69803476946334, 13.803854875283449, 17.800453514739225, 11.489040060468632, 7.0578231292517, 0.0, 6.094104308390023, 7.208994708994709, 4.138321995464852, 11.422902494331064]
[7.87037037037037, 15.117157974300833, 7.549130763416477, 0.0, 3.977702191987906, 7.7286470143613, 4.015495086923658, 7.7003023431594855, 11.772486772486772, 0.0, 18.613000755857897, 10.667044595616023, 18.386243386243386, 3.95880574452003, 7.265684051398336, 11.101662887377174, 3.902116402116402, 0.0, 7.256235827664399, 11.167800453514738, 0.0]
[15.2588813303099, 7.719198790627361, 0.0, 11.177248677248677, 3.7887377173091457, 4.14777021919879, 11.186696900982614, 10.73318216175359, 11.082766439909296, 18.301209372637945, 22.855253212396068, 3.892668178382464, 3.5903250188964475, 6.849962207105063, 7.68140589569161, 6.9916855631141335, 15.400604686318971, 10.950491307634163, 7.1145124716553285, 0.0, 7.549130763416477]
[22.363945578231288, 11.621315192743765, 4.043839758125472, 15.003779289493574, 0.0, 7.96485260770975, 7.596371882086167, 11.44179894179894, 18.99092970521542, 11.186696900982614, 0.0, 19.198790627362055, 7.558578987150416, 7.2656840513983365, 0.0, 14.899848828420255, 0.0, 14.70143613000756, 7.4074074074074066, 11.507936507936506, 0.0]
[3.6848072562358274, 3.8265306122448983, 15.561224489795919, 11.498488284202569, 3.9871504157218443, 3.599773242630385, 8.097127739984881, 15.107709750566892, 8.068783068783068, 4.157218442932728, 7.955404383975812, 7.91761148904006, 7.511337868480725, 10.950491307634163, 3.741496598639456, 0.0, 3.845427059712774, 0.0, 8.040438397581255, 0.0, 8.078231292517005]
[22.15608465608466, 3.4863945578231292, 19.132653061224488, 7.379062736205592, 14.729780801209372, 11.281179138321995, 15.296674225245653, 19.009826152683296, 25.73696145124716, 22.392290249433106, 15.523431594860165, 19.321617535903247, 26.814058956916092, 13.964474678760391, 17.72486772486772, 18.75472411186697, 22.84580498866213, 22.486772486772484, 14.417989417989418, 14.805366591080876, 15.532879818594104]
[11.177248677248677, 17.904383975812546, 14.446334089191232, 11.715797430083144, 3.779289493575208, 22.55291005291005, 7.96485260770975, 14.540816326530612, 7.785336356764927, 25.122826908541192, 21.59863945578231, 14.758125472411187, 21.900982615268333, 20.540438397581255, 10.903250188964472, 11.044973544973544, 17.743764172335595, 14.210128495842781, 3.571428571428571, 6.9916855631141335, 11.375661375661375]
[21.957671957671955, 25.340136054421766, 18.395691609977323, 12.06538170823885, 22.439531368102795, 3.28798185941043, 22.66628873771731, 15.863567649281935, 15.013227513227513, 29.601284958427815, 7.44520030234316, 23.006424792139075, 10.695389266817836, 22.193877551020407, 11.961451247165531, 15.759637188208616, 19.331065759637188, 11.167800453514738, 11.791383219954648, 7.511337868480725, 15.258881330309901]
[14.474678760393047, 18.150037792894935, 25.765306122448976, 22.978080120937264, 15.627362055933483, 19.009826152683296, 10.648148148148147, 3.467498110355253, 18.801965230536656, 11.111111111111109, 19.19879062736205, 14.795918367346937, 7.624716553287982, 14.26681783824641, 18.74527588813303, 11.290627362055933, 7.020030234315948, 10.761526832955404, 3.259637188208617, 0.0, 0.0]
[13.728269085411942, 18.51851851851852, 11.290627362055933, 12.150415721844292, 15.136054421768707, 21.53250188964475, 10.87490551776266, 10.657596371882086, 22.713529856387, 15.192743764172334, 18.376795162509445, 14.058956916099774, 21.50415721844293, 13.605442176870747, 11.016628873771731, 21.31519274376417, 22.165532879818592, 10.30801209372638, 6.72713529856387, 13.633786848072562, 10.752078609221465]
[19.22713529856387, 14.975434618291759, 14.937641723356009, 8.030990173847316, 15.230536659108086, 14.984882842025698, 23.12925170068027, 7.426303854875283, 15.939153439153438, 25.784202569916857, 27.399848828420254, 7.511337868480725, 18.08390022675737, 6.925547996976569, 0.0, 14.389644746787605, 7.426303854875283, 7.161753590325018, 11.53628117913832, 7.397959183673469, 3.9965986394557818]
[17.743764172335602, 22.089947089947092, 15.428949357520787, 11.885865457294027, 7.341269841269842, 19.17989417989418, 15.400604686318971, 15.410052910052912, 3.3730158730158726, 16.099773242630384, 21.617535903250186, 16.02418745275888, 29.459561602418738, 15.098261526832953, 4.1005291005291, 3.580876795162509, 11.356764928193499, 11.602418745275887, 4.157218442932728, 3.9210128495842778, 4.081632653061224]
[3.618669690098262, 18.669690098261526, 25.699168556311413, 11.460695389266817, 18.74527588813303, 11.489040060468632, 15.051020408163263, 19.019274376417233, 10.959939531368102, 26.568405139833708, 14.767573696145124, 15.532879818594104, 7.77588813303099, 22.052154195011333, 3.221844293272865, 11.507936507936508, 15.258881330309901, 7.0578231292517, 0.0, 7.086167800453514, 7.719198790627361]
[3.4202569916855627, 11.271730914588057, 18.433484504913075, 3.7037037037037033, 0.0, 19.151549508692362, 19.416099773242628, 7.208994708994709, 7.690854119425548, 22.2411186696901, 11.441798941798943, 18.773620559334844, 17.677626606198032, 14.937641723356009, 3.382464096749811, 11.649659863945576, 6.623204837490552, 0.0, 3.401360544217687, 8.021541950113377, 4.138321995464852]
[30.980725623582764, 18.329554043839757, 15.306122448979593, 19.06651549508692, 4.138321995464852, 18.310657596371883, 22.64739229024943, 15.702947845804989, 18.150037792894935, 26.181027966742253, 18.50907029478458, 22.55291005291005, 10.563114134542705, 13.737717309145879, 15.334467120181408, 7.105064247921391, 11.139455782312924, 6.405895691609977, 3.7037037037037033, 3.0990173847316704, 7.020030234315948]
[11.460695389266817, 18.679138321995463, 23.41269841269841, 4.0910808767951625, 19.567271352985635, 19.680650037792894, 0.0, 11.233938019652307, 11.64021164021164, 15.22108843537415, 19.113756613756614, 15.617913832199548, 15.759637188208615, 11.111111111111109, 10.44028722600151, 3.8265306122448983, 7.927059712773998, 3.741496598639456, 0.0, 15.334467120181404, 7.738095238095238]
[7.218442932728647, 18.849206349206348, 12.01814058956916, 11.829176114890402, 14.446334089191232, 7.77588813303099, 11.923658352229781, 27.305366591080876, 22.278911564625847, 13.879440665154949, 14.36130007558579, 7.379062736205592, 18.92479213907785, 14.606953892668177, 3.7037037037037033, 18.499622071050638, 4.109977324263038, 3.165154950869237, 10.175736961451246, 10.109599395313682, 0.0]
[7.974300831443687, 11.205593348450492, 19.17044595616024, 11.422902494331066, 11.318972033257747, 15.986394557823129, 15.74074074074074, 23.12925170068027, 7.709750566893423, 14.777021919879061, 4.138321995464852, 10.808767951625095, 3.467498110355253, 6.708238851095993, 15.447845804988662, 10.770975056689341, 11.555177626606197, 3.5525321239606953, 10.893801965230537, 4.015495086923658, 16.07142857142857]
