[0.0, 0.0, 0.11469921043940952, 0.0, 0.16973171915326798, 0.0, 0.0, 0.0, 0.0, 0.0, 0.0, 0.04930159875324794, 0.0, 0.04654002615383693, 0.0, 0.139627388545445, 0.25621061665671213, 0.0, 0.0, 0.0, 0.0]
[0.0, 0.0, 0.0, 0.6229403359549386, 0.4737209890569959, 0.0, 0.0, 0.0, 0.13900588239942277, 0.0, 0.3014003889901297, 0.3632311139787946, 0.23233570371355328, 0.0, 0.0, 0.0, 0.0, 0.0, 0.0, 0.0, 0.0]
[0.09734786408288137, 0.18741401604243685, 0.4351953523499625, 0.0, 0.0, 0.0, 0.22649390356881277, 0.1597799403326852, 0.0, 0.07115755762372698, 0.0, 0.05842466439519609, 0.0, 0.0, 0.0, 0.386154191834586, 0.23322549888065883, 0.18729659489222933, 0.1282396912574768, 0.49267161743981497, 0.0]
[0.0, 0.0, 0.0, 0.0, 0.13034928909369878, 0.0, 0.07826346158981323, 0.1436798231942313, 0.23708019937787736, 0.0, 0.0, 0.0, 0.0, 0.2906760147639683, 0.0, 0.3699729868343898, 0.1657288819551468, 0.225327730178833, 0.0, 0.07793453761509486, 0.0]
[0.06105613708496094, 0.0, 0.18937337398529053, 0.0, 0.0, 0.0, 0.0, 0.214263950075422, 0.14178165367671422, 0.0, 0.28442777906145367, 0.040699541568756104, 0.09316063778741018, 0.3155859538487025, 0.0, 0.07942777020590645, 0.26526524339403423, 0.0, 0.0, 0.0, 0.0]
[0.0, 0.4401955263955252, 0.0, 0.07800246136529104, 0.0, 0.0, 0.0, 0.1193528515951974, 0.22273541348321096, 0.07723481314522879, 0.0, 0.0, 0.0, 0.0, 0.0, 0.0, 0.11232651131493704, 0.25331624916621615, 0.0, 0.2849575110844203, 0.0]
[0.0, 0.12207926171166555, 0.2482333012989589, 0.21089964253561835, 0.1520268746784755, 0.21300576414380754, 0.0, 0.0, 0.0, 0.0, 0.0, 0.30383425099509104, 0.0, 0.0, 0.0, 0.0, 0.04782956838607788, 0.0, 0.0, 0.0, 0.2971596377236502]
[0.06500168783324105, 0.1486654622214181, 0.0, 0.32887316601616995, 0.11628353595733643, 0.24822296840803962, 0.0, 0.0, 0.0, 0.0, 0.14297873633248465, 0.24367819087845938, 0.11021573202950613, 0.0, 0.0, 0.0, 0.0, 0.20106668131692068, 0.0, 0.0, 0.12387039831706455]
[0.0, 0.33787109170641216, 0.0, 0.06496902023042951, 0.0, 0.1308287807873317, 0.0, 0.9418281657355172, 0.060289191348212104, 0.0, 0.0, 0.639366090297699, 0.0, 0.0, 0.07933908700942993, 0.11034620659691946, 0.3002689778804779, 0.1928429773875645, 0.15786114760807582, 0.06354397109576633, 0.17530805724007742]
[0.6265867607934134, 0.0, 0.13592816250664846, 0.07207075187138148, 0.08438434771129062, 0.22687106473105292, 0.1770648615700858, 0.06665446077074323, 0.19960232291902813, 0.0, 0.42046756403786795, 0.19753357342311312, 0.5481146403721401, 0.0, 0.0, 0.14012797815459113, 0.0, 0.0, 0.0, 0.0, 0.0]
[0.0, 0.0, 0.0, 0.6138613564627511, 0.0, 0.23072241033826554, 0.0, 0.0, 0.0, 0.2941697665623256, 0.0, 0.0, 0.0, 0.0, 0.0, 0.1757908591202327, 0.09523897511618477, 0.0, 0.0, 0.10730483702250888, 0.0]
[1.2146147319248743, 0.12333297729492188, 0.3577255521501813, 0.07976488556180682, 0.05111274974686759, 0.0, 0.0, 0.2181504453931536, 0.0, 0.12194448709487915, 0.0, 0.13449989897864204, 0.0, 0.0, 0.0, 0.4655582223619733, 0.1319186006273542, 0.10361087322235107, 0.09828320571354457, 0.0, 0.0]
[0.0, 0.0, 0.0, 0.5334172930036272, 0.07589529241834368, 0.2123734780720302, 0.0, 0.14099209649222236, 0.3212835448128836, 0.0, 0.0, 0.0, 0.0, 0.0, 0.0, 0.0, 0.0, 1.1882329668317522, 0.0, 0.0, 0.13522189004080634]
[0.0, 0.0, 0.2256600260734558, 0.07433214357921054, 0.10365766286849976, 0.0, 0.0, 0.0, 0.0, 0.0, 0.12944312606539043, 0.1271814959389823, 0.48360020773751394, 0.0, 0.05574099932398115, 0.0735255309513637, 0.0, 0.08083652598517281, 0.0, 0.0, 0.0]
[0.1585530596120017, 0.09459337166377475, 0.0, 0.07388997929436819, 0.2671173300061907, 0.0, 0.0, 0.0, 0.09381308725902011, 0.0, 0.32843940598624094, 0.07066238777978079, 0.0, 0.0, 0.0, 0.02871561050415039, 0.0, 0.0, 0.17898178100585938, 0.0, 0.0]
[0.6976913724626813, 0.24826020428112575, 0.0, 0.17129456996917725, 0.0, 0.12172258751732962, 0.0, 0.0, 0.07786654574530465, 0.0, 0.0, 0.0, 0.0, 0.0, 0.0, 0.04750590664999825, 0.1093292236328125, 0.3555373506886618, 0.16222459929330008, 0.0, 0.0]
[0.0, 0.0, 1.0371945244925362, 0.40881865365164616, 0.0, 0.0, 0.5979934419904436, 0.03262193288121904, 0.0, 0.0, 0.0, 0.0, 0.0, 0.0, 0.0, 0.0, 0.0, 0.0, 0.0, 0.06656410012926374, 0.0]
[0.0, 0.09370583295822144, 0.0, 0.30821299127170015, 0.08260410172598702, 0.0, 0.12995088951928274, 0.0, 0.0, 0.0, 0.10447519166128975, 0.0, 0.0, 0.0, 0.0, 0.0, 0.04978582688740321, 0.0, 0.0, 0.0, 0.0]
[0.09608092478343418, 0.10612018619264875, 0.08689956154142107, 0.22407664571489605, 0.13504797645977565, 0.0, 0.1442690236227853, 0.025687949998038154, 0.0723616736275809, 0.04518023984772818, 0.0, 0.0, 0.0, 0.0, 0.0, 0.061240575143269124, 0.094663781779153, 0.04599232333047049, 0.0, 0.20054173469543457, 0.0]
[0.19798050607953752, 0.0, 0.4430514659200396, 0.19884702137538363, 0.2394392830984933, 0.0, 0.0, 0.22371693168367657, 0.0, 0.0, 0.0, 0.09735505921500069, 0.6274716172899518, 0.22033528770719255, 0.0, 0.039562915052686415, 0.0, 0.23422605650765554, 0.0, 0.0, 0.0]
[0.0, 0.0, 0.0, 0.11728244168417794, 0.0, 0.18898971591676983, 0.0, 0.0, 0.06393835800034658, 0.09968180315835135, 0.0, 0.0, 0.0, 0.32635998725891113, 0.0, 0.0, 0.10959654194968087, 0.0, 0.0, 0.0, 0.0]
