[0.670305460691452, 2.2317527532577515, 2.2008442878723145, 4.930332690477371, 8.512133717536926, 1.448046863079071, 2.1345173716545105, 1.67154461145401, 7.682328939437866, 14.087682485580444, 5.737107932567596, 1.8158140182495117, 5.5734546184539795, 6.385128915309906, 7.012397937476635, 1.2293730080127716, 1.0667053759098053, 0.6219410002231598, 4.323995471000671, 0.31418347358703613, 0.0]
[0.6805475354194641, 2.171080529689789, 1.12757009267807, 1.1692620813846588, 1.792004406452179, 3.875357002019882, 2.6653361171483994, 9.055587157607079, 5.628493368625641, 13.490898728370667, 3.063365086913109, 17.25203764438629, 1.7384142577648163, 6.049174964427948, 22.44613391160965, 1.9180530309677124, 2.6597509682178497, 16.088217228651047, 1.5271865129470825, 2.0805723667144775, 6.243207633495331]
[2.9500729218125343, 0.615533709526062, 0.0, 7.874340176582336, 2.023761510848999, 6.032199993729591, 15.339608907699585, 1.6277399361133575, 5.837561517953873, 5.275526523590088, 1.2572485208511353, 2.3333109617233276, 1.8343770205974579, 2.783777594566345, 2.5290033519268036, 4.752318322658539, 0.28918030858039856, 1.006811410188675, 17.846309661865234, 1.5122740268707275, 3.263655722141266]
[5.868841886520386, 3.7208294570446014, 1.91677425801754, 2.224914088845253, 18.343418836593628, 6.063048951327801, 1.2414411008358002, 6.878748923540115, 5.503660872578621, 0.8656705021858215, 0.420836865901947, 4.571678474545479, 2.7172170877456665, 2.830800473690033, 5.237097293138504, 9.265614360570908, 2.872245989739895, 0.738810807466507, 0.5270857214927673, 0.5154971480369568, 9.765347123146057]
[1.1515232026576996, 4.287434458732605, 3.534378468990326, 1.0824667513370514, 6.7077890038490295, 1.2618094384670258, 12.18154165148735, 6.28614467382431, 2.7490314543247223, 13.080271989107132, 4.713170647621155, 6.819553732872009, 7.199142605066299, 1.6652764678001404, 11.234993524849415, 3.895658478140831, 2.665369749069214, 2.31930273771286, 4.184838607907295, 2.7927958369255066, 0.077771857380867]
[13.551084458827972, 3.1231014281511307, 12.956325426697731, 8.109861999750137, 7.212195515632629, 10.840645715594292, 6.820488288998604, 1.0043774843215942, 2.0998879075050354, 2.9318074136972427, 7.545562118291855, 10.059043258428574, 1.815535068511963, 4.76378458738327, 3.1388869285583496, 2.180446147918701, 7.190645664930344, 2.4555841386318207, 0.4648180603981018, 2.6289528012275696, 1.4667849242687225]
[2.9665600955486298, 4.494707405567169, 2.3605459928512573, 4.022371098399162, 6.323093891143799, 4.216458827257156, 8.942445039749146, 5.124382011592388, 10.750209420919418, 3.1866374611854553, 4.541849702596664, 4.46749272942543, 7.737189322710037, 1.7453490197658539, 7.525662273168564, 7.116882890462875, 2.3922705948352814, 2.547528922557831, 12.233438327908516, 6.452991887927055, 6.351564779877663]
[0.3428441286087036, 7.876537516713142, 1.343082308769226, 7.986094951629639, 4.348942071199417, 1.5128358602523804, 2.5787521600723267, 5.4263575077056885, 6.512402281165123, 7.633563667535782, 6.784726187586784, 6.735816329717636, 6.157739639282227, 6.448641121387482, 5.780897259712219, 2.824172466993332, 2.5084792375564575, 5.298495918512344, 2.805456817150116, 0.0, 11.71133103966713]
[2.4083860516548157, 6.425572395324707, 5.0830002427101135, 6.041739836335182, 21.203390419483185, 2.9870557487010956, 2.4141366481781006, 5.736605376005173, 6.569631367921829, 5.7665101289749146, 7.8046804666519165, 6.736645400524139, 5.926740199327469, 6.602207779884338, 6.09605598449707, 2.8063351809978485, 2.6113392412662506, 8.667858898639679, 13.240874171257019, 4.132585734128952, 4.738434225320816]
[4.3261547684669495, 4.2886082381010056, 6.214523509144783, 6.4932878613471985, 5.138091683387756, 1.081626832485199, 3.67458975315094, 3.897654712200165, 9.38539183139801, 4.1479450315237045, 5.3650936633348465, 19.47822082042694, 3.950789451599121, 3.9807835817337036, 4.44866156578064, 4.585894599556923, 23.169391065835953, 2.074950933456421, 13.833928018808365, 4.0346178114414215, 0.828561082482338]
[1.0420247316360474, 6.97219717502594, 2.6071282476186752, 4.282060444355011, 16.252094984054565, 7.000172883272171, 3.7885451167821884, 6.092813849449158, 4.2703997194767, 3.7036805152893066, 10.145348399877548, 9.332653224468231, 3.012096479535103, 3.7009145319461823, 27.475325018167496, 2.2969285249710083, 5.399041406810284, 2.2710670083761215, 1.7134373486042023, 7.2289213836193085, 5.876958072185516]
[5.439179301261902, 9.970656275749207, 4.253631979227066, 6.3408278077840805, 5.618265256285667, 11.863525986671448, 6.724104940891266, 10.23543494939804, 12.898599222302437, 2.924418956041336, 16.490131705999374, 7.212471455335617, 13.35256353020668, 13.497628092765808, 7.354351311922073, 3.8062990307807922, 1.6245110630989075, 13.500435888767242, 4.2428862154483795, 0.9856400340795517, 1.6013202667236328]
[4.496909111738205, 1.3249383866786957, 4.173910364508629, 4.1526618003845215, 7.11936554312706, 12.151732444763184, 4.593362987041473, 2.6751933991909027, 6.565542176365852, 3.958517611026764, 11.4188501983881, 7.8663110435009, 4.237009823322296, 17.729097172617912, 2.945595473051071, 2.8272998929023743, 4.218436434864998, 5.041553318500519, 7.13919785618782, 1.1168625950813293, 14.696506321430206]
[2.3361592888832092, 2.8231260180473328, 6.325322836637497, 15.75919058918953, 3.7812950909137726, 7.058771520853043, 1.5460763573646545, 4.500745892524719, 3.0460114926099777, 6.168920502066612, 11.346439331769943, 2.94923947006464, 1.637531578540802, 7.521486312150955, 2.258119747042656, 3.443633019924164, 1.7461116313934326, 3.7075673639774323, 10.699131458997726, 2.077997088432312, 1.9666364192962646]
[1.8751340508460999, 11.594188213348389, 17.636110097169876, 0.7836377620697021, 2.773131847381592, 10.839644223451614, 15.789816558361053, 4.355927914381027, 4.086791679263115, 16.643587052822113, 4.47710382938385, 4.64520189166069, 0.3489779531955719, 9.352860361337662, 4.055872052907944, 4.5435649156570435, 8.489121854305267, 1.0549105405807495, 5.602397590875626, 1.216860592365265, 0.4404226243495941]
[7.664019614458084, 5.409366548061371, 2.6767324209213257, 3.1800381243228912, 7.691065609455109, 6.810478210449219, 1.952380746603012, 26.16745087504387, 2.3102498054504395, 4.401133149862289, 8.126962423324585, 2.3856512904167175, 5.571686148643494, 1.3667445480823517, 13.5455981194973, 13.162587076425552, 3.6414061784744263, 5.7523665726184845, 3.343411087989807, 3.178925037384033, 0.8136521205306053]
[8.83132266998291, 2.4664921164512634, 4.801572561264038, 6.46116204559803, 10.007865130901337, 4.150841310620308, 14.098984122276306, 7.01583331823349, 9.914442390203476, 1.3023822605609894, 5.840476602315903, 9.373684227466583, 2.8519192039966583, 3.588559567928314, 7.737982600927353, 9.145532846450806, 8.781446367502213, 0.18387262523174286, 5.659526228904724, 7.533491790294647, 1.0935238003730774]
[6.654143542051315, 5.401991859078407, 8.736304581165314, 4.645437866449356, 5.667518585920334, 7.633475035429001, 6.867390900850296, 2.326645351946354, 13.619979709386826, 4.56163427978754, 4.3892857283353806, 5.356863856315613, 2.666647106409073, 4.23254369199276, 5.47942790389061, 17.365904077887535, 6.8279236406087875, 3.3256610929965973, 3.8656442165374756, 1.6759576946496964, 3.814204454421997]
[2.357117637991905, 13.876968204975128, 9.1923748254776, 6.312561362981796, 10.804614186286926, 4.181406646966934, 0.4718558043241501, 5.7901095151901245, 4.9203696474432945, 8.17068749666214, 8.19970141351223, 1.6331001222133636, 2.2728893160820007, 5.928479537367821, 5.5550602078437805, 0.3444212079048157, 14.524862140417099, 3.2926466166973114, 5.549036800861359, 1.1255559027194977, 3.2637336775660515]
[3.729203850030899, 4.146155953407288, 5.2969136238098145, 4.208003520965576, 1.4560954123735428, 2.7767995595932007, 2.534743070602417, 2.97290962934494, 0.4230649620294571, 7.75122258067131, 1.9881258010864258, 6.440258160233498, 3.991240829229355, 4.371923595666885, 8.120312333106995, 2.506457954645157, 3.4855763912200928, 1.2036278545856476, 0.0, 1.6242700219154358, 5.355828285217285]
[5.249957263469696, 4.860317215323448, 3.69406458735466, 4.014122113585472, 9.768526375293732, 3.0647617280483246, 2.474016487598419, 14.368696078658104, 9.30597186088562, 6.727500379085541, 2.6120226979255676, 18.772329211235046, 7.904219105839729, 8.927145063877106, 7.0009531527757645, 8.252558916807175, 17.818251058459282, 14.149890959262848, 1.4085743129253387, 2.5964134633541107, 4.08817446231842]
