[0.010109417577383333, 0.02390809918862825, 0.03287622017953816, 0.10909548743439823, 0.18060471544078902, 0.0326523050117032, 0.0427042052021187, 0.020114459248627845, 0.08313562719180102, 0.2997602180866034, 0.0854064071543652, 0.03754651013269735, 0.18357005286437658, 0.09890607466261542, 0.17432046776097976, 0.015488147967550367, 0.023801346450355, 0.017772770076895542, 0.08393586573796917, 0.0059280247547860414, 0.0]
[0.0141029207334483, 0.03235922695451869, 0.050074365058166107, 0.015292180911809134, 0.04919820011413892, 0.06955006417008006, 0.04155386439295831, 0.22048171631243846, 0.08041644549798017, 0.15741596777441938, 0.07669964221618346, 0.1941937793489608, 0.04155783278083794, 0.056424854118022075, 0.3616688306939738, 0.028324996256253884, 0.03950287141043146, 0.20107852165129417, 0.0386976563383436, 0.03902942637741796, 0.1350504413243872]
[0.05880441974881441, 0.006157298964268109, 0.0, 0.17460141879262076, 0.03052320252137515, 0.06987759680034158, 0.18143917244905863, 0.041511462900403445, 0.0990429946345315, 0.11449872970665084, 0.023837318599163777, 0.05531618330989934, 0.03245597745651161, 0.06158159953481089, 0.05789100641220955, 0.1399475229331835, 0.006026231775663881, 0.041358784736091184, 0.4670998094084456, 0.019425555125600322, 0.07430891833429192]
[0.1041546490576303, 0.05499024020514091, 0.06423296514798574, 0.02028850575208458, 0.38396466163481857, 0.14227545956027085, 0.028741450046476012, 0.12087681432830856, 0.10249383421116862, 0.014222945239347569, 0.005945825596643901, 0.08218889671116489, 0.03709494271491433, 0.06999378117730504, 0.10425194777391297, 0.2556061553070332, 0.12682616383911532, 0.013156936156781707, 0.019765244236225044, 0.016511456825286555, 0.1269659025349628]
[0.032090272718046105, 0.10041549979717954, 0.15378272713023164, 0.024324222657170252, 0.0978949974779193, 0.02969094701053854, 0.330695684684725, 0.1926695586031808, 0.05176025617220179, 0.14821644867631198, 0.1122277057146841, 0.123773282784842, 0.07790641489763481, 0.04566318795418139, 0.14866399573094954, 0.0697413019560023, 0.06198339720554744, 0.043493810486436656, 0.07668803067100328, 0.058751379382239885, 0.004347826086956522]
[0.12961184654347258, 0.09382185983758065, 0.3354411248880525, 0.1919744079333773, 0.14111898567293063, 0.21116396537920784, 0.1592377367195568, 0.026588688059758565, 0.030534647754197324, 0.08988929242239384, 0.13429341548942272, 0.10498842680013275, 0.04063819270769331, 0.06746196645346404, 0.06065688741323628, 0.02071894366872998, 0.12258481692689896, 0.049516737504520854, 0.004347826086956522, 0.04647926938628516, 0.04570398293923669]
[0.07677979864653563, 0.0940171058021102, 0.04862087920824989, 0.08966672255063586, 0.12958776688748372, 0.07153418640314842, 0.1567178300445605, 0.08330117598149993, 0.14672862950052815, 0.04573071535561573, 0.10849424002028853, 0.12339152765910295, 0.13776332025350094, 0.048523694456365965, 0.12520268140209043, 0.1476968866230792, 0.07042870531769467, 0.049372398116674994, 0.21527162435007938, 0.09249892540309008, 0.11228289511008539]
[0.013731711368724154, 0.12710413761290748, 0.015921458840690458, 0.11259293525031133, 0.04720388503807772, 0.01930115756379906, 0.051362063518564725, 0.22771920296385748, 0.10512545359443515, 0.12449047481507315, 0.13092928998940842, 0.12460372999338754, 0.08757131034394745, 0.17448554735624158, 0.0890003377279846, 0.06015847027299692, 0.043183828889102695, 0.09819019299949565, 0.05223513974899581, 0.0, 0.18366242468370242]
[0.03445741393897828, 0.11878414715176591, 0.12155568852504471, 0.1946690667599781, 0.4590854725371821, 0.06593443222882642, 0.036893575645528684, 0.14877497212113572, 0.12102529937512967, 0.12361041365927428, 0.081306643099879, 0.12722776161232124, 0.08144872346469308, 0.17487707311017445, 0.13943333404613056, 0.042885948470240465, 0.0486464686186101, 0.20838750777479273, 0.2978016790603929, 0.08781762671539912, 0.04926305296893653]
[0.05964357442062162, 0.09599201212937258, 0.13066785481602386, 0.3051175134569168, 0.06234758930758193, 0.0210756880645114, 0.09576619496311385, 0.06159809564774315, 0.15370107404193167, 0.10638925284721991, 0.09869663780544091, 0.6343812991433798, 0.0798303213406835, 0.0855839938294546, 0.09523322469741911, 0.051667147494120054, 0.5923673099802584, 0.029114925425318995, 0.30695019743235913, 0.09568841770345018, 0.017293853646738463]
[0.014099220925812823, 0.10919278652936001, 0.0658274967146202, 0.11225087480451738, 0.16184276461971098, 0.08363585099532016, 0.08067645411392244, 0.14989693426405776, 0.0731874037192702, 0.10067836333949214, 0.043478260869565216, 0.19842501404113094, 0.05877023921027818, 0.1317329091964246, 0.870189589940104, 0.03667970681996133, 0.1298319782439221, 0.07565714747331742, 0.02299665508851442, 0.18325789390834657, 0.08604061447553012]
[0.11137278545251592, 0.41261373626805437, 0.06703786210309577, 0.11658276721548123, 0.07719184609643963, 0.15687935739780987, 0.09896252227285104, 0.20925156948747992, 0.17759293232687384, 0.033137836422724096, 0.2920378680354122, 0.15721810569083608, 0.252026842301936, 0.2259107047350179, 0.03285881197189891, 0.011719079335218907, 0.016479414496191534, 0.19186047203191825, 0.07761081265574711, 0.029332710011834684, 0.01934811419914722]
[0.13263159622843043, 0.02721247975478808, 0.07577527050439879, 0.03869613895760796, 0.15709703995051433, 0.23201135611741602, 0.0728286414970625, 0.07550732269925425, 0.09557309652274097, 0.05097676565438052, 0.2420128001757419, 0.11732228372531489, 0.06048469268142146, 0.26798725040406357, 0.04814675209005663, 0.026728310626619012, 0.07354990970545075, 0.051328831302369045, 0.13355775528968652, 0.013962410309774482, 0.14289658542660458]
[0.04802552718535035, 0.04355292047442475, 0.10869803579851864, 0.4217054073518408, 0.08856555286994149, 0.13085708542800872, 0.03294301757144751, 0.13807063332053138, 0.09677703849915588, 0.10130325441484643, 0.15152651789839564, 0.09799882183366379, 0.022542825134230917, 0.11947050451439545, 0.044872741423208067, 0.027077053951872914, 0.05050562324390663, 0.08722939740860115, 0.08999010833459271, 0.027861146461205872, 0.06678179235663297]
[0.017517414174198498, 0.17816667228906277, 0.2374637831503774, 0.032355960987807686, 0.06810611557574624, 0.18089619958295364, 0.30765135741811805, 0.07193962465033535, 0.05488882650276318, 0.5571765464576162, 0.09680333629461584, 0.06200927577836468, 0.004347826086956522, 0.1312844555773009, 0.10328685433006934, 0.06767536314338911, 0.11994213720124387, 0.04776129975042357, 0.14914599971844156, 0.020651645592214014, 0.008118104530474679]
[0.10911321270553312, 0.12631495219697655, 0.04873770458125471, 0.1018606870105035, 0.12486244627047413, 0.1890737965942212, 0.04181935272060078, 0.5343427336689073, 0.02657830119475813, 0.13537028811530377, 0.17479960451896603, 0.042582439999393214, 0.12560563094929056, 0.019014495294202773, 0.18883392568048166, 0.3734944176136804, 0.055783314372941865, 0.051592018013799805, 0.05775603258797714, 0.04782031668143597, 0.030800514074315822]
[0.14781840349657757, 0.0526184718701642, 0.08169979143815963, 0.10762842000610857, 0.155750059057463, 0.04806208416891615, 0.2597236545996302, 0.11529197463053587, 0.14163001003494258, 0.025559426081595463, 0.229553313151758, 0.20590626937614512, 0.060619826986636684, 0.07273332648106189, 0.10263360547030134, 0.17812480658123583, 0.12423382338121958, 0.00689505937624065, 0.10050307416313166, 0.1303862348608119, 0.026519684162838272]
[0.09902381254787028, 0.09321419732024121, 0.17358233584752386, 0.18501867310148204, 0.09440767681710337, 0.13472195858301741, 0.19305397260988996, 0.04849866175045301, 0.21001182877973612, 0.08377189418154464, 0.09170315190915687, 0.17595512186225803, 0.040369888174801895, 0.05396565238198638, 0.0868085187730245, 0.32347487652678053, 0.10887786454984796, 0.05377349494804198, 0.11391605722935105, 0.03644494564629605, 0.08165694287810449]
[0.07205265164297865, 0.2577369758476446, 0.14024522225344424, 0.13458659904278544, 0.10853401771516424, 0.14694483512317896, 0.015960994081709208, 0.07270017882387904, 0.11283711101496395, 0.28029724790881194, 0.19825739313318202, 0.03789126391090066, 0.030318512561022307, 0.12569681677136696, 0.208361696477113, 0.004476178609506076, 0.3318772007312267, 0.10820714118574687, 0.11847423644263425, 0.021025909489978532, 0.034162314563957]
[0.055385637084775646, 0.03682200057886304, 0.07808332121358738, 0.06456094857838252, 0.02629518844091195, 0.06232857037536746, 0.08457130808408031, 0.04130649765398444, 0.008695652173913044, 0.14435762382422804, 0.0442984509677735, 0.12380359871337442, 0.05976506962286113, 0.09931872098530915, 0.18917014348332545, 0.03369777244999221, 0.04509753697919104, 0.02837909033035358, 0.0, 0.039389925838038214, 0.10860336677303772]
[0.10287706833027206, 0.06096912997874049, 0.05026596095438425, 0.08047743744084872, 0.25699513407651636, 0.06782127888182006, 0.036439797600793945, 0.2408412284947112, 0.2465880917279602, 0.04234372112014203, 0.10951137312366571, 0.40783887382034895, 0.09388612780755583, 0.20154033723722914, 0.09687074425895266, 0.20092359035478355, 0.14760449232963252, 0.16104618308491503, 0.025426037280266076, 0.021529287590861743, 0.036510595146947655]
