[0.8616780045351473, 0.8577343981070689, 0.8616780045351473, 3.841072660948438, 1.7282855171053926, 0.8567484965000493, 0.862663906142167, 1.2806861875184856, 3.003056294981761, 3.4516415261756874, 2.575174997535246, 1.2895593019816622, 1.7194124026422162, 2.131519274376417, 4.287686088928325, 1.2767425810904074, 0.8606921029281278, 0.8459035788228334, 1.29547471162378, 0.42393769101843637, 0.0]
[0.43281080548161294, 0.8587202997140886, 0.849847185250912, 1.2619540569851129, 0.8646357093562062, 2.147293700088731, 1.7075815833579808, 3.4131913635019226, 2.152223208123829, 2.1541950113378685, 2.126589766341319, 3.8598047914818103, 1.2757566794833877, 1.7223701074632751, 2.9941831805185846, 0.849847185250912, 1.2806861875184856, 2.1354628808044955, 0.8606921029281278, 0.4318249038745933, 2.1541950113378685]
[2.134476979197476, 0.8439317756087942, 0.0, 2.5781327023563048, 0.8616780045351474, 1.7105392881790396, 2.1571527161589272, 1.2787143843044464, 1.7144828946071182, 1.7174405994281772, 0.8459035788228334, 1.279700285911466, 1.2826579907325248, 0.8636498077491866, 1.6987084688948044, 1.2935029084097407, 0.42393769101843637, 0.8518189884649513, 2.5692595878931286, 0.8508330868579317, 1.2905452035886817]
[2.1591245193729667, 2.9882677708764662, 1.7056097801439414, 1.277728482697427, 1.2994183180518584, 3.438824805284433, 0.8597062013211082, 3.006999901409839, 1.7164546978211572, 0.4318249038745933, 0.42886719905353443, 2.5692595878931286, 1.7026520753228827, 1.2944888100167604, 1.2826579907325248, 2.9902395740905057, 2.5515133589667753, 0.8577343981070689, 0.42393769101843637, 1.26885536823425, 1.2925170068027207]
[1.2806861875184856, 1.7056097801439416, 0.8606921029281278, 0.8528048900719708, 2.145321896874692, 1.2708271714482895, 3.4250221827861584, 1.7213842058562554, 1.7026520753228827, 3.0198166223010943, 2.975451049985211, 2.5643300798580304, 3.843044464162477, 0.8616780045351473, 5.112885734003746, 2.5692595878931286, 1.2885734003746427, 1.2806861875184856, 2.5524992605737946, 2.9784087548062703, 0.4259094942324756]
[2.160110420979986, 1.292517006802721, 2.5741890959282263, 3.0030562949817607, 1.2974465148378194, 3.4220644779650993, 1.7105392881790396, 0.8597062013211082, 1.2816720891255053, 2.5692595878931286, 3.851917578625653, 1.2866015971606035, 1.2787143843044464, 1.7115251897860595, 1.2944888100167604, 0.8597062013211082, 2.1591245193729667, 2.1187025534851625, 0.43083900226757366, 0.8616780045351474, 0.8567484965000493]
[2.129547471162378, 1.7144828946071182, 1.2895593019816622, 2.9823523612343488, 2.1472937000887313, 2.144335995267672, 2.5820763087843837, 2.9823523612343488, 3.4250221827861584, 1.2806861875184856, 2.556442867001873, 2.9971408853396433, 3.843044464162477, 1.6908212560386473, 3.0010844917677217, 2.1403923888395937, 2.12461796312728, 1.7134969930000985, 2.588977620033521, 2.9793946564132896, 2.583062210391403]
[0.4298531006605541, 3.4260080843931777, 0.43281080548161294, 2.5761608991422653, 1.7233560090702946, 0.4318249038745933, 0.862663906142167, 1.2944888100167604, 2.991225475697526, 2.5781327023563048, 4.258109040717736, 2.5682736862861084, 2.573203194321207, 2.573203194321207, 2.152223208123829, 1.7115251897860593, 2.1413782904466134, 1.7164546978211574, 1.287587498767623, 0.0, 3.438824805284433]
[2.12363206152026, 2.560386473429952, 1.7282855171053926, 2.137434684018535, 2.585034013605442, 2.126589766341319, 1.2875874987676228, 1.725327812284334, 3.4289657892142364, 2.1561668145519075, 2.5663018830720694, 2.153209109730849, 3.000098590160702, 1.7282855171053926, 2.1423641920536327, 2.5613723750369712, 1.2737848762693484, 1.7322291235334712, 1.7322291235334712, 1.725327812284334, 1.2826579907325248]
[1.7203983042492357, 2.975451049985211, 2.5692595878931286, 1.29547471162378, 2.1403923888395937, 1.26885536823425, 2.131519274376417, 2.9961549837326236, 3.8667061027309475, 2.5682736862861084, 2.5663018830720694, 3.8617765946958498, 2.549541555752736, 1.2895593019816622, 2.5623582766439905, 1.7095533865720198, 5.140490979000297, 0.8587202997140886, 2.583062210391403, 2.1344769791974763, 0.8459035788228334]
[0.43083900226757366, 3.0109435078379176, 2.553485162180814, 2.1571527161589272, 2.577146800749285, 3.0010844917677213, 2.984324164448388, 3.0099576062308984, 1.7085674849650003, 1.7203983042492357, 4.292615596963423, 3.417134969930001, 1.7075815833579808, 1.2895593019816622, 3.8795228236222026, 0.8577343981070689, 2.5653159814650497, 2.125603864734299, 1.2816720891255053, 2.1334910775904565, 1.2777284826974267]
[3.8341713496992997, 2.555456965394854, 1.7233560090702946, 2.984324164448388, 1.7154687962141377, 5.141476880607316, 4.27289756482303, 4.269939860001972, 3.0089717046238786, 1.2777284826974267, 5.588090308587203, 2.557428768608893, 3.8479739721975745, 3.4417825101054915, 2.131519274376417, 0.8636498077491866, 0.8459035788228334, 2.997140885339643, 1.2816720891255053, 1.263925860199152, 1.276742581090407]
[2.143350093660653, 1.6977225672877847, 2.580104505570344, 1.7164546978211572, 4.722468697623977, 4.285714285714285, 1.7233560090702948, 2.135462880804496, 2.5741890959282263, 2.5692595878931286, 3.426993986000197, 2.1364487824115153, 2.1394064872325744, 3.4210785763580795, 2.1275756679483386, 0.8606921029281278, 2.137434684018535, 2.152223208123829, 3.0069999014098387, 0.8518189884649512, 2.160110420979986]
[2.5386966380755203, 2.1167307502711226, 2.1512373065168093, 4.691905747806369, 2.5613723750369712, 3.8489598738045947, 1.2737848762693484, 1.2856156955535836, 1.7115251897860593, 2.990239574090506, 3.0060139998028195, 2.5465838509316767, 1.2875874987676228, 2.5879917184265007, 2.12363206152026, 2.1364487824115153, 1.2885734003746425, 2.567287784679089, 1.279700285911466, 1.2698412698412698, 1.2777284826974267]
[0.8557625948930296, 3.8617765946958498, 2.158138617765947, 1.2550527457359755, 0.8636498077491866, 2.1433500936606524, 1.7332150251404912, 2.5653159814650497, 2.5712313911071676, 2.586019915212462, 2.5791186039633245, 1.2875874987676228, 0.4298531006605541, 2.1482796016957506, 2.1463077984817116, 1.7184265010351965, 1.7272996154983733, 0.8468894804298531, 1.7134969930000985, 0.849847185250912, 0.43379670708863255]
[2.1413782904466134, 2.133491077590456, 2.131519274376417, 1.7026520753228827, 3.0089717046238786, 3.4210785763580787, 1.2895593019816622, 5.146406388642414, 1.2935029084097407, 2.5771468007492855, 1.2856156955535836, 1.2895593019816622, 3.416149068322982, 1.2846297939465638, 2.5850340136054415, 3.4467120181405893, 1.7115251897860595, 1.2915311051957015, 2.556442867001873, 0.8646357093562063, 0.8537907916789904]
[3.429951690821256, 1.7075815833579808, 1.7203983042492357, 2.1423641920536327, 3.8657202011239273, 1.7174405994281772, 2.152223208123829, 2.5820763087843828, 1.7184265010351965, 1.2619540569851129, 2.5692595878931286, 1.292517006802721, 1.279700285911466, 1.7095533865720198, 2.5653159814650497, 1.7203983042492357, 2.1463077984817116, 0.41506457655525975, 1.2935029084097407, 2.1433500936606524, 0.8557625948930296]
[2.5722172927141878, 2.573203194321207, 3.0040421965887805, 2.1413782904466134, 4.279798876072169, 1.7184265010351965, 1.7263137138913536, 1.2826579907325248, 3.4338952972493337, 2.126589766341319, 3.4053041506457653, 1.7046238785369219, 2.1354628808044955, 2.129547471162378, 3.404318249038746, 2.577146800749285, 2.5722172927141864, 1.7125110913930792, 0.8587202997140886, 1.277728482697427, 1.7134969930000985]
[1.706595681750961, 4.287686088928325, 2.5653159814650497, 1.7046238785369219, 1.7154687962141377, 2.1403923888395937, 0.8360445627526373, 1.7243419106773143, 2.5732031943212066, 2.9981267869466626, 2.144335995267672, 1.2816720891255053, 1.2826579907325248, 2.9912254756975254, 1.7233560090702948, 0.4318249038745933, 3.0040421965887805, 2.132505175983437, 2.5732031943212066, 1.6799763383614317, 1.7144828946071184]
[1.7233560090702948, 1.2885734003746427, 2.152223208123829, 2.977422853199251, 1.2846297939465643, 1.2915311051957015, 0.8616780045351473, 1.2866015971606035, 0.8518189884649513, 3.0217884255151337, 1.2875874987676228, 3.4437543133195305, 2.1482796016957506, 2.137434684018535, 4.287686088928325, 1.7105392881790398, 1.7203983042492357, 1.2816720891255053, 0.0, 1.2767425810904074, 2.1384205856255547]
[3.8361431529133396, 2.12363206152026, 2.141378290446614, 2.562358276643991, 2.139406487232574, 1.7006802721088434, 0.8528048900719708, 2.989253672483486, 2.580104505570344, 2.1364487824115153, 1.2885734003746425, 5.151335896677512, 3.8331854480922805, 2.989253672483486, 2.9823523612343488, 3.4427684117125112, 2.5761608991422658, 3.0198166223010943, 1.2787143843044464, 0.8636498077491866, 1.290545203588682]
