[0.0, 0.0, 0.0, 0.0, 0.8675698041915894, 1.1083447933197021, 0.0, 0.0, 0.7517403364181519, 0.5388098359107971, 0.0, 0.0, 1.1430095434188843, 0.0, 0.0, 0.0, 0.0, 0.0, 0.0, 0.8675698041915894, 1.1083447933197021]
[0.6075621843338013, 0.0, 0.0, 0.0, 0.8058692812919617, 0.0, 0.0, 0.0, 0.0, 0.0, 0.5055643916130066, 1.2412846088409424, 1.9425280094146729, 0.5702829957008362, 0.0, 1.2252768278121948, 0.0, 0.0, 0.0, 0.8058692812919617, 2.3131065368652344]
[0.7263960838317871, 0.0, 0.0, 0.6467131972312927, 1.6270750761032104, 0.0, 0.8525921106338501, 0.0, 0.8348545432090759, 0.0, 0.0, 0.0, 0.0, 1.0403437614440918, 0.0, 0.0, 0.0, 0.0, 0.6467131972312927, 3.407177448272705, 0.0]
[0.0, 0.0, 0.0, 0.0, 1.6329532861709595, 0.0, 0.0, 0.0, 0.0, 0.0, 0.0, 0.0, 0.0, 0.0, 1.2717680931091309, 0.0, 0.0, 0.0, 0.0, 1.6329532861709595, 0.0]
[0.0, 0.8584491014480591, 0.0, 0.0, 0.9046818614006042, 0.0, 0.0, 0.0, 0.0, 0.0, 1.7193727493286133, 0.0, 0.0, 1.9536888599395752, 0.0, 0.0, 2.616121768951416, 0.0, 0.0, 0.9046818614006042, 0.0]
[0.5461259484291077, 0.6873616576194763, 0.0, 0.0, 0.0, 0.0, 0.0, 1.1987497806549072, 0.0, 1.1450328528881073, 1.3767048120498657, 0.0, 0.0, 0.5126163959503174, 0.0, 0.0, 0.6873616576194763, 0.0, 0.0, 0.0, 0.0]
[0.0, 0.0, 0.0, 1.3011085987091064, 0.0, 0.0, 0.0, 0.8169105052947998, 0.0, 0.0, 1.1108568906784058, 1.800614356994629, 0.0, 0.0, 1.9031835794448853, 0.0, 0.0, 0.0, 0.0, 0.0, 0.0]
[0.0, 0.0, 0.0, 1.1362628936767578, 0.0, 0.0, 0.0, 0.7134109139442444, 0.0, 0.0, 0.6404585838317871, 2.8336539268493652, 0.0, 0.7224454283714294, 0.0, 0.0, 0.0, 0.0, 0.0, 0.0, 0.0]
[0.5884644985198975, 1.3999788165092468, 0.0, 0.5239121913909912, 0.0, 1.9943187236785889, 0.0, 0.5454496145248413, 1.352656602859497, 1.982845425605774, 0.0, 3.487791419029236, 1.0283467769622803, 0.8427982926368713, 1.270752191543579, 0.0, 2.2571280002593994, 0.0, 0.5239121913909912, 0.0, 1.9943187236785889]
[0.0, 1.5729683637619019, 0.0, 0.5563341379165649, 0.6998445391654968, 0.0, 1.0258976221084595, 0.7924136519432068, 0.7181824445724487, 0.5147572159767151, 1.3075936436653137, 2.300588607788086, 0.0, 1.7596181631088257, 0.0, 0.0, 1.5729683637619019, 0.0, 0.5563341379165649, 0.0, 0.0]
[0.0, 0.0, 0.4438874423503876, 0.6438885927200317, 2.0439319014549255, 0.7390631437301636, 0.7160507440567017, 0.9573549032211304, 0.0, 1.27374267578125, 1.8253349661827087, 0.8028764128684998, 0.6323065757751465, 2.068090558052063, 2.3342354595661163, 0.0, 0.0, 0.9715419113636017, 0.0, 0.5785103440284729, 0.7390631437301636]
[0.6212031841278076, 1.39202082157135, 0.8242101073265076, 1.1061190366744995, 0.6957252621650696, 0.0, 1.458248257637024, 1.1515904664993286, 2.4612218737602234, 0.7907159328460693, 1.0338306427001953, 1.2691539525985718, 1.0855578184127808, 0.8896865844726562, 0.0, 0.0, 0.0, 0.0, 1.1061190366744995, 0.0, 0.0]
[1.1885261535644531, 0.0, 1.3932695984840393, 1.9354574084281921, 0.7882293462753296, 1.006985068321228, 0.9756302833557129, 0.7535866498947144, 3.3429834842681885, 3.20409893989563, 0.9889957904815674, 1.214113712310791, 0.0, 0.5577998757362366, 0.6138846278190613, 0.0, 0.0, 1.3237409591674805, 1.0581492185592651, 0.7882293462753296, 1.006985068321228]
[1.141959309577942, 0.0, 0.0, 1.6858700513839722, 1.5146925449371338, 0.0, 0.0, 0.0, 0.0, 0.9407095909118652, 3.339850664138794, 0.0, 1.9955835342407227, 1.0718902349472046, 0.0, 0.0, 0.0, 0.0, 0.0, 1.5146925449371338, 0.0]
[1.060014009475708, 1.5642035007476807, 0.0, 0.0, 0.0, 2.3719288110733032, 0.0, 0.6470168828964233, 0.0, 0.888521671295166, 1.460684895515442, 0.0, 1.011979341506958, 0.0, 1.4421792030334473, 1.060014009475708, 0.0, 0.8444881439208984, 0.0, 0.0, 1.1828386783599854]
[0.8342284560203552, 1.0499714612960815, 0.8490252494812012, 1.9742849469184875, 0.0, 1.4136090278625488, 0.0, 0.0, 0.0, 0.687210738658905, 0.0, 0.0, 0.0, 0.0, 0.8617733120918274, 0.0, 1.0499714612960815, 0.8490252494812012, 0.7427167296409607, 0.0, 1.4136090278625488]
[0.0, 0.0, 0.0, 2.2485594749450684, 0.0, 0.0, 0.0, 1.4117743968963623, 0.0, 0.0, 1.2674084901809692, 0.0, 2.208113431930542, 0.0, 0.0, 0.0, 0.0, 0.0, 0.0, 0.0, 0.0]
[0.0, 0.0, 0.0, 2.698884963989258, 2.0474579334259033, 1.5489065647125244, 0.0, 2.0063958168029785, 0.0, 0.7529841661453247, 0.0, 1.8675038814544678, 0.0, 0.0, 1.9738835096359253, 0.0, 0.0, 0.0, 0.0, 0.0, 1.5489065647125244]
[1.3995273113250732, 1.0326021909713745, 0.9379648566246033, 0.8205199837684631, 2.2546114921569824, 1.5699453353881836, 0.0, 0.0, 0.0, 1.173107385635376, 0.0, 0.0, 0.0, 0.0, 0.9520483016967773, 3.2581636905670166, 0.0, 0.9379648566246033, 0.8205199837684631, 1.2224323749542236, 0.0]
[0.0, 0.0, 1.4892061948776245, 0.5655052065849304, 0.7113813757896423, 2.1640233993530273, 2.533873200416565, 1.6109529733657837, 0.730021595954895, 1.8549954891204834, 1.0570952892303467, 1.297714114189148, 0.0, 0.0, 0.656154990196228, 0.0, 0.0, 0.6464486122131348, 0.5655052065849304, 0.0, 0.0]
[0.9602997303009033, 2.417293071746826, 1.2741222381591797, 0.0, 1.0755012035369873, 0.0, 0.0, 0.0, 1.1036823987960815, 0.0, 0.0, 0.0, 0.0, 0.0, 0.0, 0.0, 2.417293071746826, 1.1617673635482788, 0.0, 0.0, 0.0]
