[0.16157354414463043, 2.1735036373138428, 0.6116421818733215, 1.7155166119337082, 4.89538437128067, 0.5690828561782837, 0.0, 0.4149613380432129, 0.0, 0.0, 0.0, 0.4172653555870056, 2.0455886274576187, 0.1880178302526474, 1.4422028362751007, 2.4441480338573456, 1.0817521810531616, 0.38944190740585327, 0.0, 1.9797803163528442, 0.0]
[3.0421059131622314, 0.5279535055160522, 1.7144661247730255, 2.600724935531616, 0.0, 0.9602109789848328, 0.0, 0.9190139174461365, 0.0, 0.4620698094367981, 1.9327578246593475, 1.5628299713134766, 5.931034833192825, 0.9902910590171814, 1.8410177826881409, 1.9168727397918701, 0.0, 0.0, 2.5683072209358215, 2.2213592529296875, 0.0]
[0.0, 0.0, 1.1630775332450867, 1.9578964114189148, 1.3934049606323242, 0.0, 0.0, 0.0, 2.069385051727295, 0.9776241183280945, 1.6766014695167542, 0.0, 1.5612238049507141, 0.0, 0.0, 3.2503771781921387, 0.0, 0.0, 2.4931800365448, 3.9145545959472656, 0.0]
[0.29024291038513184, 0.0, 0.19055064022541046, 1.7893925309181213, 0.0, 0.43192675709724426, 2.5264787673950195, 2.1632481813430786, 3.621157854795456, 4.5620644092559814, 1.0299103260040283, 2.0119319558143616, 3.2751848697662354, 10.821495175361633, 0.5626185536384583, 1.4474340677261353, 0.3546277582645416, 2.8856719732284546, 6.110072433948517, 0.0, 1.0779669284820557]
[0.0, 1.4282293319702148, 2.515777498483658, 1.2343907356262207, 3.7664228677749634, 5.819950580596924, 0.15708290040493011, 0.0, 4.2312328815460205, 3.8097816109657288, 6.2142734080553055, 0.0, 1.7973057627677917, 2.042155623435974, 0.0, 0.6957197189331055, 5.8008421659469604, 0.6284724473953247, 3.0458574295043945, 0.0, 0.0]
[0.3538455367088318, 7.672164559364319, 0.0, 1.6842920780181885, 0.5516279935836792, 1.345916986465454, 2.122986316680908, 0.36759111285209656, 0.6090752482414246, 0.236053004860878, 1.0761849284172058, 0.0, 0.3796038031578064, 0.0, 2.5591412782669067, 1.200481653213501, 1.6697498112916946, 0.0, 2.3551474511623383, 2.6782591938972473, 2.5527093410491943]
[2.8731344640254974, 0.5057777166366577, 0.7106605172157288, 0.0, 1.52201446890831, 0.9602109789848328, 1.5460145473480225, 1.999397724866867, 1.5344556868076324, 0.8945562839508057, 0.8550990223884583, 1.5460145473480225, 4.931447356939316, 1.224540114402771, 0.0, 0.0, 1.239020586013794, 2.1643951535224915, 2.1288939714431763, 1.6613283157348633, 0.0]
[2.2753323912620544, 0.7246599793434143, 0.0, 4.266455382108688, 0.9997278451919556, 0.0, 0.956211119890213, 4.077611744403839, 1.4989179819822311, 1.5268256664276123, 0.0, 8.221439480781555, 1.908787801861763, 2.636590838432312, 1.664631962776184, 0.2543383836746216, 2.2627038955688477, 2.460170269012451, 1.482967048883438, 0.9483764171600342, 3.5499239563941956]
[0.9374886155128479, 2.569636344909668, 4.000357508659363, 0.7561201453208923, 1.337806522846222, 0.0, 4.386887192726135, 4.033871293067932, 0.9069696664810181, 5.322224050760269, 2.517052784562111, 0.0, 1.0729956924915314, 10.30213576555252, 0.6584324538707733, 1.25053870677948, 0.1984671801328659, 1.6362214088439941, 9.481109380722046, 0.6659713983535767, 0.48211467266082764]
[0.19917908310890198, 0.7912875413894653, 3.1535050868988037, 3.1178084313869476, 2.158040404319763, 0.0, 0.8434690833091736, 2.593372344970703, 0.25775277614593506, 1.370608150959015, 8.631338611245155, 0.0, 0.48134782910346985, 1.401025801897049, 5.332139581441879, 1.0764182806015015, 3.0873098373413086, 2.298985779285431, 0.6102068424224854, 0.0, 1.1936243772506714]
[1.3053606152534485, 1.7075569033622742, 5.729423850774765, 0.0, 1.1359125971794128, 0.8420540690422058, 0.7554620802402496, 0.0, 1.9966904520988464, 1.5691283643245697, 2.3927879333496094, 1.037585437297821, 2.168909966945648, 0.14619480073451996, 0.5945801883935928, 1.2364064157009125, 0.5417632460594177, 2.1302460432052612, 3.667421281337738, 0.0, 0.7153855562210083]
[0.0, 2.730462074279785, 1.8659213483333588, 0.338220477104187, 4.900283873081207, 2.2459153532981873, 7.380230188369751, 4.548687219619751, 1.7534647583961487, 2.334998846054077, 2.4800057411193848, 1.9368259906768799, 1.8965141326189041, 8.032286286354065, 2.09015753865242, 2.1790005564689636, 1.0417413711547852, 1.0554547309875488, 0.0, 1.2632631361484528, 2.3396246433258057]
[2.720970779657364, 0.5476521253585815, 1.6568177342414856, 2.7577701210975647, 1.0064668506383896, 1.5456266403198242, 0.0, 1.648488610982895, 5.847205251455307, 0.1706724613904953, 5.789236068725586, 1.9003857374191284, 0.10162965208292007, 3.0545910000801086, 1.7367943227291107, 3.7486616373062134, 0.7711398601531982, 0.0, 0.0, 0.0, 2.8709638118743896]
[0.0, 2.9168341755867004, 6.119074255228043, 3.718645066022873, 1.427164375782013, 6.661139607429504, 4.552897572517395, 6.376851201057434, 3.3363074958324432, 2.197476387023926, 0.3940325081348419, 3.754426658153534, 1.1569654196500778, 2.1060304641723633, 0.33088573813438416, 1.2461826652288437, 0.1984671801328659, 0.4170784056186676, 0.6688656210899353, 0.6952714323997498, 0.38281673192977905]
[4.986270070075989, 0.0, 1.5610101222991943, 1.8912705183029175, 1.8539977371692657, 1.624677449464798, 1.2945423126220703, 3.707913339138031, 0.0, 4.286004662513733, 3.527297019958496, 0.3776454031467438, 0.0, 0.5164878964424133, 2.6093729436397552, 0.2233044058084488, 0.0, 1.7902612090110779, 0.19432131946086884, 0.5846170783042908, 8.009896636009216]
[1.59378020465374, 0.0, 5.5707902908325195, 1.2302772104740143, 10.593268722295761, 1.7538504600524902, 0.0, 0.9086159765720367, 3.528333842754364, 1.5713778138160706, 0.0, 0.0, 1.183974802494049, 0.0, 0.0, 1.813840925693512, 4.066421806812286, 0.8019052743911743, 1.8822266459465027, 0.2281559556722641, 0.0]
[2.970900297164917, 1.5375324487686157, 0.0, 0.5548783540725708, 0.1740114390850067, 0.0, 3.3455100655555725, 2.7360857725143433, 0.9122135639190674, 15.788792848587036, 1.6801079511642456, 0.0, 1.8603583872318268, 9.969776690006256, 0.14898627996444702, 0.7252944707870483, 0.0, 0.8616877794265747, 0.260602205991745, 0.4935036599636078, 0.0]
[1.6610842943191528, 2.897895008325577, 7.669073164463043, 1.3452738523483276, 0.48540782928466797, 3.281621068716049, 0.0, 0.9066395163536072, 1.2551867365837097, 0.2912105619907379, 2.1753320693969727, 4.476714551448822, 2.4432156085968018, 2.667162775993347, 0.4498533010482788, 3.3204683363437653, 1.3468445539474487, 0.0, 7.682760775089264, 4.152290940284729, 1.3111619651317596]
[9.534231185913086, 3.162578582763672, 0.6664659976959229, 0.6798812448978424, 2.3606246411800385, 0.9047051966190338, 2.7610755562782288, 9.003474712371826, 4.913982093334198, 0.0, 4.627694129943848, 2.578817754983902, 1.1057207584381104, 0.44792166352272034, 1.4648066461086273, 0.0, 0.7071455121040344, 2.1287530958652496, 0.0, 3.2147018909454346, 0.0]
[1.5229169130325317, 11.328532934188843, 1.5032470226287842, 0.7144265472888947, 2.9596046209335327, 2.85347318649292, 5.8290005922317505, 0.20168831944465637, 0.0, 0.6889826357364655, 11.098730772733688, 1.554822564125061, 3.1451674699783325, 0.7803466469049454, 0.0, 0.0, 3.1706929206848145, 5.249132871627808, 0.0, 0.0, 0.0]
[0.271807998418808, 1.2124289274215698, 1.2137556076049805, 0.9180603623390198, 1.5228652954101562, 3.329310178756714, 0.0, 0.0, 4.125977426767349, 3.6624268740415573, 0.0, 1.6464728116989136, 0.1253998875617981, 2.2623350620269775, 0.0, 3.646310716867447, 0.9004198312759399, 1.9656573832035065, 0.0, 1.0206830501556396, 0.0]
