[0.0018360630016435277, 0.024698904969475487, 0.006950479339469563, 0.01949450695379214, 0.055629367855462165, 0.006466850638389587, 0.0, 0.0047154697504910555, 0.0, 0.0, 0.0, 0.004741651768034155, 0.023245325312018394, 0.002136566252870993, 0.016388668594035236, 0.027774409475651653, 0.012292638421058655, 0.00442547622052106, 0.0, 0.022497503594918686, 0.0]
[0.034569385376843544, 0.005999471653591503, 0.019482569599693474, 0.029553692449222912, 0.0, 0.010911488397554918, 0.0, 0.010443339970978825, 0.0, 0.005250793289054524, 0.021963157098401676, 0.017759431492198597, 0.06739812310446393, 0.011253307488831608, 0.020920656621456146, 0.02178264477036216, 0.0, 0.0, 0.029185309328816154, 0.025242718783291904, 0.0]
[0.0, 0.0, 0.013216790150512348, 0.022248822857033123, 0.015834147279912777, 0.0, 0.0, 0.0, 0.023515739224173805, 0.011109364981001074, 0.01905228942632675, 0.0, 0.01774117960171266, 0.0, 0.0, 0.03693610429763794, 0.0, 0.0, 0.028331591324372726, 0.044483574953946205, 0.0]
[0.0032982148907401347, 0.0, 0.0021653481843796644, 0.02033400603316047, 0.0, 0.004908258603377776, 0.02870998599312522, 0.02458236569708044, 0.04114952107722109, 0.051841641014272515, 0.011703526431863958, 0.02286286313425411, 0.03721800988370722, 0.12297153608365492, 0.00639339265498248, 0.01644811440597881, 0.004029860889369791, 0.032791726968505165, 0.06943264129486951, 0.0, 0.012249624187296087]
[0.0, 0.016229878772388805, 0.02858838066458702, 0.014027167450297962, 0.04280025986107913, 0.06613580205223778, 0.001785032959146933, 0.0, 0.048082191835750236, 0.043292972851883285, 0.07061674327335575, 0.0, 0.02042392912236127, 0.023206313902681526, 0.0, 0.007905905896967108, 0.06591866097667001, 0.007141732356765054, 0.03461201624436812, 0.0, 0.0]
[0.004020972008054907, 0.08718368817459453, 0.0, 0.019139682704752144, 0.006268499927087264, 0.015294511209834705, 0.024124844507737594, 0.004177171736955643, 0.006921309639107098, 0.0026824205097827044, 0.012229374186559156, 0.0, 0.004313679581338709, 0.0, 0.029081150889396667, 0.01364183696833524, 0.018974429673769257, 0.0, 0.026763039217753845, 0.030434763567014175, 0.029008060693740845]
[0.032649255273017014, 0.005747474052689292, 0.008075687695633282, 0.0, 0.01729561896486716, 0.010911488397554918, 0.0175683471289548, 0.022720428691668945, 0.017436996440995823, 0.010165412317622791, 0.009717034345323389, 0.0175683471289548, 0.05603917451067404, 0.013915228572758762, 0.0, 0.0, 0.014079779386520386, 0.024595399471846493, 0.024191976948217914, 0.018878730860623447, 0.0]
[0.025856049900705166, 0.0082347724925388, 0.0, 0.04848244752396237, 0.011360543695363132, 0.0, 0.010866035453297876, 0.046336497095498176, 0.017033158886161717, 0.01735029166395014, 0.0, 0.09342544864524495, 0.021690770475701854, 0.02996125952763991, 0.01891627230427482, 0.0028902089053934273, 0.025712544267827816, 0.027956480329686947, 0.016851898282766342, 0.010777004740454935, 0.04034004495902495]
[0.010653279721736908, 0.029200413010337135, 0.045458608052947304, 0.008592274378646503, 0.01520234685052525, 0.0, 0.04985099082643336, 0.0458394465121356, 0.010306473482738842, 0.06047981875863943, 0.02860287255184217, 0.0, 0.012193132869221949, 0.11706972460855138, 0.007482186975804242, 0.014210667122494091, 0.0022553088651462035, 0.018593425100499935, 0.10773987932638689, 0.007567856799472463, 0.005478575825691223]
[0.002263398671692068, 0.008991903879425743, 0.0358352850783955, 0.03542964126576077, 0.024523186412724583, 0.0, 0.009584875946695154, 0.02947014028375799, 0.0029290088198401713, 0.01557509262453426, 0.09808339330960404, 0.0, 0.005469861694357612, 0.0159207477488301, 0.06059249524365772, 0.012232025915926153, 0.035083066333423965, 0.026124838400970806, 0.006934168663891879, 0.0, 0.01356391337784854]
[0.014833643355152824, 0.019404055720025844, 0.06510708921334961, 0.0, 0.0129080976952206, 0.009568796239115976, 0.008584796366366474, 0.0, 0.022689664228395984, 0.01783100414005193, 0.027190771969881924, 0.011790743605657057, 0.02464670416983691, 0.0016613045538013632, 0.006756593049927192, 0.014050072905692188, 0.006156400523402474, 0.024207341400059788, 0.041675241833383385, 0.0, 0.008129381320693276]
[0.0, 0.031027978116815742, 0.02120365168560635, 0.0038434145125475798, 0.055685044012286446, 0.025521765378388492, 0.08386625214056535, 0.05168962749567899, 0.019925735890865326, 0.026534077796069058, 0.02818188342181119, 0.022009386257691818, 0.021551296961578457, 0.09127598052675075, 0.02375179021195932, 0.024761369959874588, 0.011837970126758923, 0.011993803761222147, 0.0, 0.014355262910777872, 0.026586643674156883]
[0.030920122496106407, 0.006223319606347518, 0.018827474252744156, 0.031338296830654144, 0.011437123302708973, 0.017563939094543457, 0.0, 0.018732825124805626, 0.06644551422108304, 0.0019394597885283558, 0.0657867735082453, 0.021595292470671913, 0.0011548824100331826, 0.03471126136454669, 0.019736299121921715, 0.042598427696661514, 0.008762952956286344, 0.0, 0.0, 0.0, 0.03262458877129988]
[0.0, 0.033145842904394325, 0.06953493471850049, 0.04225733029571447, 0.016217776997522873, 0.07569476826624437, 0.0517374724149704, 0.07246421819383449, 0.03791258517991413, 0.02497132257981734, 0.004477642137895931, 0.04266393929719925, 0.013147334314205431, 0.02393216436559504, 0.0037600652060725474, 0.01416116665032777, 0.0022553088651462035, 0.0047395273365757684, 0.007600745694203811, 0.007900811731815338, 0.004350190135565671]
[0.05666215988722715, 0.0, 0.017738751389763573, 0.021491710435260426, 0.0210681561041962, 0.01846224374391816, 0.014710708097978073, 0.04213537885384126, 0.0, 0.04870459843765606, 0.04008292068134655, 0.004291425035758452, 0.0, 0.005869180641391061, 0.029651965268633583, 0.0025375500660051, 0.0, 0.020343877375125885, 0.002208196812055328, 0.0066433758898214864, 0.09102155268192291]
[0.018111138689247044, 0.0, 0.06330443512309682, 0.013980422846295618, 0.12037805366245183, 0.019930118864232845, 0.0, 0.010325181551954964, 0.04009470275857232, 0.017856566066091713, 0.0, 0.0, 0.013454259119250559, 0.0, 0.0, 0.020611828701062637, 0.046209338713775985, 0.009112559936263346, 0.021388939158482986, 0.0025926813144575467, 0.0]
[0.03376023064960133, 0.017471959645097908, 0.0, 0.006305435841733759, 0.0019774027168750763, 0.0, 0.03801715983585878, 0.031091883778572083, 0.010366063226353039, 0.17941810055212543, 0.01909213580868461, 0.0, 0.021140436218543487, 0.11329291693188928, 0.001693025908686898, 0.008241982622580095, 0.0, 0.009791906584392895, 0.0029613887044516478, 0.0056079961359500885, 0.0]
[0.018875957889990375, 0.032930625094608826, 0.08714855868708003, 0.015287202867594633, 0.005515998060053045, 0.037291148508136925, 0.0, 0.010302721776745537, 0.014263485642996702, 0.003309210931712931, 0.02471968260678378, 0.05087175626646389, 0.027763813734054565, 0.03030866790901531, 0.005111969330094077, 0.03773259473117915, 0.015305051749402826, 0.0, 0.08730409971692346, 0.047185124321417374, 0.014899567785588179]
[0.1083435362035578, 0.03593839298595082, 0.0075734772465445785, 0.007725923237475482, 0.026825280013409527, 0.01028074087067084, 0.031375858594070785, 0.10231221264058894, 0.055840705606070434, 0.0, 0.05258743329481645, 0.029304747215726158, 0.012565008618614891, 0.005090018903667276, 0.01664553006941622, 0.0, 0.008035744455727665, 0.024190376089377838, 0.0, 0.03653070330619812, 0.0]
[0.017305874011733315, 0.1287333287976005, 0.017082352529872547, 0.008118483491919258, 0.033631870692426506, 0.032425831664692276, 0.06623864309354262, 0.002291912720962004, 0.0, 0.007829348133368925, 0.12612194059924647, 0.017668438228693874, 0.03574053943157196, 0.008867575533010744, 0.0, 0.0, 0.03603060137141835, 0.05964923717758872, 0.0, 0.0, 0.0]
[0.0030887272547591815, 0.013777601447972385, 0.013792677359147505, 0.010432504117488861, 0.017305287447842686, 0.03783307021314448, 0.0, 0.0, 0.04688610712235624, 0.0416184872050177, 0.0, 0.018709918314760383, 0.0014249987222931602, 0.025708352977579292, 0.0, 0.0414353490553119, 0.010232043537226591, 0.022337015718221664, 0.0, 0.011598671024495905, 0.0]
