[0.4770030426228685, 0.0, 2.024860988387896, 0.0, 3.19662478245961, 1.2649262309076734, 0.0, 0.0, 0.0, 0.0, 0.5325956358740124, 0.0, 0.0, 0.0, 0.6434621261961566, 0.4934433168110579, 0.0, 0.0, 0.0, 1.547550649309034, 0.0]
[0.0, 0.0, 0.0, 0.0, 0.0, 0.0, 1.2197865325396327, 0.0, 0.0, 0.0, 1.8632302843999946, 0.0, 0.0, 0.0, 1.7589385287910104, 0.0, 0.0, 0.6953426986290242, 0.0, 0.0, 1.4659055629228863]
[0.0, 0.0, 0.0, 0.8969300033363776, 0.0, 0.0, 0.0, 0.0, 6.8436195350839375, 0.0, 0.0, 1.314600231709311, 0.0, 0.0, 0.0, 0.0, 0.0, 1.2070801384398635, 0.0, 2.7038907413499587, 0.0]
[1.464429465683413, 0.0, 0.0, 1.18233539508335, 0.0, 0.0, 0.0, 0.0, 0.0, 0.0, 0.0, 0.0, 0.0, 0.0, 1.1006098145593357, 0.0, 1.9883632139329606, 0.0, 0.8551741130984686, 1.6842094341632212, 1.2873020521297869]
[2.0731924777345685, 0.0, 0.0, 0.0, 0.0, 0.0, 0.0, 0.0, 0.0, 0.0, 1.1583780208761514, 0.8421545474712454, 1.0775915631645008, 0.0, 1.399508898983317, 2.1464461418795926, 0.0, 0.0, 0.0, 0.0, 0.0]
[0.0, 0.0, 0.0, 0.7693663233098729, 0.0, 0.8957955502873682, 1.3310762848917719, 0.0, 0.0, 0.5648058333458615, 1.5207334299308848, 0.0, 0.9914482299306872, 0.9866201992923209, 1.0085296639169055, 0.8942836285078107, 0.0, 0.0, 0.5564767472415598, 1.095944533270996, 0.9385183782858462]
[2.241265336167031, 0.0, 0.0, 0.0, 0.0, 0.0, 0.0, 0.0, 1.9250491651609916, 1.3284080298637901, 0.0, 1.5042894811433736, 0.0, 0.0, 0.0, 0.0, 0.0, 1.3812548352670915, 0.0, 0.0, 0.0]
[0.0, 0.0, 0.0, 0.0, 0.0, 0.0, 0.0, 0.9067628237907785, 0.0, 0.8428226699475674, 0.8251808681882221, 0.0, 0.7397365807501818, 0.9752946135429664, 0.0, 0.0, 0.0, 0.7629685530010071, 0.0, 0.0, 0.624999991177339]
[0.0, 2.427611198830733, 1.3710914993943069, 0.0, 0.0, 1.9620922868111212, 0.0, 0.0, 0.0, 2.265939111737098, 1.4540542986086806, 0.7408583997485613, 0.0, 0.8715823486733544, 0.0, 0.0, 0.0, 0.0, 0.5320770781548725, 0.0, 0.0]
[0.0, 2.6628265665909217, 0.0, 0.0, 0.0, 1.3778661737834135, 0.35815094854038126, 0.0, 1.2589475722895322, 0.8687549411313236, 2.3391130232993778, 0.0, 0.0, 0.0, 0.4085965688474048, 0.0, 0.0, 0.7864438189530664, 2.876813935574405, 0.0, 0.38023212071197443]
[2.764654105759523, 0.7324816639001704, 0.0, 0.0, 0.0, 2.1779345811681643, 0.0, 0.0, 0.0, 2.7464082770394627, 0.5, 1.2193018109655054, 2.4104935742442106, 0.0, 0.0, 0.46324384668137253, 0.0, 0.0, 0.0, 0.6614218640013472, 2.5987611667413417]
[0.0, 0.0, 0.0, 0.0, 0.0, 6.095316500966505, 0.0, 0.0, 0.0, 2.2970832727563053, 0.0, 0.0, 0.0, 1.1600320613726354, 3.744427695504699, 0.9093331157789997, 0.0, 1.0988463693354378, 0.0, 0.0, 0.0]
[1.1486794905184312, 0.0, 0.0, 0.0, 0.0, 1.5095866682109853, 0.0, 0.0, 1.37929967975152, 0.0, 0.0, 1.305740284432711, 1.6707796500876162, 3.0111180351355067, 0.0, 0.0, 0.0, 0.8616258075116984, 0.0, 1.6966172741627383, 1.4116339561214482]
[0.8867794259214441, 0.0, 0.0, 1.431917042141476, 0.0, 0.8336112471565447, 0.0, 0.0, 0.0, 0.0, 0.0, 0.0, 0.0, 0.0, 0.0, 0.0, 0.0, 0.0, 0.5178472551748613, 0.0, 1.3160275833792674]
[1.147400591789625, 1.8768012121681208, 3.986943026289907, 0.0, 0.0, 0.0, 0.0, 1.6894985135933565, 0.0, 1.4991839271973946, 1.281125034820896, 0.0, 0.0, 0.0, 0.0, 0.0, 0.0, 0.0, 0.7736030357294481, 0.0, 0.0]
[0.0, 1.0519933241500303, 0.0, 0.0, 0.0, 0.0, 0.7604715629640244, 0.0, 0.7354149590406197, 0.5074837693033648, 0.0, 0.0, 0.0, 0.0, 0.9888969986789301, 0.6653128093132779, 1.4018255567928457, 0.0, 0.5, 0.0, 0.0]
[0.0, 2.523559704893125, 0.0, 0.0, 0.0, 0.0, 3.9791587571510316, 0.0, 0.0, 0.0, 0.0, 0.0, 0.0, 0.0, 0.0, 0.0, 0.0, 0.0, 0.0, 0.0, 0.0]
[0.0, 1.506519970895135, 0.0, 0.0, 0.0, 1.541751500654232, 0.0, 2.1923334463339765, 0.0, 0.0, 0.0, 0.0, 0.0, 0.0, 0.0, 0.0, 0.0, 0.0, 0.0, 1.3603689219450612, 0.0]
[0.0, 2.3014494208836123, 1.7875651660647316, 0.0, 0.0, 1.1776355539564383, 0.0, 1.2418941448656948, 0.0, 0.0, 1.5709945684631983, 1.7495402920486156, 1.0131365188221593, 0.0, 0.0, 0.0, 1.7144798795362606, 0.0, 1.137299733534462, 0.0, 0.0]
[0.6481361276513998, 0.5300775839196666, 1.6468720811896038, 0.6515620591977971, 5.1927598129849075, 1.3011065656271934, 1.5104495487159464, 0.0, 0.0, 0.0, 2.735227964946695, 1.0973792220082939, 0.0, 0.0, 0.0, 0.33523731726220424, 0.0, 0.8660085526170449, 1.2463555291050394, 0.0, 0.7094071658782385]
[1.6492389607736289, 0.0, 4.190609950530794, 0.0, 0.0, 1.0447318796834657, 1.5523830678029973, 0.0, 0.0, 0.0, 0.0, 0.0, 1.1562879352368685, 2.083888966881213, 0.0, 0.0, 1.8195623240187915, 0.5963010040682349, 0.0, 0.0, 0.0]
