[0.20387224853038788, 0.0, 0.8549795746803284, 0.0, 1.358106553554535, 0.5341038703918457, 0.0, 0.0, 0.0, 0.0, 0.22763265669345856, 0.0, 0.0, 0.0, 0.27501726150512695, 0.21089886128902435, 0.0, 0.0, 0.0, 0.6534395217895508, 0.0]
[0.0, 0.0, 0.0, 0.0, 0.0, 0.0, 0.5150440335273743, 0.0, 0.0, 0.0, 0.7963491082191467, 0.0, 0.0, 0.0, 0.7465690076351166, 0.0, 0.0, 0.29719114303588867, 0.0, 0.0, 0.6225695908069611]
[0.0, 0.0, 0.0, 0.3787207305431366, 0.0, 0.0, 0.0, 0.0, 2.920054614543915, 0.0, 0.0, 0.5618633031845093, 0.0, 0.0, 0.0, 0.0, 0.0, 0.51590895652771, 0.0, 1.1490550637245178, 0.0]
[0.6183423399925232, 0.0, 0.0, 0.49923062324523926, 0.0, 0.0, 0.0, 0.0, 0.0, 0.0, 0.0, 0.0, 0.0, 0.0, 0.4704032838344574, 0.0, 0.849831223487854, 0.0, 0.36108967661857605, 0.7111424803733826, 0.5435518622398376]
[0.8807417750358582, 0.0, 0.0, 0.0, 0.0, 0.0, 0.0, 0.0, 0.0, 0.0, 0.49509355425834656, 0.355592280626297, 0.4550034701824188, 0.0, 0.5981534719467163, 0.9173962473869324, 0.0, 0.0, 0.0, 0.0, 0.0]
[0.0, 0.0, 0.0, 0.3248580992221832, 0.0, 0.37824171781539917, 0.5620351433753967, 0.0, 0.0, 0.2384842485189438, 0.6421161890029907, 0.0, 0.4186302125453949, 0.4216838479042053, 0.4310480058193207, 0.37760332226753235, 0.0, 0.0, 0.23496736586093903, 0.4627528488636017, 0.4011250138282776]
[0.9463543891906738, 0.0, 0.0, 0.0, 0.0, 0.0, 0.0, 0.0, 0.8128349184989929, 0.5609084963798523, 0.0, 0.6429369449615479, 0.0, 0.0, 0.0, 0.0, 0.0, 0.5903516411781311, 0.0, 0.0, 0.0]
[0.0, 0.0, 0.0, 0.0, 0.0, 0.0, 0.0, 0.3828725516796112, 0.0, 0.3558743894100189, 0.35268428921699524, 0.0, 0.3123472034931183, 0.4168432652950287, 0.0, 0.0, 0.0, 0.322156697511673, 0.0, 0.0, 0.2639006972312927]
[0.0, 1.0306130647659302, 0.5789312124252319, 0.0, 0.0, 0.8341822326183319, 0.0, 0.0, 0.0, 0.9656805247068405, 0.6139615178108215, 0.3128208816051483, 0.0, 0.372516393661499, 0.0, 0.0, 0.0, 0.0, 0.2246648222208023, 0.0, 0.0]
[0.0, 1.1269120126962662, 0.0, 0.0, 0.0, 0.5817917585372925, 0.15307457745075226, 0.0, 0.5315794348716736, 0.36682406067848206, 0.9876697063446045, 0.0, 0.0, 0.0, 0.1746351569890976, 0.0, 0.0, 0.33206892013549805, 1.2207216620445251, 0.0, 0.16251212358474731]
[1.1696619242429733, 0.31306442618370056, 0.0, 0.0, 0.0, 0.9196135401725769, 0.0, 0.0, 0.0, 1.1596465110778809, 0.21370120346546173, 0.5211325287818909, 1.017809510231018, 0.0, 0.0, 0.1979915350675583, 0.0, 0.0, 0.0, 0.2826932966709137, 1.1002052277326584]
[0.0, 0.0, 0.0, 0.0, 0.0, 2.57369327545166, 0.0, 0.0, 0.0, 0.9817789196968079, 0.0, 0.0, 0.0, 0.4958004951477051, 1.5810513496398926, 0.38865116238594055, 0.0, 0.4696495831012726, 0.0, 0.0, 0.0]
[0.4909483790397644, 0.0, 0.0, 0.0, 0.0, 0.6374095678329468, 0.0, 0.0, 0.5823970437049866, 0.0, 0.0, 0.5513372421264648, 0.7054718732833862, 1.2714178562164307, 0.0, 0.0, 0.0, 0.3638138473033905, 0.0, 0.7251383066177368, 0.5960499048233032]
[0.3744347393512726, 0.0, 0.0, 0.6046142578125, 0.0, 0.3519849479198456, 0.0, 0.0, 0.0, 0.0, 0.0, 0.0, 0.0, 0.0, 0.0, 0.0, 0.0, 0.0, 0.21865640580654144, 0.0, 0.5624733567237854]
[0.4904017746448517, 0.8021493554115295, 1.6834512948989868, 0.0, 0.0, 0.0, 0.0, 0.7133757472038269, 0.0, 0.6407548189163208, 0.5475559234619141, 0.0, 0.0, 0.0, 0.0, 0.0, 0.0, 0.0, 0.326647013425827, 0.0, 0.0]
[0.0, 0.4496244788169861, 0.0, 0.0, 0.0, 0.0, 0.32502737641334534, 0.0, 0.3105224370956421, 0.21428051590919495, 0.0, 0.0, 0.0, 0.0, 0.41755297780036926, 0.2843562960624695, 0.5919083952903748, 0.0, 0.21112056076526642, 0.0, 0.0]
[0.0, 1.0785754919052124, 0.0, 0.0, 0.0, 0.0, 1.6801644563674927, 0.0, 0.0, 0.0, 0.0, 0.0, 0.0, 0.0, 0.0, 0.0, 0.0, 0.0, 0.0, 0.0, 0.0]
[0.0, 0.6438902616500854, 0.0, 0.0, 0.0, 0.6589483022689819, 0.0, 0.9256933331489563, 0.0, 0.0, 0.0, 0.0, 0.0, 0.0, 0.0, 0.0, 0.0, 0.0, 0.0, 0.5814249515533447, 0.0]
[0.0, 0.9836450219154358, 0.7640096545219421, 0.0, 0.0, 0.5033242702484131, 0.0, 0.524378776550293, 0.0, 0.0, 0.6714468598365784, 0.7436711192131042, 0.4277878999710083, 0.0, 0.0, 0.0, 0.7327728271484375, 0.0, 0.4802147150039673, 0.0, 0.0]
[0.27701494097709656, 0.2265564352273941, 0.7038770914077759, 0.27511629462242126, 2.20963591337204, 0.5521805584430695, 0.6397516429424286, 0.0, 0.0, 0.0, 1.1623958945274353, 0.4656357318162918, 0.0, 0.0, 0.0, 0.1432812362909317, 0.0, 0.36566442251205444, 0.5326953530311584, 0.0, 0.2995408773422241]
[0.7048887014389038, 0.0, 1.7910767793655396, 0.0, 0.0, 0.44112876057624817, 0.6554799675941467, 0.0, 0.0, 0.0, 0.0, 0.0, 0.4882323145866394, 0.8799036145210266, 0.0, 0.0, 0.7682940363883972, 0.2517828047275543, 0.0, 0.0, 0.0]
