[0.0, 0.6970752477645874, 0.0, 1.0181735754013062, 0.0, 0.0, 0.0, 0.0, 2.1399600505828857, 0.0, 0.0, 0.0, 0.0, 2.0656615495681763, 0.876547634601593, 0.9532470703125, 0.0, 0.6756396293640137, 0.7149797081947327, 0.0, 0.0]
[0.0, 0.4996752440929413, 0.0, 1.0181735754013062, 0.0, 1.3933181762695312, 0.7437750101089478, 0.6970752477645874, 0.7149797081947327, 0.0, 0.0, 1.0459976494312286, 0.0, 1.6952459812164307, 1.4185975193977356, 1.9723309874534607, 0.7437750101089478, 0.820781946182251, 0.6798714399337769, 0.0, 0.0]
[0.0, 0.4869769811630249, 0.0, 0.0, 0.0, 1.7198400497436523, 2.7550922632217407, 0.0, 0.43090152740478516, 0.7464548349380493, 1.0288861989974976, 0.3661262094974518, 0.901212751865387, 2.5654982924461365, 0.5420498847961426, 1.1433111429214478, 1.076778918504715, 1.5006533861160278, 0.43090152740478516, 0.5170689821243286, 1.0288861989974976]
[0.8005523085594177, 0.0, 0.48925623297691345, 0.0, 0.0, 0.0, 0.724873423576355, 0.0, 0.43090152740478516, 0.0, 1.8294385075569153, 0.0, 3.330268442630768, 0.6312964558601379, 1.00466787815094, 0.5642983317375183, 0.79807248711586, 0.0, 0.9359065890312195, 0.5170689821243286, 0.0]
[2.062234342098236, 0.6922851204872131, 0.3677114248275757, 0.8799948692321777, 0.0, 0.0, 0.0, 0.4402219355106354, 0.0, 0.0, 0.8799948692321777, 1.032296597957611, 2.0013672709465027, 0.0, 1.8463514149188995, 0.5377134680747986, 0.4461669921875, 0.4402219355106354, 1.43472558259964, 0.0, 0.0]
[0.0, 0.6922851204872131, 0.32591456174850464, 0.5182567238807678, 1.170210838317871, 0.2757725715637207, 0.0, 0.4402219355106354, 0.3639291524887085, 2.7231401205062866, 0.43448635935783386, 0.34001147747039795, 0.8587554097175598, 0.5182567238807678, 0.2516935169696808, 1.014306366443634, 0.2972109913825989, 0.3377980887889862, 0.3639291524887085, 2.279849350452423, 1.0244763791561127]
[1.0911277532577515, 0.0, 0.0, 0.5182567238807678, 0.0, 0.0, 2.641371726989746, 0.0, 0.3639291524887085, 1.8431452512741089, 0.43448635935783386, 0.0, 0.0, 0.0, 0.0, 0.47659289836883545, 1.8038697838783264, 1.1691236197948456, 0.0, 0.4367040991783142, 0.0]
[0.0, 0.0, 2.2847445011138916, 0.0, 0.0, 0.0, 1.5066587924957275, 0.0, 0.8133112192153931, 0.0, 0.0, 1.34697687625885, 2.2847445011138916, 0.0, 0.0, 0.0, 0.0, 1.5862389206886292, 0.8133112192153931, 0.0, 0.0]
[0.9717812538146973, 1.1181318759918213, 2.2847445011138916, 0.0, 0.6584877967834473, 0.0, 0.0, 0.0, 1.476486325263977, 2.2683905363082886, 1.7635302543640137, 2.4651087522506714, 0.0, 0.0, 0.6584877967834473, 0.0, 0.0, 1.3704708218574524, 0.663175106048584, 1.1195659637451172, 0.7917490005493164]
[0.9717812538146973, 2.0977689027786255, 0.7762860059738159, 0.0, 1.5191927552223206, 0.0, 0.0, 0.9293649792671204, 1.5300068855285645, 1.1195659637451172, 0.7917490005493164, 0.0, 1.8129427433013916, 0.0, 1.9234195351600647, 0.0, 0.0, 2.3495134115219116, 0.8668317794799805, 1.0401722192764282, 2.4573607444763184]
[0.6946630477905273, 1.6072577238082886, 2.1666539311408997, 1.3501811027526855, 1.6228737831115723, 0.0, 0.0, 1.9458836913108826, 4.134968161582947, 0.8212197422981262, 1.2606328129768372, 1.9628055095672607, 3.4702837467193604, 2.044708251953125, 1.9344947338104248, 0.0, 0.7743046879768372, 1.8211097121238708, 3.520470380783081, 1.0401722192764282, 3.6952821016311646]
[1.8808908462524414, 0.6517068147659302, 0.6658627986907959, 1.3501811027526855, 1.1254688501358032, 0.0, 0.0, 3.5013712644577026, 4.868192136287689, 2.3944501876831055, 3.073214828968048, 1.9628055095672607, 0.9914782047271729, 0.6945271492004395, 0.8717801570892334, 1.8628621697425842, 0.7743046879768372, 0.0, 2.8234490156173706, 1.181782841682434, 3.1791966557502747]
[1.0379724502563477, 0.6922521591186523, 0.548555850982666, 0.8722923398017883, 0.0, 0.4641605019569397, 0.7760490775108337, 0.6567278504371643, 1.7726399898529053, 1.181782841682434, 3.969837188720703, 0.5072327852249146, 0.0, 1.7696989178657532, 1.6970787644386292, 0.9167416095733643, 0.0, 0.6567278504371643, 1.199221134185791, 0.0, 3.1990649700164795]
[0.0, 0.0, 0.9456298351287842, 1.8083636164665222, 0.6684821248054504, 1.5709569454193115, 0.0, 0.6567278504371643, 0.0, 0.0, 2.2663580775260925, 0.5072327852249146, 2.353684663772583, 1.3199579417705536, 2.2448168992996216, 1.0607991218566895, 0.0, 0.0, 0.0, 0.0, 2.962790161371231]
[0.0, 0.4395085275173187, 0.9456298351287842, 0.0, 1.5628037452697754, 2.47997784614563, 1.1411151885986328, 0.0, 0.4395085275173187, 1.520532488822937, 1.8790755867958069, 0.0, 1.4080548286437988, 0.0, 1.719698190689087, 1.4191787242889404, 0.0, 0.0, 0.0, 1.9430838525295258, 1.0753096342086792]
[1.5973947048187256, 0.0, 0.0, 0.0, 2.2291948199272156, 2.0736389756202698, 1.396712064743042, 1.3296811282634735, 0.0, 1.520532488822937, 1.0753096342086792, 0.6875370740890503, 0.6544602513313293, 0.0, 0.508949339389801, 1.0873101949691772, 1.396712064743042, 0.8901726007461548, 0.0, 0.0, 1.1768654584884644]
[2.6580291390419006, 0.0, 0.8071922659873962, 2.435790181159973, 0.0, 0.43547216057777405, 1.396712064743042, 0.8901726007461548, 0.0, 1.9403389692306519, 1.6842106580734253, 1.9728578329086304, 0.8071922659873962, 2.4786977767944336, 0.508949339389801, 1.0873101949691772, 0.0, 0.0, 0.6308605074882507, 1.9403389692306519, 1.1768654584884644]
[2.349840521812439, 0.44392672181129456, 2.262442648410797, 2.7555224895477295, 0.3900321424007416, 1.2142459154129028, 0.4976639151573181, 0.4211457073688507, 1.1784255504608154, 3.283940553665161, 1.406894326210022, 0.9758330583572388, 1.1034730672836304, 1.9607059955596924, 0.3900321424007416, 1.1333458423614502, 0.0, 1.0520062148571014, 1.8513463735580444, 0.6631356477737427, 1.406894326210022]
[0.7033950090408325, 0.9382266998291016, 1.475208818912506, 2.301005005836487, 0.8021931350231171, 0.6189332008361816, 1.2241824865341187, 0.8661855459213257, 1.59352046251297, 0.6631356477737427, 1.9024662673473358, 3.0382288694381714, 0.8681538105010986, 1.1822396516799927, 0.6666091084480286, 1.6016093492507935, 0.6982831358909607, 0.8303298652172089, 1.0880157351493835, 0.0, 0.49557194113731384]
[0.0, 2.3618109226226807, 0.9383146166801453, 1.1822396516799927, 1.6672403216362, 1.079607903957367, 2.315809965133667, 1.5683844983577728, 1.1136011481285095, 0.0, 0.9125369489192963, 4.39693808555603, 1.598602294921875, 0.5116766691207886, 1.1621052026748657, 1.6375013589859009, 1.1750448942184448, 1.5086346864700317, 1.2968122959136963, 0.0, 0.4169650077819824]
[2.5560662746429443, 2.5415475368499756, 0.7244151830673218, 2.2766435146331787, 0.6935691833496094, 0.550304651260376, 2.5358150005340576, 1.1233446598052979, 0.698506236076355, 0.0, 1.602299451828003, 3.190531849861145, 0.7304484844207764, 1.6636136770248413, 0.7099403440952301, 0.0, 2.021385431289673, 0.0, 0.5983060598373413, 0.0, 0.0]
