[0.41344574093818665, 0.0, 0.9287735223770142, 2.5676486492156982, 0.0, 0.0, 0.0, 0.0, 0.0, 1.1685218811035156, 2.1104671955108643, 0.0, 0.0, 0.0, 1.0871597528457642, 0.0, 0.4231535494327545, 1.185557246208191, 0.0, 0.0, 0.0]
[0.0, 0.0, 0.0, 0.0, 0.0, 1.240001916885376, 0.9783262014389038, 0.0, 0.0, 0.0, 0.5317232012748718, 0.0, 1.435872197151184, 2.5201287269592285, 0.8193654417991638, 9.254643440246582, 0.0, 0.0, 0.0, 0.0, 0.0]
[0.0, 0.0, 0.0, 1.4970463514328003, 0.0, 0.5313875079154968, 0.0, 1.8617658615112305, 0.0, 0.0, 0.8439362049102783, 0.0, 0.0, 1.5527046918869019, 0.0, 0.0, 0.0, 0.8634514808654785, 0.0, 0.0, 0.0]
[0.0, 0.0, 0.0, 1.2032042741775513, 0.0, 0.0, 0.0, 0.0, 0.0, 0.0, 0.0, 0.12368431687355042, 1.0751370191574097, 0.7748438119888306, 0.9191514253616333, 0.0, 2.22115620970726, 0.0, 0.5866595506668091, 0.9245868921279907, 0.6129520535469055]
[0.0, 0.0, 0.20005276799201965, 0.35241076350212097, 0.0, 0.0, 0.8988890051841736, 0.0, 1.9016127586364746, 0.0, 0.0, 0.0, 0.0, 0.0, 0.0, 0.0, 0.6523768305778503, 0.41021162271499634, 1.0216882228851318, 0.0, 0.0]
[0.0, 0.0, 0.5127066373825073, 0.3198714554309845, 0.0, 1.165388822555542, 0.0, 1.4354700446128845, 0.0, 0.0, 0.5407200455665588, 4.596738189458847, 0.0, 0.0, 0.0, 2.053548574447632, 0.9345187544822693, 0.0, 0.0, 0.0, 0.955313503742218]
[0.0, 0.0, 0.8586782217025757, 1.1703619360923767, 0.3202916085720062, 4.669428646564484, 0.0, 0.4976999759674072, 0.0, 0.0, 0.0, 0.0, 0.2826586961746216, 0.0, 0.0, 0.23033905029296875, 0.0, 0.0, 0.0, 0.9420598745346069, 0.796068012714386]
[0.0, 0.0, 0.45995447039604187, 0.0, 0.0, 0.0, 3.0250256657600403, 1.5725263357162476, 0.0, 0.0, 0.0, 0.6004309058189392, 3.922655463218689, 1.585816204547882, 0.0, 0.0, 0.8447843194007874, 1.8963710069656372, 0.0, 0.0, 1.8279804587364197]
[0.0, 1.229783058166504, 0.5603688359260559, 0.0, 0.0, 0.6894189119338989, 0.0, 0.8680533170700073, 0.0, 0.0, 1.4310302436351776, 2.2472314834594727, 0.25548630952835083, 0.0, 0.0, 0.0, 0.0, 0.0, 2.437398672103882, 0.0, 0.8271399140357971]
[0.0, 0.0, 0.4089527130126953, 1.3912740051746368, 0.0, 1.7516026496887207, 1.5081690847873688, 2.823372572660446, 0.0, 1.6792028844356537, 0.0, 1.7257390022277832, 0.3628007769584656, 1.138991355895996, 0.0, 0.6984634399414062, 2.0831247568130493, 0.0, 0.3864739239215851, 0.0, 0.0]
[0.0, 0.45136332511901855, 0.23806142807006836, 0.5171307325363159, 0.0, 0.0, 0.0, 0.6031215786933899, 1.0716526508331299, 0.0, 5.342900514602661, 0.5170380473136902, 3.1581926345825195, 0.0, 0.0, 0.0, 0.4648113548755646, 0.0, 0.0, 0.0, 0.0]
[0.0, 0.8234918713569641, 0.16379591822624207, 0.2885410785675049, 0.0, 0.0, 10.031290054321289, 0.0, 0.5463608503341675, 2.438131034374237, 0.0, 1.4513643980026245, 2.02490895986557, 0.8057770133018494, 4.190061092376709, 0.0, 1.1000807285308838, 0.0, 0.0, 2.4481361508369446, 0.0]
[0.0, 0.0, 1.8676246404647827, 1.3715291023254395, 0.0, 0.0, 0.0, 1.3917529582977295, 0.7403181791305542, 1.1000878810882568, 1.7970684170722961, 2.122337281703949, 2.113111734390259, 0.472770094871521, 0.0, 0.0, 0.0, 0.0, 0.0, 0.5248883962631226, 0.0]
[0.0, 0.31546035408973694, 0.0, 3.2685309648513794, 0.0, 3.983736515045166, 1.1743006706237793, 0.0, 0.0, 0.0, 0.30231809616088867, 1.4960099458694458, 2.0946802496910095, 1.268078774213791, 0.0, 0.0, 0.13037966191768646, 0.402903288602829, 0.0, 0.0, 0.0]
[0.0, 2.1612696647644043, 0.0, 0.0, 0.0, 0.0, 0.0, 0.0, 0.0, 1.2745230197906494, 0.0, 2.0299766063690186, 2.538727656006813, 0.9342770576477051, 0.0, 1.5911487340927124, 1.2143217325210571, 0.0, 0.9267055988311768, 0.0, 0.0]
[2.457219123840332, 1.2651389837265015, 0.8230724930763245, 0.659437820315361, 0.0, 0.0, 0.0, 1.5031784772872925, 0.0, 0.5022487640380859, 3.6016592979431152, 0.0, 1.2143689095973969, 0.0, 0.0, 0.0, 0.0, 0.0, 1.131760597229004, 0.0, 0.0]
[0.0, 0.5061925649642944, 3.246951699256897, 0.0, 0.0, 1.2985517978668213, 1.410874843597412, 0.0, 0.0, 0.6103082895278931, 0.24523675441741943, 0.0, 0.0, 0.0, 0.0, 0.6151028275489807, 0.0, 1.1456556469202042, 0.48291075229644775, 0.0, 2.2240560054779053]
[0.0, 0.0, 0.0, 0.7064626216888428, 0.9730303883552551, 0.0, 0.9128051400184631, 0.8065579533576965, 1.2483454942703247, 0.5348278880119324, 0.4604203402996063, 0.0, 3.0057637691497803, 2.2338907718658447, 2.24369478225708, 0.37491875886917114, 1.0825825929641724, 1.4634422063827515, 0.0, 0.6131307482719421, 0.8520832657814026]
[0.0, 1.7676056623458862, 2.444248378276825, 2.5676486492156982, 0.0, 3.4865268766880035, 1.1485702991485596, 0.0, 0.0, 1.6623021364212036, 0.0, 0.0, 1.536279559135437, 0.0, 0.0, 0.0, 0.0, 0.0, 0.0, 0.0, 0.0]
[0.0, 2.0246575474739075, 0.0, 0.0, 0.0, 0.0, 0.0, 0.8508991599082947, 0.9916107058525085, 0.0, 1.7490703463554382, 0.0, 0.5374147891998291, 0.4332539141178131, 0.0, 0.0, 0.0, 0.0, 0.0, 0.0, 0.33785828948020935]
[0.0, 0.27668726444244385, 0.0, 1.4970463514328003, 0.0, 0.4189925193786621, 0.0, 0.0, 2.691466450691223, 1.3036729097366333, 0.0, 1.110342264175415, 0.0, 5.120362281799316, 0.0, 0.0, 0.0, 0.0, 0.0, 1.051249384880066, 0.0]
